timestamp,time,timestamp6,time2,timestamp2,time3,timestamp3,time9
1745962980.693,0.06497693061828613,1745962980.693,0.06497693061828613,1745962980.693,0.06497693061828613,1745962980.693,0.06497693061828613
1745962980.934,0.30632686614990234,1745962980.934,0.30632686614990234,1745962980.934,0.30632686614990234,1745962980.934,0.30632686614990234
1745962981.199,0.5706334114074707,1745962981.199,0.5706334114074707,1745962981.199,0.5706334114074707,1745962981.199,0.5706334114074707
1745962981.463,0.8351039886474609,1745962981.463,0.8351039886474609,1745962981.463,0.8351039886474609,1745962981.463,0.8351039886474609
1745962981.726,1.098421335220337,1745962981.726,1.098421335220337,1745962981.726,1.098421335220337,1745962981.726,1.098421335220337
1745962981.988,1.3604466915130615,1745962981.988,1.3604466915130615,1745962981.988,1.3604466915130615,1745962981.988,1.3604466915130615
1745962982.251,1.6232945919036865,1745962982.251,1.6232945919036865,1745962982.251,1.6232945919036865,1745962982.251,1.6232945919036865
1745962982.499,1.871279001235962,1745962982.499,1.871279001235962,1745962982.499,1.871279001235962,1745962982.499,1.871279001235962
1745962982.75,2.1223509311676025,1745962982.75,2.1223509311676025,1745962982.75,2.1223509311676025,1745962982.75,2.1223509311676025
1745962983.012,2.383500576019287,1745962983.012,2.383500576019287,1745962983.012,2.383500576019287,1745962983.012,2.383500576019287
1745962983.29,2.661983013153076,1745962983.29,2.661983013153076,1745962983.29,2.661983013153076,1745962983.29,2.661983013153076
1745962983.554,2.925734043121338,1745962983.554,2.925734043121338,1745962983.554,2.925734043121338,1745962983.554,2.925734043121338
1745962983.816,3.188321828842163,1745962983.816,3.188321828842163,1745962983.816,3.188321828842163,1745962983.816,3.188321828842163
1745962984.063,3.4351484775543213,1745962984.063,3.4351484775543213,1745962984.063,3.4351484775543213,1745962984.063,3.4351484775543213
1745962984.323,3.6948282718658447,1745962984.323,3.6960463523864746,1745962984.324,3.6960463523864746,1745962984.324,3.6960463523864746
1745962984.586,3.957744598388672,1745962984.586,3.957744598388672,1745962984.586,3.957744598388672,1745962984.586,3.957744598388672
1745962984.847,4.218964099884033,1745962984.847,4.218964099884033,1745962984.847,4.218964099884033,1745962984.847,4.218964099884033
1745962985.108,4.480152606964111,1745962985.108,4.480152606964111,1745962985.108,4.480152606964111,1745962985.108,4.480152606964111
1745962985.37,4.742278814315796,1745962985.37,4.742278814315796,1745962985.37,4.742278814315796,1745962985.37,4.742278814315796
1745962985.634,5.005972623825073,1745962985.634,5.005972623825073,1745962985.634,5.005972623825073,1745962985.634,5.005972623825073
1745962985.881,5.253058671951294,1745962985.881,5.253058671951294,1745962985.881,5.253058671951294,1745962985.881,5.253058671951294
1745962986.118,5.4899139404296875,1745962986.118,5.4899139404296875,1745962986.118,5.4899139404296875,1745962986.118,5.4899139404296875
1745962986.376,5.747695207595825,1745962986.376,5.747695207595825,1745962986.376,5.747695207595825,1745962986.376,5.747695207595825
1745962986.638,6.010326147079468,1745962986.638,6.010326147079468,1745962986.638,6.010326147079468,1745962986.638,6.010326147079468
1745962986.9,6.272263526916504,1745962986.9,6.272263526916504,1745962986.9,6.272263526916504,1745962986.9,6.272263526916504
1745962987.145,6.517224073410034,1745962987.145,6.517224073410034,1745962987.145,6.517224073410034,1745962987.145,6.517224073410034
1745962987.408,6.7795326709747314,1745962987.408,6.7795326709747314,1745962987.408,6.7795326709747314,1745962987.408,6.7795326709747314
1745962987.642,7.013603448867798,1745962987.642,7.013603448867798,1745962987.642,7.013603448867798,1745962987.642,7.013603448867798
1745962987.908,7.279709100723267,1745962987.908,7.279709100723267,1745962987.908,7.279709100723267,1745962987.908,7.279709100723267
1745962988.17,7.542339563369751,1745962988.17,7.542339563369751,1745962988.17,7.542339563369751,1745962988.17,7.542339563369751
1745962988.433,7.804881811141968,1745962988.433,7.804881811141968,1745962988.433,7.804881811141968,1745962988.433,7.804881811141968
1745962988.697,8.06912112236023,1745962988.697,8.06912112236023,1745962988.697,8.06912112236023,1745962988.697,8.06912112236023
1745962988.962,8.333516836166382,1745962988.962,8.333516836166382,1745962988.962,8.333516836166382,1745962988.962,8.333516836166382
1745962989.198,8.569778203964233,1745962989.198,8.569778203964233,1745962989.198,8.569778203964233,1745962989.198,8.569778203964233
1745962989.44,8.811543703079224,1745962989.44,8.811543703079224,1745962989.44,8.811893701553345,1745962989.44,8.811893701553345
1745962989.7,9.072280406951904,1745962989.7,9.072280406951904,1745962989.7,9.072280406951904,1745962989.7,9.072280406951904
1745962989.963,9.334826707839966,1745962989.963,9.334826707839966,1745962989.963,9.334826707839966,1745962989.963,9.334826707839966
1745962990.22,9.592324495315552,1745962990.22,9.592324495315552,1745962990.22,9.592324495315552,1745962990.22,9.592324495315552
1745962990.488,9.860341787338257,1745962990.488,9.860341787338257,1745962990.488,9.860341787338257,1745962990.488,9.860341787338257
1745962990.752,10.12368655204773,1745962990.752,10.12368655204773,1745962990.752,10.12368655204773,1745962990.752,10.12368655204773
1745962991.014,10.386143922805786,1745962991.014,10.386143922805786,1745962991.014,10.386143922805786,1745962991.014,10.386143922805786
1745962991.274,10.645492315292358,1745962991.274,10.645492315292358,1745962991.274,10.645492315292358,1745962991.274,10.645492315292358
1745962991.536,10.907609462738037,1745962991.536,10.907609462738037,1745962991.536,10.907936334609985,1745962991.536,10.907936334609985
1745962991.796,11.167975902557373,1745962991.796,11.167975902557373,1745962991.796,11.167975902557373,1745962991.796,11.167975902557373
1745962992.059,11.43089509010315,1745962992.059,11.43089509010315,1745962992.059,11.43089509010315,1745962992.059,11.43089509010315
1745962992.335,11.707011699676514,1745962992.335,11.707011699676514,1745962992.335,11.707011699676514,1745962992.335,11.707011699676514
1745962992.578,11.950250387191772,1745962992.578,11.950250387191772,1745962992.578,11.950250387191772,1745962992.578,11.950250387191772
1745962992.808,12.179529190063477,1745962992.808,12.179529190063477,1745962992.808,12.179529190063477,1745962992.808,12.179529190063477
1745962993.072,12.443567991256714,1745962993.072,12.443567991256714,1745962993.072,12.443567991256714,1745962993.072,12.443567991256714
1745962993.319,12.690643072128296,1745962993.319,12.690643072128296,1745962993.319,12.690643072128296,1745962993.319,12.690643072128296
1745962993.58,12.952288389205933,1745962993.58,12.952288389205933,1745962993.58,12.952288389205933,1745962993.58,12.952288389205933
1745962993.845,13.216614007949829,1745962993.845,13.216614007949829,1745962993.845,13.216614007949829,1745962993.845,13.216614007949829
1745962994.108,13.47989296913147,1745962994.108,13.47989296913147,1745962994.108,13.47989296913147,1745962994.108,13.47989296913147
1745962994.37,13.74210262298584,1745962994.37,13.74210262298584,1745962994.37,13.74210262298584,1745962994.37,13.74210262298584
1745962994.646,14.018272161483765,1745962994.646,14.018272161483765,1745962994.646,14.018272161483765,1745962994.646,14.018272161483765
1745962994.895,14.266698837280273,1745962994.895,14.266698837280273,1745962994.895,14.266698837280273,1745962994.895,14.266698837280273
1745962995.144,14.516221523284912,1745962995.144,14.517215251922607,1745962995.145,14.517215251922607,1745962995.145,14.517215251922607
1745962995.403,14.775063037872314,1745962995.403,14.775063037872314,1745962995.403,14.775063037872314,1745962995.403,14.775063037872314
1745962995.681,15.052766799926758,1745962995.681,15.052766799926758,1745962995.681,15.05307126045227,1745962995.681,15.05307126045227
1745962995.927,15.298738718032837,1745962995.927,15.298738718032837,1745962995.927,15.298738718032837,1745962995.927,15.298738718032837
1745962996.169,15.54059648513794,1745962996.169,15.54059648513794,1745962996.169,15.54059648513794,1745962996.169,15.54059648513794
1745962996.436,15.808313369750977,1745962996.436,15.808313369750977,1745962996.436,15.808313369750977,1745962996.436,15.808313369750977
1745962996.685,16.05733585357666,1745962996.685,16.05733585357666,1745962996.685,16.05733585357666,1745962996.685,16.05733585357666
1745962996.962,16.33373260498047,1745962996.962,16.33373260498047,1745962996.962,16.33373260498047,1745962996.962,16.33373260498047
1745962997.186,16.55752968788147,1745962997.186,16.55752968788147,1745962997.186,16.55752968788147,1745962997.186,16.55752968788147
1745962997.455,16.827304363250732,1745962997.455,16.827304363250732,1745962997.455,16.827304363250732,1745962997.455,16.827304363250732
1745962997.698,17.069901704788208,1745962997.698,17.069901704788208,1745962997.698,17.069901704788208,1745962997.698,17.069901704788208
1745962997.975,17.34687876701355,1745962997.975,17.34687876701355,1745962997.975,17.34687876701355,1745962997.975,17.34687876701355
1745962998.238,17.610190868377686,1745962998.238,17.610190868377686,1745962998.238,17.610190868377686,1745962998.238,17.610190868377686
1745962998.5,17.87202501296997,1745962998.5,17.87202501296997,1745962998.5,17.87202501296997,1745962998.5,17.87202501296997
1745962998.763,18.13486933708191,1745962998.763,18.13486933708191,1745962998.763,18.13486933708191,1745962998.763,18.13486933708191
1745962999.024,18.396323442459106,1745962999.024,18.396323442459106,1745962999.024,18.396323442459106,1745962999.024,18.396323442459106
1745962999.271,18.64309048652649,1745962999.271,18.64309048652649,1745962999.271,18.64309048652649,1745962999.271,18.64309048652649
1745962999.532,18.90389084815979,1745962999.532,18.90389084815979,1745962999.532,18.90389084815979,1745962999.532,18.90389084815979
1745962999.794,19.16598892211914,1745962999.794,19.16598892211914,1745962999.794,19.16598892211914,1745962999.794,19.16598892211914
1745963000.071,19.442559003829956,1745963000.071,19.442559003829956,1745963000.071,19.442559003829956,1745963000.071,19.442559003829956
1745963000.331,19.70299005508423,1745963000.331,19.70299005508423,1745963000.331,19.70299005508423,1745963000.331,19.70299005508423
1745963000.594,19.965585231781006,1745963000.594,19.965585231781006,1745963000.594,19.965585231781006,1745963000.594,19.965585231781006
1745963000.855,20.227035760879517,1745963000.855,20.227035760879517,1745963000.855,20.227035760879517,1745963000.855,20.227035760879517
1745963001.129,20.501261472702026,1745963001.129,20.501261472702026,1745963001.129,20.501261472702026,1745963001.129,20.501261472702026
1745963001.376,20.747912883758545,1745963001.376,20.747912883758545,1745963001.376,20.747912883758545,1745963001.376,20.747912883758545
1745963001.636,21.008209943771362,1745963001.636,21.008209943771362,1745963001.636,21.008209943771362,1745963001.636,21.008209943771362
1745963001.912,21.2834951877594,1745963001.912,21.2834951877594,1745963001.912,21.283838033676147,1745963001.912,21.283838033676147
1745963002.173,21.545263051986694,1745963002.173,21.545263051986694,1745963002.173,21.545263051986694,1745963002.173,21.545263051986694
1745963002.436,21.807934045791626,1745963002.436,21.807934045791626,1745963002.436,21.807934045791626,1745963002.436,21.807934045791626
1745963002.698,22.069560766220093,1745963002.698,22.069560766220093,1745963002.698,22.069560766220093,1745963002.698,22.069560766220093
1745963002.957,22.328972339630127,1745963002.957,22.328972339630127,1745963002.957,22.328972339630127,1745963002.957,22.328972339630127
1745963003.219,22.590577363967896,1745963003.219,22.590577363967896,1745963003.219,22.590577363967896,1745963003.219,22.590577363967896
1745963003.48,22.85223913192749,1745963003.48,22.85223913192749,1745963003.48,22.85223913192749,1745963003.48,22.85223913192749
1745963003.759,23.131198167800903,1745963003.759,23.131198167800903,1745963003.759,23.131198167800903,1745963003.759,23.131198167800903
1745963004.007,23.378746032714844,1745963004.007,23.378746032714844,1745963004.007,23.378746032714844,1745963004.007,23.378746032714844
1745963004.243,23.61508297920227,1745963004.243,23.61508297920227,1745963004.243,23.61508297920227,1745963004.243,23.61508297920227
1745963004.501,23.873109817504883,1745963004.501,23.873109817504883,1745963004.501,23.873109817504883,1745963004.501,23.873109817504883
1745963004.747,24.119322299957275,1745963004.747,24.119322299957275,1745963004.747,24.119322299957275,1745963004.747,24.119322299957275
1745963005.009,24.380813360214233,1745963005.009,24.380813360214233,1745963005.009,24.380813360214233,1745963005.009,24.380813360214233
1745963005.244,24.615490913391113,1745963005.244,24.615490913391113,1745963005.244,24.615490913391113,1745963005.244,24.615490913391113
1745963005.486,24.858081817626953,1745963005.486,24.858081817626953,1745963005.486,24.858081817626953,1745963005.486,24.858081817626953
1745963005.746,25.118050813674927,1745963005.746,25.118050813674927,1745963005.746,25.118050813674927,1745963005.746,25.118050813674927
1745963005.989,25.361138343811035,1745963005.989,25.361138343811035,1745963005.989,25.361138343811035,1745963005.989,25.361138343811035
1745963006.242,25.614173889160156,1745963006.242,25.614173889160156,1745963006.242,25.614173889160156,1745963006.242,25.614173889160156
1745963006.502,25.87411665916443,1745963006.502,25.87411665916443,1745963006.502,25.87411665916443,1745963006.502,25.87411665916443
1745963006.752,26.123709678649902,1745963006.752,26.123709678649902,1745963006.752,26.123709678649902,1745963006.752,26.123709678649902
1745963007.015,26.386921167373657,1745963007.015,26.386921167373657,1745963007.015,26.386921167373657,1745963007.015,26.386921167373657
1745963007.279,26.650983572006226,1745963007.279,26.650983572006226,1745963007.279,26.650983572006226,1745963007.279,26.650983572006226
1745963007.542,26.913858652114868,1745963007.542,26.913858652114868,1745963007.542,26.913858652114868,1745963007.542,26.913858652114868
1745963007.817,27.189387321472168,1745963007.817,27.189387321472168,1745963007.817,27.189387321472168,1745963007.817,27.189387321472168
1745963008.08,27.45189595222473,1745963008.08,27.45189595222473,1745963008.08,27.45189595222473,1745963008.08,27.45189595222473
1745963008.315,27.687158584594727,1745963008.315,27.687158584594727,1745963008.315,27.687158584594727,1745963008.315,27.687158584594727
1745963008.575,27.94666051864624,1745963008.575,27.94666051864624,1745963008.575,27.94666051864624,1745963008.575,27.94666051864624
1745963008.853,28.224616527557373,1745963008.853,28.224616527557373,1745963008.853,28.224616527557373,1745963008.853,28.224616527557373
1745963009.098,28.470196962356567,1745963009.098,28.470196962356567,1745963009.098,28.470196962356567,1745963009.098,28.470196962356567
1745963009.362,28.734240770339966,1745963009.362,28.734240770339966,1745963009.362,28.734240770339966,1745963009.362,28.734240770339966
1745963009.609,28.98127055168152,1745963009.609,28.98127055168152,1745963009.609,28.98127055168152,1745963009.609,28.98127055168152
1745963009.871,29.24291229248047,1745963009.871,29.24291229248047,1745963009.871,29.24291229248047,1745963009.871,29.24291229248047
1745963010.132,29.50435471534729,1745963010.132,29.50435471534729,1745963010.132,29.50435471534729,1745963010.132,29.50435471534729
1745963010.383,29.75481128692627,1745963010.383,29.75481128692627,1745963010.383,29.75481128692627,1745963010.383,29.75481128692627
1745963010.626,29.998120069503784,1745963010.626,29.998120069503784,1745963010.626,29.998120069503784,1745963010.626,29.998120069503784
1745963010.874,30.2455792427063,1745963010.874,30.2455792427063,1745963010.874,30.2455792427063,1745963010.874,30.2455792427063
1745963011.134,30.506265878677368,1745963011.134,30.506265878677368,1745963011.134,30.506265878677368,1745963011.134,30.506265878677368
1745963011.355,30.727447986602783,1745963011.355,30.727447986602783,1745963011.355,30.727447986602783,1745963011.355,30.727447986602783
1745963011.617,30.9885036945343,1745963011.617,30.9885036945343,1745963011.617,30.9885036945343,1745963011.617,30.9885036945343
1745963011.877,31.249000549316406,1745963011.877,31.249000549316406,1745963011.877,31.249000549316406,1745963011.877,31.249000549316406
1745963012.14,31.511932849884033,1745963012.14,31.511932849884033,1745963012.14,31.511932849884033,1745963012.14,31.511932849884033
1745963012.402,31.77360200881958,1745963012.402,31.77360200881958,1745963012.402,31.77360200881958,1745963012.402,31.77360200881958
1745963012.677,32.04946279525757,1745963012.677,32.04946279525757,1745963012.677,32.04946279525757,1745963012.677,32.04946279525757
1745963012.94,32.31196618080139,1745963012.94,32.31196618080139,1745963012.94,32.31196618080139,1745963012.94,32.31196618080139
1745963013.201,32.572946548461914,1745963013.201,32.572946548461914,1745963013.201,32.572946548461914,1745963013.201,32.572946548461914
1745963013.435,32.80675148963928,1745963013.435,32.80675148963928,1745963013.435,32.80675148963928,1745963013.435,32.80675148963928
1745963013.707,33.07889413833618,1745963013.707,33.07889413833618,1745963013.707,33.07889413833618,1745963013.707,33.07889413833618
1745963013.954,33.32639241218567,1745963013.954,33.32639241218567,1745963013.954,33.32639241218567,1745963013.954,33.32639241218567
1745963014.215,33.58689522743225,1745963014.215,33.58689522743225,1745963014.215,33.58689522743225,1745963014.215,33.58689522743225
1745963014.476,33.848220109939575,1745963014.476,33.848220109939575,1745963014.476,33.848220109939575,1745963014.476,33.848220109939575
1745963014.737,34.10909986495972,1745963014.737,34.10909986495972,1745963014.737,34.10909986495972,1745963014.737,34.10909986495972
1745963015.0,34.37180519104004,1745963015.0,34.37180519104004,1745963015.0,34.37180519104004,1745963015.0,34.37180519104004
1745963015.262,34.634320974349976,1745963015.262,34.634320974349976,1745963015.262,34.634320974349976,1745963015.262,34.634320974349976
1745963015.539,34.911176681518555,1745963015.539,34.911176681518555,1745963015.539,34.911176681518555,1745963015.539,34.911176681518555
1745963015.788,35.15957570075989,1745963015.788,35.15957570075989,1745963015.788,35.15957570075989,1745963015.788,35.15957570075989
1745963016.036,35.40803790092468,1745963016.036,35.40803790092468,1745963016.036,35.40803790092468,1745963016.036,35.40803790092468
1745963016.297,35.66849422454834,1745963016.297,35.66849422454834,1745963016.297,35.66849422454834,1745963016.297,35.66849422454834
1745963016.558,35.92993664741516,1745963016.558,35.92993664741516,1745963016.558,35.92993664741516,1745963016.558,35.92993664741516
1745963016.835,36.20686388015747,1745963016.835,36.20686388015747,1745963016.835,36.20686388015747,1745963016.835,36.20686388015747
1745963017.096,36.467844009399414,1745963017.096,36.467844009399414,1745963017.096,36.467844009399414,1745963017.096,36.467844009399414
1745963017.358,36.72978186607361,1745963017.358,36.72978186607361,1745963017.358,36.72978186607361,1745963017.358,36.72978186607361
1745963017.635,37.006673097610474,1745963017.635,37.006673097610474,1745963017.635,37.006673097610474,1745963017.635,37.006673097610474
1745963017.897,37.26851558685303,1745963017.897,37.26851558685303,1745963017.897,37.26851558685303,1745963017.897,37.26851558685303
1745963018.143,37.514663219451904,1745963018.143,37.514663219451904,1745963018.143,37.514663219451904,1745963018.143,37.514663219451904
1745963018.403,37.77518892288208,1745963018.403,37.77518892288208,1745963018.403,37.77518892288208,1745963018.403,37.77518892288208
1745963018.665,38.03729486465454,1745963018.665,38.03729486465454,1745963018.665,38.03729486465454,1745963018.665,38.03729486465454
1745963018.926,38.29760408401489,1745963018.926,38.29760408401489,1745963018.926,38.29760408401489,1745963018.926,38.29760408401489
1745963019.187,38.55928111076355,1745963019.187,38.55928111076355,1745963019.187,38.55928111076355,1745963019.187,38.55928111076355
1745963019.451,38.822805881500244,1745963019.451,38.822805881500244,1745963019.451,38.822805881500244,1745963019.451,38.822805881500244
1745963019.727,39.099183082580566,1745963019.727,39.099183082580566,1745963019.727,39.099183082580566,1745963019.727,39.099183082580566
1745963019.989,39.36095666885376,1745963019.989,39.36095666885376,1745963019.989,39.36095666885376,1745963019.989,39.36095666885376
1745963020.252,39.62354779243469,1745963020.252,39.62354779243469,1745963020.252,39.62354779243469,1745963020.252,39.62354779243469
1745963020.487,39.85857653617859,1745963020.487,39.85857653617859,1745963020.487,39.85857653617859,1745963020.487,39.85857653617859
1745963020.759,40.13072919845581,1745963020.759,40.13072919845581,1745963020.759,40.13072919845581,1745963020.759,40.13072919845581
1745963021.005,40.37652349472046,1745963021.005,40.37652349472046,1745963021.005,40.37652349472046,1745963021.005,40.37652349472046
1745963021.268,40.64034175872803,1745963021.268,40.64034175872803,1745963021.268,40.64034175872803,1745963021.268,40.64034175872803
1745963021.515,40.88657999038696,1745963021.515,40.88657999038696,1745963021.515,40.88657999038696,1745963021.515,40.88657999038696
1745963021.776,41.14784574508667,1745963021.776,41.14784574508667,1745963021.776,41.14784574508667,1745963021.776,41.14784574508667
1745963022.037,41.40932297706604,1745963022.037,41.40932297706604,1745963022.037,41.40932297706604,1745963022.037,41.40932297706604
1745963022.299,41.67065143585205,1745963022.299,41.67065143585205,1745963022.299,41.67065143585205,1745963022.299,41.67065143585205
1745963022.56,41.93166208267212,1745963022.56,41.93166208267212,1745963022.56,41.93166208267212,1745963022.56,41.93166208267212
1745963022.837,42.20931005477905,1745963022.838,42.20971083641052,1745963022.838,42.20971083641052,1745963022.838,42.20971083641052
1745963023.074,42.44584321975708,1745963023.074,42.44584321975708,1745963023.074,42.44584321975708,1745963023.074,42.44584321975708
1745963023.35,42.721991777420044,1745963023.35,42.721991777420044,1745963023.35,42.721991777420044,1745963023.35,42.721991777420044
1745963023.612,42.98426008224487,1745963023.612,42.98426008224487,1745963023.612,42.98426008224487,1745963023.612,42.98426008224487
1745963023.875,43.24740529060364,1745963023.875,43.24740529060364,1745963023.875,43.24740529060364,1745963023.875,43.24740529060364
1745963024.139,43.51108503341675,1745963024.139,43.51108503341675,1745963024.139,43.51108503341675,1745963024.139,43.51108503341675
1745963024.386,43.75763726234436,1745963024.386,43.75763726234436,1745963024.386,43.75763726234436,1745963024.386,43.75763726234436
1745963024.647,44.01930594444275,1745963024.647,44.01930594444275,1745963024.647,44.01930594444275,1745963024.647,44.01930594444275
1745963024.893,44.265265464782715,1745963024.893,44.265265464782715,1745963024.893,44.26587748527527,1745963024.894,44.26587748527527
1745963025.124,44.49614143371582,1745963025.124,44.49614143371582,1745963025.124,44.49614143371582,1745963025.124,44.49614143371582
1745963025.37,44.74196147918701,1745963025.37,44.74196147918701,1745963025.37,44.74196147918701,1745963025.37,44.74196147918701
1745963025.63,45.00186085700989,1745963025.63,45.00186085700989,1745963025.63,45.00186085700989,1745963025.63,45.00186085700989
1745963025.879,45.250893354415894,1745963025.879,45.250893354415894,1745963025.879,45.250893354415894,1745963025.879,45.250893354415894
1745963026.143,45.515129804611206,1745963026.143,45.515129804611206,1745963026.143,45.515129804611206,1745963026.143,45.515129804611206
1745963026.391,45.76329755783081,1745963026.391,45.76329755783081,1745963026.391,45.76329755783081,1745963026.391,45.76329755783081
1745963026.638,46.010298013687134,1745963026.638,46.010298013687134,1745963026.638,46.010298013687134,1745963026.638,46.010298013687134
1745963026.903,46.2745623588562,1745963026.903,46.27472805976868,1745963026.903,46.27472805976868,1745963026.903,46.27472805976868
1745963027.164,46.536381483078,1745963027.164,46.536381483078,1745963027.164,46.536381483078,1745963027.164,46.536381483078
1745963027.427,46.79940342903137,1745963027.427,46.79940342903137,1745963027.427,46.79940342903137,1745963027.427,46.79940342903137
1745963027.673,47.04457187652588,1745963027.673,47.04457187652588,1745963027.673,47.04457187652588,1745963027.673,47.04457187652588
1745963027.936,47.30792450904846,1745963027.936,47.30792450904846,1745963027.936,47.30792450904846,1745963027.936,47.30792450904846
1745963028.212,47.58388328552246,1745963028.212,47.58388328552246,1745963028.212,47.58388328552246,1745963028.212,47.58388328552246
1745963028.475,47.8465473651886,1745963028.475,47.8465473651886,1745963028.475,47.8465473651886,1745963028.475,47.8465473651886
1745963028.738,48.10973501205444,1745963028.738,48.10973501205444,1745963028.738,48.10973501205444,1745963028.738,48.10973501205444
1745963028.985,48.357078552246094,1745963028.985,48.357078552246094,1745963028.985,48.357078552246094,1745963028.985,48.357078552246094
1745963029.248,48.6198616027832,1745963029.248,48.6198616027832,1745963029.248,48.6198616027832,1745963029.248,48.6198616027832
1745963029.511,48.88343358039856,1745963029.511,48.88343358039856,1745963029.511,48.88343358039856,1745963029.511,48.88343358039856
1745963029.789,49.161176919937134,1745963029.789,49.161176919937134,1745963029.789,49.161176919937134,1745963029.789,49.161176919937134
1745963030.05,49.421956062316895,1745963030.05,49.421956062316895,1745963030.05,49.421956062316895,1745963030.05,49.421956062316895
1745963030.313,49.68506598472595,1745963030.313,49.68506598472595,1745963030.313,49.68506598472595,1745963030.313,49.68506598472595
1745963030.56,49.932241678237915,1745963030.56,49.932241678237915,1745963030.56,49.932241678237915,1745963030.56,49.932241678237915
1745963030.822,50.1943633556366,1745963030.822,50.1943633556366,1745963030.822,50.1943633556366,1745963030.822,50.1943633556366
1745963031.071,50.44338870048523,1745963031.071,50.44338870048523,1745963031.071,50.44338870048523,1745963031.071,50.44338870048523
1745963031.321,50.69321918487549,1745963031.321,50.69321918487549,1745963031.321,50.69321918487549,1745963031.321,50.69321918487549
1745963031.571,50.94274353981018,1745963031.571,50.94274353981018,1745963031.571,50.94274353981018,1745963031.571,50.94274353981018
1745963031.835,51.206780672073364,1745963031.835,51.206780672073364,1745963031.835,51.206780672073364,1745963031.835,51.206780672073364
1745963032.08,51.45203900337219,1745963032.08,51.45203900337219,1745963032.08,51.45203900337219,1745963032.08,51.45203900337219
1745963032.341,51.71314454078674,1745963032.341,51.71314454078674,1745963032.341,51.71314454078674,1745963032.341,51.71314454078674
1745963032.591,51.963149547576904,1745963032.591,51.963149547576904,1745963032.591,51.963149547576904,1745963032.591,51.963149547576904
1745963032.869,52.24050307273865,1745963032.869,52.24050307273865,1745963032.869,52.24050307273865,1745963032.869,52.24050307273865
1745963033.114,52.48625326156616,1745963033.114,52.48625326156616,1745963033.114,52.48625326156616,1745963033.114,52.48625326156616
1745963033.376,52.74815607070923,1745963033.376,52.74815607070923,1745963033.376,52.74815607070923,1745963033.376,52.74815607070923
1745963033.612,52.9838809967041,1745963033.612,52.9838809967041,1745963033.612,52.9838809967041,1745963033.612,52.9838809967041
1745963033.861,53.233036279678345,1745963033.861,53.233036279678345,1745963033.861,53.233036279678345,1745963033.861,53.233036279678345
1745963034.122,53.4935986995697,1745963034.122,53.4935986995697,1745963034.122,53.4935986995697,1745963034.122,53.4935986995697
1745963034.385,53.75666427612305,1745963034.385,53.75666427612305,1745963034.385,53.75666427612305,1745963034.385,53.75666427612305
1745963034.617,53.98934507369995,1745963034.617,53.98934507369995,1745963034.617,53.98934507369995,1745963034.617,53.98934507369995
1745963034.878,54.25021052360535,1745963034.878,54.25021052360535,1745963034.878,54.25021052360535,1745963034.878,54.25021052360535
1745963035.14,54.51201272010803,1745963035.14,54.51201272010803,1745963035.14,54.51201272010803,1745963035.14,54.51201272010803
1745963035.388,54.76033091545105,1745963035.388,54.76033091545105,1745963035.388,54.76033091545105,1745963035.388,54.76033091545105
1745963035.648,55.020164489746094,1745963035.648,55.020164489746094,1745963035.648,55.020164489746094,1745963035.648,55.020164489746094
1745963035.893,55.26537823677063,1745963035.893,55.26537823677063,1745963035.893,55.26537823677063,1745963035.893,55.26537823677063
1745963036.158,55.529719829559326,1745963036.158,55.529719829559326,1745963036.158,55.529719829559326,1745963036.158,55.529719829559326
1745963036.42,55.79180908203125,1745963036.42,55.79180908203125,1745963036.42,55.79180908203125,1745963036.42,55.79180908203125
1745963036.672,56.04439735412598,1745963036.672,56.04439735412598,1745963036.672,56.04439735412598,1745963036.672,56.04439735412598
1745963036.942,56.31417536735535,1745963036.942,56.31417536735535,1745963036.942,56.31417536735535,1745963036.942,56.31417536735535
1745963037.203,56.574626445770264,1745963037.203,56.574626445770264,1745963037.203,56.574626445770264,1745963037.203,56.574626445770264
1745963037.464,56.83569025993347,1745963037.464,56.83569025993347,1745963037.464,56.83569025993347,1745963037.464,56.83569025993347
1745963037.726,57.09751772880554,1745963037.726,57.09751772880554,1745963037.726,57.09751772880554,1745963037.726,57.09751772880554
1745963037.988,57.360260248184204,1745963037.988,57.360260248184204,1745963037.988,57.360260248184204,1745963037.988,57.360260248184204
1745963038.249,57.62050724029541,1745963038.249,57.62050724029541,1745963038.249,57.62050724029541,1745963038.249,57.62050724029541
1745963038.484,57.855868339538574,1745963038.484,57.855868339538574,1745963038.484,57.855868339538574,1745963038.484,57.855868339538574
1745963038.737,58.10928821563721,1745963038.737,58.10928821563721,1745963038.737,58.10928821563721,1745963038.737,58.10928821563721
1745963038.998,58.370306968688965,1745963038.998,58.370306968688965,1745963038.998,58.370306968688965,1745963038.998,58.370306968688965
1745963039.26,58.63241267204285,1745963039.26,58.63241267204285,1745963039.26,58.63281989097595,1745963039.261,58.63281989097595
1745963039.511,58.88334774971008,1745963039.511,58.88334774971008,1745963039.511,58.88334774971008,1745963039.511,58.88334774971008
1745963039.785,59.1573760509491,1745963039.785,59.1573760509491,1745963039.785,59.1573760509491,1745963039.785,59.1573760509491
1745963040.035,59.40664339065552,1745963040.035,59.40664339065552,1745963040.035,59.40664339065552,1745963040.035,59.40664339065552
1745963040.295,59.66725134849548,1745963040.295,59.66725134849548,1745963040.295,59.66725134849548,1745963040.295,59.66725134849548
1745963040.571,59.94335865974426,1745963040.571,59.94335865974426,1745963040.571,59.94335865974426,1745963040.571,59.94335865974426
1745963040.818,60.1900749206543,1745963040.818,60.1900749206543,1745963040.818,60.1900749206543,1745963040.818,60.1900749206543
1745963041.078,60.450199842453,1745963041.078,60.450199842453,1745963041.078,60.450199842453,1745963041.078,60.450199842453
1745963041.34,60.71207809448242,1745963041.34,60.71207809448242,1745963041.34,60.71207809448242,1745963041.34,60.71207809448242
1745963041.619,60.99048900604248,1745963041.619,60.99048900604248,1745963041.619,60.99048900604248,1745963041.619,60.99048900604248
1745963041.881,61.252899408340454,1745963041.881,61.252899408340454,1745963041.881,61.252899408340454,1745963041.881,61.252899408340454
1745963042.14,61.51205015182495,1745963042.14,61.51205015182495,1745963042.14,61.51205015182495,1745963042.14,61.51205015182495
1745963042.402,61.7742919921875,1745963042.402,61.7742919921875,1745963042.402,61.7742919921875,1745963042.402,61.7742919921875
1745963042.679,62.05125880241394,1745963042.679,62.05125880241394,1745963042.679,62.05125880241394,1745963042.679,62.05125880241394
1745963042.94,62.3124725818634,1745963042.94,62.3124725818634,1745963042.94,62.3124725818634,1745963042.94,62.3124725818634
1745963043.204,62.57614612579346,1745963043.204,62.57614612579346,1745963043.204,62.57614612579346,1745963043.204,62.57614612579346
1745963043.464,62.835742473602295,1745963043.464,62.835742473602295,1745963043.464,62.835742473602295,1745963043.464,62.835742473602295
1745963043.727,63.09895658493042,1745963043.727,63.09895658493042,1745963043.727,63.09895658493042,1745963043.727,63.09895658493042
1745963043.985,63.35744380950928,1745963043.985,63.35744380950928,1745963043.985,63.35744380950928,1745963043.985,63.35744380950928
1745963044.248,63.62024426460266,1745963044.248,63.62024426460266,1745963044.248,63.62024426460266,1745963044.248,63.62024426460266
1745963044.509,63.88111114501953,1745963044.509,63.88111114501953,1745963044.509,63.88111114501953,1745963044.509,63.88111114501953
1745963044.75,64.12171697616577,1745963044.75,64.12171697616577,1745963044.75,64.12171697616577,1745963044.75,64.12171697616577
1745963045.017,64.38933897018433,1745963045.017,64.38933897018433,1745963045.017,64.38933897018433,1745963045.017,64.38933897018433
1745963045.28,64.65156030654907,1745963045.28,64.65156030654907,1745963045.28,64.65156030654907,1745963045.28,64.65156030654907
1745963045.554,64.92627048492432,1745963045.554,64.92627048492432,1745963045.554,64.92627048492432,1745963045.554,64.92627048492432
1745963045.803,65.17546558380127,1745963045.803,65.17546558380127,1745963045.803,65.17546558380127,1745963045.803,65.17546558380127
1745963046.059,65.43072509765625,1745963046.059,65.43072509765625,1745963046.059,65.43072509765625,1745963046.059,65.43072509765625
1745963046.322,65.69434928894043,1745963046.322,65.69434928894043,1745963046.322,65.69434928894043,1745963046.322,65.69434928894043
1745963046.584,65.95641326904297,1745963046.584,65.95641326904297,1745963046.584,65.95641326904297,1745963046.584,65.95641326904297
1745963046.823,66.19510340690613,1745963046.823,66.19510340690613,1745963046.823,66.19510340690613,1745963046.823,66.19510340690613
1745963047.08,66.45163178443909,1745963047.08,66.45163178443909,1745963047.08,66.45163178443909,1745963047.08,66.45163178443909
1745963047.342,66.71418690681458,1745963047.342,66.71418690681458,1745963047.342,66.71418690681458,1745963047.342,66.71418690681458
1745963047.593,66.96529960632324,1745963047.593,66.96529960632324,1745963047.593,66.96529960632324,1745963047.593,66.96529960632324
1745963047.844,67.21610879898071,1745963047.844,67.21610879898071,1745963047.844,67.21610879898071,1745963047.844,67.21610879898071
1745963048.112,67.48357629776001,1745963048.112,67.48357629776001,1745963048.112,67.48357629776001,1745963048.112,67.48357629776001
1745963048.356,67.72803711891174,1745963048.356,67.72803711891174,1745963048.356,67.72803711891174,1745963048.356,67.72803711891174
1745963048.612,67.98392605781555,1745963048.612,67.98392605781555,1745963048.612,67.9848701953888,1745963048.613,67.9848701953888
1745963048.846,68.21841359138489,1745963048.846,68.21841359138489,1745963048.846,68.21841359138489,1745963048.846,68.21841359138489
1745963049.115,68.48648738861084,1745963049.115,68.48648738861084,1745963049.115,68.48648738861084,1745963049.115,68.48648738861084
1745963049.375,68.74650812149048,1745963049.375,68.74650812149048,1745963049.375,68.74650812149048,1745963049.375,68.74650812149048
1745963049.611,68.9827516078949,1745963049.611,68.9827516078949,1745963049.611,68.9827516078949,1745963049.611,68.9827516078949
1745963049.87,69.24263715744019,1745963049.871,69.24263715744019,1745963049.871,69.24263715744019,1745963049.871,69.24263715744019
1745963050.127,69.49881935119629,1745963050.127,69.49881935119629,1745963050.127,69.49881935119629,1745963050.127,69.49881935119629
1745963050.388,69.76021218299866,1745963050.388,69.76021218299866,1745963050.388,69.76021218299866,1745963050.388,69.76021218299866
1745963050.64,70.01162838935852,1745963050.64,70.01162838935852,1745963050.64,70.01162838935852,1745963050.64,70.01162838935852
1745963050.892,70.2638578414917,1745963050.892,70.2638578414917,1745963050.892,70.2638578414917,1745963050.892,70.2638578414917
1745963051.164,70.53558802604675,1745963051.164,70.53558802604675,1745963051.164,70.53558802604675,1745963051.164,70.53558802604675
1745963051.392,70.7641053199768,1745963051.392,70.7641053199768,1745963051.392,70.7641053199768,1745963051.392,70.7641053199768
1745963051.653,71.02507185935974,1745963051.653,71.02507185935974,1745963051.653,71.02507185935974,1745963051.653,71.02507185935974
1745963051.906,71.27826809883118,1745963051.906,71.27826809883118,1745963051.906,71.27922630310059,1745963051.907,71.27922630310059
1745963052.163,71.53472113609314,1745963052.163,71.53472113609314,1745963052.163,71.53472113609314,1745963052.163,71.53472113609314
1745963052.425,71.79693150520325,1745963052.425,71.79693150520325,1745963052.425,71.79693150520325,1745963052.425,71.79693150520325
1745963052.69,72.06193780899048,1745963052.69,72.06193780899048,1745963052.69,72.06193780899048,1745963052.69,72.06193780899048
1745963052.952,72.32379579544067,1745963052.952,72.32379579544067,1745963052.952,72.32379579544067,1745963052.952,72.32379579544067
1745963053.213,72.58510637283325,1745963053.213,72.58510637283325,1745963053.213,72.58510637283325,1745963053.213,72.58510637283325
1745963053.476,72.84778833389282,1745963053.476,72.84778833389282,1745963053.476,72.84778833389282,1745963053.476,72.84778833389282
1745963053.739,73.11060547828674,1745963053.739,73.11060547828674,1745963053.739,73.11060547828674,1745963053.739,73.11060547828674
1745963053.988,73.35974383354187,1745963053.988,73.35974383354187,1745963053.988,73.35974383354187,1745963053.988,73.35974383354187
1745963054.236,73.60776162147522,1745963054.236,73.60776162147522,1745963054.236,73.60776162147522,1745963054.236,73.60776162147522
1745963054.5,73.87189650535583,1745963054.5,73.87189650535583,1745963054.5,73.87189650535583,1745963054.5,73.87189650535583
1745963054.774,74.14607691764832,1745963054.774,74.14607691764832,1745963054.774,74.14607691764832,1745963054.774,74.14607691764832
1745963055.021,74.39280939102173,1745963055.021,74.39280939102173,1745963055.021,74.39280939102173,1745963055.021,74.39280939102173
1745963055.283,74.65508556365967,1745963055.283,74.65508556365967,1745963055.283,74.65508556365967,1745963055.283,74.65508556365967
1745963055.547,74.91864228248596,1745963055.547,74.91864228248596,1745963055.547,74.91864228248596,1745963055.547,74.91864228248596
1745963055.809,75.18074631690979,1745963055.809,75.18074631690979,1745963055.809,75.18074631690979,1745963055.809,75.18074631690979
1745963056.071,75.44275403022766,1745963056.071,75.44275403022766,1745963056.071,75.44275403022766,1745963056.071,75.44275403022766
1745963056.331,75.70335173606873,1745963056.331,75.70335173606873,1745963056.331,75.70335173606873,1745963056.331,75.70335173606873
1745963056.596,75.96815896034241,1745963056.596,75.96815896034241,1745963056.596,75.96815896034241,1745963056.596,75.96815896034241
1745963056.86,76.23173642158508,1745963056.86,76.23173642158508,1745963056.86,76.23173642158508,1745963056.86,76.23173642158508
1745963057.123,76.49513721466064,1745963057.123,76.49513721466064,1745963057.123,76.49513721466064,1745963057.123,76.49513721466064
1745963057.371,76.74336290359497,1745963057.371,76.74336290359497,1745963057.371,76.74336290359497,1745963057.371,76.74336290359497
1745963057.646,77.0177812576294,1745963057.646,77.0177812576294,1745963057.646,77.0177812576294,1745963057.646,77.0177812576294
1745963057.911,77.28323459625244,1745963057.911,77.28323459625244,1745963057.911,77.28323459625244,1745963057.911,77.28323459625244
1745963058.178,77.54972171783447,1745963058.178,77.54972171783447,1745963058.178,77.54972171783447,1745963058.178,77.54972171783447
1745963058.44,77.81191849708557,1745963058.44,77.81191849708557,1745963058.44,77.81191849708557,1745963058.44,77.81191849708557
1745963058.691,78.06293106079102,1745963058.691,78.06293106079102,1745963058.691,78.06293106079102,1745963058.691,78.06293106079102
1745963058.949,78.32127475738525,1745963058.949,78.32127475738525,1745963058.949,78.32127475738525,1745963058.949,78.32127475738525
1745963059.212,78.58404278755188,1745963059.212,78.58404278755188,1745963059.212,78.58404278755188,1745963059.212,78.58404278755188
1745963059.475,78.84744691848755,1745963059.475,78.84744691848755,1745963059.475,78.84744691848755,1745963059.475,78.84744691848755
1745963059.71,79.0824511051178,1745963059.71,79.0824511051178,1745963059.71,79.0824511051178,1745963059.71,79.0824511051178
1745963059.97,79.34199452400208,1745963059.97,79.34199452400208,1745963059.97,79.34199452400208,1745963059.97,79.34199452400208
1745963060.232,79.60379934310913,1745963060.232,79.60379934310913,1745963060.232,79.60379934310913,1745963060.232,79.60379934310913
1745963060.493,79.86536645889282,1745963060.493,79.86536645889282,1745963060.493,79.86536645889282,1745963060.493,79.86581635475159
1745963060.743,80.11490845680237,1745963060.743,80.11490845680237,1745963060.743,80.11490845680237,1745963060.743,80.11490845680237
1745963060.99,80.36189317703247,1745963060.99,80.36189317703247,1745963060.99,80.36189317703247,1745963060.99,80.36189317703247
1745963061.251,80.62284898757935,1745963061.251,80.62284898757935,1745963061.251,80.62284898757935,1745963061.251,80.62284898757935
1745963061.514,80.8855390548706,1745963061.514,80.8855390548706,1745963061.514,80.8855390548706,1745963061.514,80.8855390548706
1745963061.761,81.1330361366272,1745963061.761,81.1330361366272,1745963061.761,81.1330361366272,1745963061.761,81.1330361366272
1745963062.023,81.3951153755188,1745963062.023,81.3951153755188,1745963062.023,81.3951153755188,1745963062.023,81.3951153755188
1745963062.286,81.65754461288452,1745963062.286,81.65754461288452,1745963062.286,81.65754461288452,1745963062.286,81.65754461288452
1745963062.534,81.90639305114746,1745963062.534,81.90639305114746,1745963062.534,81.90639305114746,1745963062.534,81.90639305114746
1745963062.797,82.16868448257446,1745963062.797,82.16868448257446,1745963062.797,82.16868448257446,1745963062.797,82.16868448257446
1745963063.042,82.41438007354736,1745963063.042,82.41438007354736,1745963063.042,82.41438007354736,1745963063.042,82.41438007354736
1745963063.32,82.69163060188293,1745963063.32,82.69163060188293,1745963063.32,82.69163060188293,1745963063.32,82.69163060188293
1745963063.581,82.95346999168396,1745963063.581,82.95346999168396,1745963063.581,82.95346999168396,1745963063.581,82.95346999168396
1745963063.844,83.21565508842468,1745963063.844,83.21565508842468,1745963063.844,83.21565508842468,1745963063.844,83.21565508842468
1745963064.107,83.47914862632751,1745963064.107,83.47914862632751,1745963064.107,83.47914862632751,1745963064.107,83.47914862632751
