timestamp,time,timestamp6,time2,timestamp2,time3,timestamp3,time9
1745963487.582,0.06362533569335938,1745963487.582,0.06362533569335938,1745963487.582,0.06362533569335938,1745963487.582,0.06362533569335938
1745963487.822,0.3035910129547119,1745963487.822,0.3035910129547119,1745963487.822,0.3035910129547119,1745963487.822,0.3035910129547119
1745963488.083,0.5638694763183594,1745963488.083,0.5638694763183594,1745963488.083,0.5638694763183594,1745963488.083,0.5638694763183594
1745963488.344,0.8252248764038086,1745963488.344,0.8252248764038086,1745963488.344,0.8252248764038086,1745963488.344,0.8252248764038086
1745963488.608,1.0894627571105957,1745963488.608,1.0894627571105957,1745963488.608,1.0894627571105957,1745963488.608,1.0894627571105957
1745963488.872,1.353041410446167,1745963488.872,1.353041410446167,1745963488.872,1.353041410446167,1745963488.872,1.353041410446167
1745963489.123,1.6038296222686768,1745963489.123,1.6038296222686768,1745963489.123,1.6038296222686768,1745963489.123,1.6038296222686768
1745963489.399,1.880218744277954,1745963489.399,1.880218744277954,1745963489.399,1.880218744277954,1745963489.399,1.880218744277954
1745963489.654,2.134861946105957,1745963489.654,2.134861946105957,1745963489.654,2.134861946105957,1745963489.654,2.134861946105957
1745963489.905,2.3857779502868652,1745963489.905,2.3857779502868652,1745963489.905,2.3857779502868652,1745963489.905,2.3857779502868652
1745963490.153,2.6338603496551514,1745963490.153,2.6338603496551514,1745963490.153,2.6338603496551514,1745963490.153,2.6338603496551514
1745963490.416,2.897458553314209,1745963490.416,2.897458553314209,1745963490.416,2.897458553314209,1745963490.416,2.897458553314209
1745963490.677,3.1585628986358643,1745963490.677,3.1585628986358643,1745963490.677,3.1585628986358643,1745963490.677,3.1585628986358643
1745963490.938,3.4193315505981445,1745963490.938,3.4193315505981445,1745963490.938,3.4193315505981445,1745963490.938,3.4193315505981445
1745963491.198,3.6795480251312256,1745963491.198,3.6795480251312256,1745963491.198,3.6795480251312256,1745963491.198,3.6795480251312256
1745963491.474,3.95530366897583,1745963491.474,3.95530366897583,1745963491.474,3.95530366897583,1745963491.474,3.95530366897583
1745963491.721,4.202059030532837,1745963491.721,4.202059030532837,1745963491.721,4.202059030532837,1745963491.721,4.202059030532837
1745963491.983,4.463888168334961,1745963491.983,4.463888168334961,1745963491.983,4.463888168334961,1745963491.983,4.463888168334961
1745963492.246,4.726794958114624,1745963492.246,4.726794958114624,1745963492.246,4.726794958114624,1745963492.246,4.726794958114624
1745963492.506,4.987578868865967,1745963492.506,4.987578868865967,1745963492.506,4.987578868865967,1745963492.506,4.987578868865967
1745963492.768,5.248875379562378,1745963492.768,5.248875379562378,1745963492.768,5.248875379562378,1745963492.768,5.248875379562378
1745963493.029,5.510029077529907,1745963493.029,5.510029077529907,1745963493.029,5.510029077529907,1745963493.029,5.510029077529907
1745963493.308,5.789406061172485,1745963493.308,5.789406061172485,1745963493.308,5.789406061172485,1745963493.308,5.789406061172485
1745963493.583,6.063811302185059,1745963493.583,6.063811302185059,1745963493.583,6.063811302185059,1745963493.583,6.063811302185059
1745963493.845,6.326175928115845,1745963493.845,6.326175928115845,1745963493.845,6.326175928115845,1745963493.845,6.326175928115845
1745963494.107,6.588424205780029,1745963494.107,6.588424205780029,1745963494.107,6.588424205780029,1745963494.107,6.588424205780029
1745963494.372,6.852860689163208,1745963494.372,6.852860689163208,1745963494.372,6.852860689163208,1745963494.372,6.852860689163208
1745963494.634,7.115075588226318,1745963494.634,7.115075588226318,1745963494.634,7.115075588226318,1745963494.634,7.115075588226318
1745963494.881,7.362600803375244,1745963494.881,7.362600803375244,1745963494.881,7.362600803375244,1745963494.881,7.362600803375244
1745963495.143,7.623727798461914,1745963495.143,7.623727798461914,1745963495.143,7.623727798461914,1745963495.143,7.623727798461914
1745963495.404,7.885282278060913,1745963495.404,7.885282278060913,1745963495.404,7.885282278060913,1745963495.404,7.885282278060913
1745963495.68,8.161266565322876,1745963495.68,8.161266565322876,1745963495.68,8.161266565322876,1745963495.68,8.161266565322876
1745963495.943,8.423956632614136,1745963495.943,8.423956632614136,1745963495.943,8.423956632614136,1745963495.943,8.423956632614136
1745963496.201,8.682347297668457,1745963496.201,8.682347297668457,1745963496.201,8.682347297668457,1745963496.201,8.682347297668457
1745963496.469,8.949681520462036,1745963496.469,8.949681520462036,1745963496.469,8.949681520462036,1745963496.469,8.949681520462036
1745963496.73,9.212652444839478,1745963496.732,9.212652444839478,1745963496.732,9.212652444839478,1745963496.732,9.212652444839478
1745963497.006,9.486695289611816,1745963497.006,9.486695289611816,1745963497.006,9.486695289611816,1745963497.006,9.486695289611816
1745963497.252,9.733263492584229,1745963497.252,9.733263492584229,1745963497.252,9.733263492584229,1745963497.252,9.733263492584229
1745963497.514,9.995403289794922,1745963497.514,9.995403289794922,1745963497.514,9.995403289794922,1745963497.514,9.995403289794922
1745963497.776,10.257318258285522,1745963497.776,10.257318258285522,1745963497.776,10.257671117782593,1745963497.777,10.257671117782593
1745963498.054,10.535587549209595,1745963498.054,10.535587549209595,1745963498.054,10.535587549209595,1745963498.055,10.536028146743774
1745963498.302,10.783072710037231,1745963498.302,10.783072710037231,1745963498.302,10.783072710037231,1745963498.302,10.783072710037231
1745963498.546,11.026766061782837,1745963498.546,11.026766061782837,1745963498.546,11.026766061782837,1745963498.546,11.026766061782837
1745963498.791,11.272515058517456,1745963498.791,11.272515058517456,1745963498.791,11.272515058517456,1745963498.791,11.272515058517456
1745963499.068,11.549038410186768,1745963499.068,11.549038410186768,1745963499.068,11.549038410186768,1745963499.068,11.549038410186768
1745963499.314,11.794730186462402,1745963499.314,11.794730186462402,1745963499.314,11.794730186462402,1745963499.314,11.794730186462402
1745963499.577,12.057652235031128,1745963499.577,12.057652235031128,1745963499.577,12.057652235031128,1745963499.577,12.057652235031128
1745963499.839,12.320528745651245,1745963499.839,12.320528745651245,1745963499.839,12.320528745651245,1745963499.839,12.320528745651245
1745963500.114,12.595588684082031,1745963500.114,12.595588684082031,1745963500.114,12.595588684082031,1745963500.114,12.595588684082031
1745963500.377,12.858112335205078,1745963500.377,12.858112335205078,1745963500.377,12.858112335205078,1745963500.377,12.858112335205078
1745963500.639,13.120349407196045,1745963500.639,13.120349407196045,1745963500.639,13.120349407196045,1745963500.639,13.120349407196045
1745963500.902,13.383338212966919,1745963500.902,13.383338212966919,1745963500.902,13.383338212966919,1745963500.902,13.383338212966919
1745963501.164,13.64467477798462,1745963501.164,13.64467477798462,1745963501.164,13.64467477798462,1745963501.164,13.64467477798462
1745963501.424,13.905449390411377,1745963501.424,13.905449390411377,1745963501.424,13.905449390411377,1745963501.424,13.905449390411377
1745963501.689,14.169902563095093,1745963501.689,14.169902563095093,1745963501.689,14.169902563095093,1745963501.689,14.169902563095093
1745963501.95,14.431423902511597,1745963501.95,14.431423902511597,1745963501.95,14.431423902511597,1745963501.95,14.431423902511597
1745963502.226,14.70724868774414,1745963502.226,14.70724868774414,1745963502.226,14.70724868774414,1745963502.226,14.70724868774414
1745963502.489,14.970031023025513,1745963502.489,14.970031023025513,1745963502.489,14.970031023025513,1745963502.489,14.970031023025513
1745963502.751,15.232578992843628,1745963502.751,15.232578992843628,1745963502.751,15.232578992843628,1745963502.751,15.232578992843628
1745963502.999,15.480538368225098,1745963502.999,15.480538368225098,1745963502.999,15.480538368225098,1745963502.999,15.480538368225098
1745963503.263,15.743830680847168,1745963503.263,15.743830680847168,1745963503.263,15.743830680847168,1745963503.263,15.743830680847168
1745963503.512,15.99291205406189,1745963503.512,15.99291205406189,1745963503.512,15.99291205406189,1745963503.512,15.99291205406189
1745963503.79,16.271244764328003,1745963503.79,16.271244764328003,1745963503.79,16.271244764328003,1745963503.79,16.271244764328003
1745963504.036,16.51697278022766,1745963504.036,16.51697278022766,1745963504.036,16.51697278022766,1745963504.036,16.51697278022766
1745963504.285,16.765993356704712,1745963504.285,16.765993356704712,1745963504.285,16.765993356704712,1745963504.285,16.765993356704712
1745963504.547,17.02812886238098,1745963504.547,17.02812886238098,1745963504.547,17.02812886238098,1745963504.547,17.02812886238098
1745963504.808,17.288787364959717,1745963504.808,17.288787364959717,1745963504.808,17.288787364959717,1745963504.808,17.288787364959717
1745963505.071,17.55164885520935,1745963505.071,17.55164885520935,1745963505.071,17.55164885520935,1745963505.071,17.55164885520935
1745963505.317,17.79803991317749,1745963505.317,17.79803991317749,1745963505.317,17.79803991317749,1745963505.317,17.79803991317749
1745963505.58,18.060975790023804,1745963505.58,18.060975790023804,1745963505.58,18.060975790023804,1745963505.58,18.060975790023804
1745963505.844,18.32498860359192,1745963505.844,18.32498860359192,1745963505.844,18.32498860359192,1745963505.844,18.32498860359192
1745963506.106,18.586636066436768,1745963506.106,18.586636066436768,1745963506.106,18.586636066436768,1745963506.106,18.586636066436768
1745963506.367,18.848477602005005,1745963506.367,18.848477602005005,1745963506.367,18.848477602005005,1745963506.367,18.848477602005005
1745963506.632,19.112926959991455,1745963506.632,19.112926959991455,1745963506.632,19.112926959991455,1745963506.632,19.112926959991455
1745963506.879,19.36043429374695,1745963506.879,19.36043429374695,1745963506.879,19.36043429374695,1745963506.879,19.36043429374695
1745963507.126,19.60743236541748,1745963507.126,19.60743236541748,1745963507.126,19.60743236541748,1745963507.126,19.60743236541748
1745963507.359,19.840060234069824,1745963507.359,19.840060234069824,1745963507.359,19.840060234069824,1745963507.359,19.840060234069824
1745963507.62,20.101110219955444,1745963507.62,20.101110219955444,1745963507.62,20.101110219955444,1745963507.62,20.101110219955444
1745963507.886,20.366708517074585,1745963507.886,20.366708517074585,1745963507.886,20.366708517074585,1745963507.886,20.366708517074585
1745963508.164,20.645062685012817,1745963508.164,20.645062685012817,1745963508.164,20.645062685012817,1745963508.164,20.645062685012817
1745963508.411,20.892003774642944,1745963508.411,20.892003774642944,1745963508.411,20.892003774642944,1745963508.411,20.892003774642944
1745963508.673,21.154590606689453,1745963508.673,21.154590606689453,1745963508.673,21.154590606689453,1745963508.673,21.154590606689453
1745963508.936,21.41724944114685,1745963508.936,21.41724944114685,1745963508.936,21.41724944114685,1745963508.936,21.41724944114685
1745963509.187,21.668137550354004,1745963509.187,21.668137550354004,1745963509.187,21.668137550354004,1745963509.187,21.668137550354004
1745963509.435,21.915685415267944,1745963509.435,21.915685415267944,1745963509.435,21.915685415267944,1745963509.435,21.915685415267944
1745963509.712,22.192893981933594,1745963509.712,22.192893981933594,1745963509.712,22.192893981933594,1745963509.712,22.192893981933594
1745963509.96,22.4409601688385,1745963509.96,22.4409601688385,1745963509.96,22.4409601688385,1745963509.96,22.4409601688385
1745963510.224,22.705427885055542,1745963510.224,22.705427885055542,1745963510.224,22.705427885055542,1745963510.224,22.705427885055542
1745963510.485,22.966063737869263,1745963510.485,22.966063737869263,1745963510.485,22.966063737869263,1745963510.485,22.966063737869263
1745963510.749,23.23028874397278,1745963510.749,23.23028874397278,1745963510.749,23.23028874397278,1745963510.749,23.23028874397278
1745963511.012,23.49293351173401,1745963511.012,23.49293351173401,1745963511.012,23.49293351173401,1745963511.012,23.49293351173401
1745963511.288,23.76913094520569,1745963511.288,23.76913094520569,1745963511.288,23.76913094520569,1745963511.288,23.76913094520569
1745963511.55,24.03079056739807,1745963511.55,24.03079056739807,1745963511.55,24.03079056739807,1745963511.55,24.03079056739807
1745963511.813,24.294456958770752,1745963511.813,24.294456958770752,1745963511.813,24.294456958770752,1745963511.813,24.294456958770752
1745963512.077,24.5578556060791,1745963512.077,24.5578556060791,1745963512.077,24.5578556060791,1745963512.077,24.5578556060791
1745963512.339,24.820477724075317,1745963512.339,24.820477724075317,1745963512.339,24.820477724075317,1745963512.339,24.820477724075317
1745963512.617,25.097847938537598,1745963512.617,25.097847938537598,1745963512.617,25.097847938537598,1745963512.617,25.097847938537598
1745963512.861,25.34248447418213,1745963512.861,25.34248447418213,1745963512.861,25.34248447418213,1745963512.861,25.34248447418213
1745963513.124,25.605266571044922,1745963513.124,25.605266571044922,1745963513.124,25.605266571044922,1745963513.124,25.605266571044922
1745963513.387,25.868374347686768,1745963513.387,25.868374347686768,1745963513.387,25.868374347686768,1745963513.387,25.868374347686768
1745963513.652,26.132720232009888,1745963513.652,26.132720232009888,1745963513.652,26.132720232009888,1745963513.652,26.132720232009888
1745963513.929,26.41002368927002,1745963513.929,26.41002368927002,1745963513.929,26.41002368927002,1745963513.929,26.41002368927002
1745963514.193,26.673774480819702,1745963514.193,26.673774480819702,1745963514.193,26.673774480819702,1745963514.193,26.673774480819702
1745963514.436,26.917075872421265,1745963514.436,26.917075872421265,1745963514.436,26.917075872421265,1745963514.436,26.917075872421265
1745963514.698,27.17957353591919,1745963514.698,27.17957353591919,1745963514.698,27.17957353591919,1745963514.698,27.17957353591919
1745963514.963,27.444289684295654,1745963514.963,27.444289684295654,1745963514.963,27.444289684295654,1745963514.963,27.444289684295654
1745963515.225,27.705968379974365,1745963515.225,27.705968379974365,1745963515.225,27.705968379974365,1745963515.225,27.705968379974365
1745963515.489,27.970096349716187,1745963515.489,27.970096349716187,1745963515.489,27.970096349716187,1745963515.489,27.970096349716187
1745963515.753,28.234193325042725,1745963515.753,28.234193325042725,1745963515.753,28.234193325042725,1745963515.753,28.234193325042725
1745963516.017,28.498315572738647,1745963516.017,28.498315572738647,1745963516.017,28.498315572738647,1745963516.017,28.498315572738647
1745963516.282,28.762705087661743,1745963516.282,28.762705087661743,1745963516.282,28.762705087661743,1745963516.282,28.762705087661743
1745963516.544,29.024903059005737,1745963516.544,29.024903059005737,1745963516.544,29.024903059005737,1745963516.544,29.024903059005737
1745963516.82,29.301613092422485,1745963516.82,29.301613092422485,1745963516.82,29.301613092422485,1745963516.82,29.301613092422485
1745963517.067,29.54839515686035,1745963517.067,29.54839515686035,1745963517.067,29.54839515686035,1745963517.067,29.54839515686035
1745963517.328,29.809154748916626,1745963517.328,29.809154748916626,1745963517.328,29.809154748916626,1745963517.328,29.809154748916626
1745963517.59,30.071258783340454,1745963517.59,30.071258783340454,1745963517.59,30.071258783340454,1745963517.59,30.071258783340454
1745963517.865,30.346205711364746,1745963517.865,30.346205711364746,1745963517.865,30.346205711364746,1745963517.865,30.346205711364746
1745963518.128,30.609512329101562,1745963518.128,30.609512329101562,1745963518.128,30.609512329101562,1745963518.128,30.609512329101562
1745963518.376,30.856860637664795,1745963518.376,30.856860637664795,1745963518.376,30.8572998046875,1745963518.376,30.8572998046875
1745963518.626,31.10692048072815,1745963518.626,31.10692048072815,1745963518.626,31.10692048072815,1745963518.626,31.10692048072815
1745963518.888,31.369462251663208,1745963518.888,31.369462251663208,1745963518.888,31.369462251663208,1745963518.888,31.369462251663208
1745963519.15,31.63130831718445,1745963519.15,31.63130831718445,1745963519.15,31.631654024124146,1745963519.151,31.631654024124146
1745963519.397,31.877775192260742,1745963519.397,31.877775192260742,1745963519.397,31.877775192260742,1745963519.397,31.877775192260742
1745963519.654,32.13507413864136,1745963519.654,32.13507413864136,1745963519.654,32.13507413864136,1745963519.654,32.13507413864136
1745963519.916,32.397348403930664,1745963519.916,32.397348403930664,1745963519.916,32.397348403930664,1745963519.916,32.397348403930664
1745963520.167,32.64767527580261,1745963520.167,32.64767527580261,1745963520.167,32.64767527580261,1745963520.167,32.64767527580261
1745963520.429,32.91012501716614,1745963520.429,32.91012501716614,1745963520.429,32.91012501716614,1745963520.429,32.91012501716614
1745963520.691,33.171656131744385,1745963520.691,33.171656131744385,1745963520.691,33.171656131744385,1745963520.691,33.171656131744385
1745963520.955,33.435760259628296,1745963520.955,33.435760259628296,1745963520.955,33.435760259628296,1745963520.955,33.435760259628296
1745963521.219,33.7000949382782,1745963521.219,33.7000949382782,1745963521.219,33.7000949382782,1745963521.219,33.7000949382782
1745963521.48,33.961283445358276,1745963521.48,33.961283445358276,1745963521.48,33.961283445358276,1745963521.48,33.961283445358276
1745963521.743,34.22381114959717,1745963521.743,34.22381114959717,1745963521.743,34.22381114959717,1745963521.743,34.22381114959717
1745963521.976,34.457014322280884,1745963521.976,34.457014322280884,1745963521.976,34.457014322280884,1745963521.976,34.457014322280884
1745963522.238,34.71909952163696,1745963522.238,34.71909952163696,1745963522.238,34.71909952163696,1745963522.238,34.71909952163696
1745963522.503,34.984336614608765,1745963522.503,34.984336614608765,1745963522.503,34.984336614608765,1745963522.503,34.984336614608765
1745963522.765,35.24649906158447,1745963522.765,35.24649906158447,1745963522.765,35.24649906158447,1745963522.765,35.24649906158447
1745963523.027,35.50784158706665,1745963523.027,35.50784158706665,1745963523.027,35.50784158706665,1745963523.027,35.50784158706665
1745963523.306,35.78667426109314,1745963523.306,35.78667426109314,1745963523.306,35.78667426109314,1745963523.306,35.78667426109314
1745963523.56,36.04118871688843,1745963523.56,36.04118871688843,1745963523.56,36.04118871688843,1745963523.56,36.04118871688843
1745963523.833,36.31409931182861,1745963523.833,36.31409931182861,1745963523.833,36.31409931182861,1745963523.833,36.31409931182861
1745963524.08,36.561500549316406,1745963524.08,36.561500549316406,1745963524.08,36.561500549316406,1745963524.08,36.561500549316406
1745963524.342,36.823359966278076,1745963524.342,36.823359966278076,1745963524.342,36.823359966278076,1745963524.342,36.823359966278076
1745963524.602,37.08296465873718,1745963524.602,37.08296465873718,1745963524.602,37.08296465873718,1745963524.602,37.08296465873718
1745963524.864,37.34497690200806,1745963524.864,37.34497690200806,1745963524.864,37.34497690200806,1745963524.864,37.34497690200806
1745963525.125,37.60599899291992,1745963525.125,37.60599899291992,1745963525.125,37.60599899291992,1745963525.125,37.60599899291992
1745963525.374,37.85472893714905,1745963525.374,37.85472893714905,1745963525.374,37.85472893714905,1745963525.374,37.85472893714905
1745963525.636,38.11735129356384,1745963525.636,38.11735129356384,1745963525.636,38.11735129356384,1745963525.636,38.11735129356384
1745963525.915,38.39604139328003,1745963525.915,38.39604139328003,1745963525.915,38.39604139328003,1745963525.915,38.39604139328003
1745963526.178,38.6592071056366,1745963526.178,38.6592071056366,1745963526.178,38.6592071056366,1745963526.178,38.6592071056366
1745963526.428,38.908771991729736,1745963526.428,38.908771991729736,1745963526.428,38.908771991729736,1745963526.428,38.908771991729736
1745963526.687,39.16804385185242,1745963526.687,39.16804385185242,1745963526.687,39.168580293655396,1745963526.687,39.168580293655396
1745963526.949,39.43017387390137,1745963526.949,39.43017387390137,1745963526.949,39.43017387390137,1745963526.949,39.43017387390137
1745963527.211,39.69261455535889,1745963527.211,39.69261455535889,1745963527.211,39.69261455535889,1745963527.211,39.69261455535889
1745963527.446,39.92725419998169,1745963527.446,39.92725419998169,1745963527.446,39.92725419998169,1745963527.446,39.92725419998169
1745963527.702,40.183156967163086,1745963527.702,40.183156967163086,1745963527.702,40.183156967163086,1745963527.702,40.183156967163086
1745963527.963,40.44375920295715,1745963527.963,40.44375920295715,1745963527.963,40.44375920295715,1745963527.963,40.44375920295715
1745963528.226,40.70665979385376,1745963528.226,40.70665979385376,1745963528.226,40.70665979385376,1745963528.226,40.70665979385376
1745963528.472,40.95320153236389,1745963528.472,40.95320153236389,1745963528.472,40.95320153236389,1745963528.472,40.95320153236389
1745963528.734,41.2147650718689,1745963528.734,41.2147650718689,1745963528.734,41.2147650718689,1745963528.734,41.2147650718689
1745963528.996,41.476669788360596,1745963528.996,41.476669788360596,1745963528.996,41.476669788360596,1745963528.996,41.476669788360596
1745963529.244,41.72515082359314,1745963529.244,41.72515082359314,1745963529.244,41.72515082359314,1745963529.244,41.72515082359314
1745963529.492,41.973151206970215,1745963529.492,41.973151206970215,1745963529.492,41.973151206970215,1745963529.492,41.973151206970215
1745963529.738,42.21962594985962,1745963529.738,42.21962594985962,1745963529.738,42.21962594985962,1745963529.738,42.21962594985962
1745963529.999,42.479856729507446,1745963529.999,42.479856729507446,1745963529.999,42.479856729507446,1745963529.999,42.479856729507446
1745963530.259,42.73984360694885,1745963530.259,42.73984360694885,1745963530.259,42.73984360694885,1745963530.259,42.73984360694885
1745963530.506,42.987624168395996,1745963530.506,42.987624168395996,1745963530.506,42.987624168395996,1745963530.506,42.987624168395996
1745963530.769,43.25007462501526,1745963530.769,43.25007462501526,1745963530.769,43.25007462501526,1745963530.769,43.25007462501526
1745963531.031,43.51217818260193,1745963531.031,43.51217818260193,1745963531.031,43.51217818260193,1745963531.031,43.51217818260193
1745963531.294,43.775352001190186,1745963531.294,43.77579092979431,1745963531.295,43.77579092979431,1745963531.295,43.77579092979431
1745963531.556,44.03679132461548,1745963531.556,44.03679132461548,1745963531.556,44.03679132461548,1745963531.556,44.03679132461548
1745963531.819,44.30013155937195,1745963531.819,44.30013155937195,1745963531.819,44.30013155937195,1745963531.819,44.30013155937195
1745963532.081,44.561652421951294,1745963532.081,44.561652421951294,1745963532.081,44.561652421951294,1745963532.081,44.561652421951294
1745963532.342,44.823415756225586,1745963532.342,44.823415756225586,1745963532.342,44.823415756225586,1745963532.342,44.823415756225586
1745963532.606,45.08666181564331,1745963532.606,45.08666181564331,1745963532.606,45.08666181564331,1745963532.606,45.08666181564331
1745963532.869,45.35020112991333,1745963532.869,45.35020112991333,1745963532.869,45.35020112991333,1745963532.869,45.35020112991333
1745963533.13,45.61099123954773,1745963533.13,45.61099123954773,1745963533.13,45.61099123954773,1745963533.13,45.61099123954773
1745963533.392,45.87286615371704,1745963533.392,45.87286615371704,1745963533.392,45.87286615371704,1745963533.392,45.87286615371704
1745963533.653,46.13454484939575,1745963533.653,46.13454484939575,1745963533.653,46.13454484939575,1745963533.653,46.13454484939575
1745963533.901,46.38163638114929,1745963533.901,46.38163638114929,1745963533.901,46.38163638114929,1745963533.901,46.38163638114929
1745963534.164,46.645490407943726,1745963534.164,46.645490407943726,1745963534.164,46.645490407943726,1745963534.164,46.645490407943726
1745963534.395,46.87654733657837,1745963534.395,46.87654733657837,1745963534.395,46.87654733657837,1745963534.395,46.87654733657837
1745963534.659,47.13965034484863,1745963534.659,47.13965034484863,1745963534.659,47.13965034484863,1745963534.659,47.13965034484863
1745963534.921,47.40257215499878,1745963534.921,47.40257215499878,1745963534.921,47.40257215499878,1745963534.921,47.40257215499878
1745963535.182,47.66280555725098,1745963535.182,47.66280555725098,1745963535.182,47.66280555725098,1745963535.182,47.66280555725098
1745963535.429,47.91045832633972,1745963535.429,47.91045832633972,1745963535.429,47.91045832633972,1745963535.429,47.91045832633972
1745963535.691,48.17197632789612,1745963535.691,48.17197632789612,1745963535.691,48.17197632789612,1745963535.691,48.17197632789612
1745963535.953,48.43384289741516,1745963535.953,48.43384289741516,1745963535.953,48.43384289741516,1745963535.953,48.43384289741516
1745963536.198,48.67962288856506,1745963536.198,48.67962288856506,1745963536.198,48.67962288856506,1745963536.198,48.67962288856506
1745963536.476,48.95761704444885,1745963536.476,48.95761704444885,1745963536.476,48.95761704444885,1745963536.476,48.95761704444885
1745963536.722,49.20287561416626,1745963536.722,49.20287561416626,1745963536.722,49.20287561416626,1745963536.722,49.20287561416626
1745963536.983,49.46436810493469,1745963536.984,49.46473431587219,1745963536.984,49.46473431587219,1745963536.984,49.46473431587219
1745963537.245,49.72657918930054,1745963537.245,49.72657918930054,1745963537.245,49.72657918930054,1745963537.245,49.72657918930054
1745963537.52,50.00100350379944,1745963537.52,50.00100350379944,1745963537.52,50.00100350379944,1745963537.52,50.00100350379944
1745963537.784,50.26481604576111,1745963537.784,50.26481604576111,1745963537.784,50.26481604576111,1745963537.784,50.26481604576111
1745963538.046,50.526968240737915,1745963538.046,50.526968240737915,1745963538.046,50.526968240737915,1745963538.046,50.526968240737915
1745963538.294,50.775352478027344,1745963538.294,50.775352478027344,1745963538.294,50.775352478027344,1745963538.294,50.775352478027344
1745963538.556,51.03704333305359,1745963538.556,51.03704333305359,1745963538.556,51.03704333305359,1745963538.556,51.03704333305359
1745963538.801,51.28178334236145,1745963538.801,51.28178334236145,1745963538.801,51.28178334236145,1745963538.801,51.28178334236145
1745963539.061,51.54204440116882,1745963539.061,51.54204440116882,1745963539.061,51.54204440116882,1745963539.061,51.54204440116882
1745963539.323,51.80408048629761,1745963539.323,51.80408048629761,1745963539.323,51.80408048629761,1745963539.323,51.80408048629761
1745963539.584,52.06526160240173,1745963539.584,52.06526160240173,1745963539.584,52.06526160240173,1745963539.584,52.06526160240173
1745963539.829,52.31055784225464,1745963539.829,52.31055784225464,1745963539.829,52.31055784225464,1745963539.829,52.31055784225464
1745963540.077,52.55786204338074,1745963540.077,52.55786204338074,1745963540.077,52.55786204338074,1745963540.077,52.55786204338074
1745963540.339,52.820369243621826,1745963540.339,52.820369243621826,1745963540.339,52.820369243621826,1745963540.339,52.820369243621826
1745963540.602,53.0832302570343,1745963540.602,53.0832302570343,1745963540.602,53.0832302570343,1745963540.602,53.0832302570343
1745963540.848,53.32956624031067,1745963540.848,53.32956624031067,1745963540.848,53.32956624031067,1745963540.848,53.32956624031067
1745963541.096,53.5773389339447,1745963541.096,53.5773389339447,1745963541.096,53.5773389339447,1745963541.096,53.5773389339447
1745963541.359,53.84051251411438,1745963541.359,53.84051251411438,1745963541.359,53.84051251411438,1745963541.359,53.84051251411438
1745963541.619,54.099756956100464,1745963541.619,54.099756956100464,1745963541.619,54.099756956100464,1745963541.619,54.099756956100464
1745963541.863,54.34442710876465,1745963541.863,54.34442710876465,1745963541.863,54.34442710876465,1745963541.863,54.34442710876465
1745963542.126,54.60678029060364,1745963542.126,54.60678029060364,1745963542.126,54.60678029060364,1745963542.126,54.60678029060364
1745963542.387,54.86790752410889,1745963542.387,54.86790752410889,1745963542.387,54.86790752410889,1745963542.387,54.86790752410889
1745963542.648,55.1286838054657,1745963542.648,55.1286838054657,1745963542.648,55.1286838054657,1745963542.648,55.1286838054657
1745963542.893,55.373761892318726,1745963542.893,55.373761892318726,1745963542.893,55.373761892318726,1745963542.893,55.373761892318726
1745963543.139,55.619691610336304,1745963543.139,55.619691610336304,1745963543.139,55.62021017074585,1745963543.139,55.62021017074585
1745963543.37,55.851481199264526,1745963543.37,55.851903676986694,1745963543.371,55.851903676986694,1745963543.371,55.851903676986694
1745963543.607,56.0885808467865,1745963543.607,56.0885808467865,1745963543.607,56.0885808467865,1745963543.607,56.0885808467865
1745963543.863,56.34422588348389,1745963543.863,56.34422588348389,1745963543.863,56.34422588348389,1745963543.863,56.34422588348389
1745963544.124,56.605173110961914,1745963544.124,56.605173110961914,1745963544.124,56.605173110961914,1745963544.124,56.605173110961914
1745963544.355,56.83599257469177,1745963544.355,56.83599257469177,1745963544.355,56.83599257469177,1745963544.355,56.83599257469177
1745963544.632,57.11362862586975,1745963544.632,57.11362862586975,1745963544.632,57.11362862586975,1745963544.633,57.11402893066406
1745963544.859,57.33976697921753,1745963544.859,57.33976697921753,1745963544.859,57.33976697921753,1745963544.859,57.33976697921753
1745963545.111,57.59205937385559,1745963545.111,57.59205937385559,1745963545.111,57.59205937385559,1745963545.111,57.59205937385559
1745963545.373,57.854371070861816,1745963545.373,57.854371070861816,1745963545.373,57.854371070861816,1745963545.373,57.854371070861816
1745963545.636,58.116825103759766,1745963545.636,58.116825103759766,1745963545.636,58.116825103759766,1745963545.636,58.116825103759766
1745963545.887,58.36782097816467,1745963545.887,58.36782097816467,1745963545.887,58.36782097816467,1745963545.887,58.36782097816467
1745963546.158,58.639568567276,1745963546.158,58.639568567276,1745963546.158,58.639568567276,1745963546.158,58.639568567276
1745963546.421,58.90234565734863,1745963546.421,58.90234565734863,1745963546.421,58.90234565734863,1745963546.421,58.90234565734863
1745963546.683,59.16427445411682,1745963546.683,59.16427445411682,1745963546.683,59.16427445411682,1745963546.683,59.16427445411682
1745963546.946,59.42722415924072,1745963546.946,59.427576541900635,1745963546.946,59.427576541900635,1745963546.946,59.427576541900635
1745963547.209,59.68996262550354,1745963547.209,59.68996262550354,1745963547.209,59.68996262550354,1745963547.209,59.68996262550354
1745963547.47,59.95154690742493,1745963547.47,59.95154690742493,1745963547.47,59.95154690742493,1745963547.47,59.95154690742493
1745963547.732,60.212788820266724,1745963547.732,60.212788820266724,1745963547.732,60.212788820266724,1745963547.732,60.212788820266724
1745963548.01,60.49094557762146,1745963548.01,60.49094557762146,1745963548.01,60.49094557762146,1745963548.01,60.49094557762146
1745963548.243,60.724204778671265,1745963548.243,60.724204778671265,1745963548.243,60.724204778671265,1745963548.243,60.724204778671265
1745963548.505,60.98647451400757,1745963548.505,60.98647451400757,1745963548.505,60.98647451400757,1745963548.505,60.98647451400757
1745963548.752,61.23301911354065,1745963548.752,61.23301911354065,1745963548.752,61.23301911354065,1745963548.752,61.23301911354065
1745963549.013,61.49422907829285,1745963549.013,61.49422907829285,1745963549.013,61.49422907829285,1745963549.013,61.49422907829285
1745963549.261,61.742154598236084,1745963549.261,61.742154598236084,1745963549.261,61.742154598236084,1745963549.261,61.742154598236084
1745963549.537,62.01794457435608,1745963549.537,62.01794457435608,1745963549.537,62.01794457435608,1745963549.537,62.01794457435608
1745963549.798,62.27926754951477,1745963549.798,62.27926754951477,1745963549.798,62.27926754951477,1745963549.798,62.27926754951477
1745963550.062,62.5431547164917,1745963550.062,62.5431547164917,1745963550.062,62.5431547164917,1745963550.062,62.5431547164917
1745963550.324,62.804630279541016,1745963550.324,62.804630279541016,1745963550.324,62.804630279541016,1745963550.324,62.804630279541016
1745963550.601,63.08259320259094,1745963550.601,63.08259320259094,1745963550.601,63.08259320259094,1745963550.601,63.08259320259094
1745963550.863,63.34387540817261,1745963550.863,63.34387540817261,1745963550.863,63.34387540817261,1745963550.863,63.34387540817261
1745963551.111,63.59254741668701,1745963551.111,63.59254741668701,1745963551.111,63.59254741668701,1745963551.111,63.59254741668701
1745963551.36,63.84120273590088,1745963551.36,63.84120273590088,1745963551.36,63.84120273590088,1745963551.36,63.84120273590088
1745963551.614,64.0946536064148,1745963551.614,64.0946536064148,1745963551.614,64.0946536064148,1745963551.614,64.0946536064148
1745963551.876,64.3573272228241,1745963551.876,64.3573272228241,1745963551.876,64.3573272228241,1745963551.876,64.3573272228241
1745963552.123,64.60401344299316,1745963552.123,64.60401344299316,1745963552.123,64.60401344299316,1745963552.123,64.60401344299316
1745963552.385,64.86612820625305,1745963552.385,64.86612820625305,1745963552.385,64.86612820625305,1745963552.385,64.86612820625305
1745963552.647,65.12767028808594,1745963552.647,65.12767028808594,1745963552.647,65.12767028808594,1745963552.647,65.12767028808594
1745963552.909,65.39031553268433,1745963552.909,65.39031553268433,1745963552.909,65.39031553268433,1745963552.909,65.39031553268433
1745963553.169,65.65008664131165,1745963553.169,65.65008664131165,1745963553.169,65.65008664131165,1745963553.169,65.65008664131165
1745963553.447,65.92796230316162,1745963553.447,65.92796230316162,1745963553.447,65.92796230316162,1745963553.447,65.92796230316162
1745963553.697,66.17773604393005,1745963553.697,66.17773604393005,1745963553.697,66.17773604393005,1745963553.697,66.17773604393005
1745963553.957,66.4383602142334,1745963553.957,66.4383602142334,1745963553.957,66.4383602142334,1745963553.957,66.4383602142334
1745963554.218,66.69925832748413,1745963554.218,66.69925832748413,1745963554.218,66.69925832748413,1745963554.218,66.69925832748413
1745963554.48,66.96120405197144,1745963554.48,66.96120405197144,1745963554.48,66.96120405197144,1745963554.48,66.96120405197144
1745963554.742,67.22295188903809,1745963554.742,67.22295188903809,1745963554.742,67.22295188903809,1745963554.742,67.22295188903809
1745963554.993,67.47428941726685,1745963554.993,67.47428941726685,1745963554.993,67.47428941726685,1745963554.993,67.47428941726685
1745963555.25,67.73161959648132,1745963555.25,67.73161959648132,1745963555.25,67.73161959648132,1745963555.25,67.73161959648132
1745963555.513,67.99407386779785,1745963555.513,67.99407386779785,1745963555.513,67.99407386779785,1745963555.513,67.99407386779785
1745963555.777,68.25793480873108,1745963555.777,68.25793480873108,1745963555.777,68.25793480873108,1745963555.777,68.25793480873108
1745963556.02,68.50079202651978,1745963556.02,68.50079202651978,1745963556.02,68.50079202651978,1745963556.02,68.50079202651978
1745963556.287,68.76780295372009,1745963556.287,68.76780295372009,1745963556.287,68.76780295372009,1745963556.287,68.76780295372009
1745963556.548,69.02946519851685,1745963556.548,69.02946519851685,1745963556.548,69.02946519851685,1745963556.548,69.02946519851685
1745963556.81,69.29104328155518,1745963556.81,69.29104328155518,1745963556.81,69.29104328155518,1745963556.81,69.29104328155518
1745963557.072,69.55307579040527,1745963557.072,69.55307579040527,1745963557.072,69.55307579040527,1745963557.072,69.55307579040527
1745963557.332,69.8131251335144,1745963557.332,69.8131251335144,1745963557.332,69.8131251335144,1745963557.332,69.8131251335144
1745963557.595,70.07571935653687,1745963557.595,70.07571935653687,1745963557.595,70.07571935653687,1745963557.595,70.07571935653687
1745963557.842,70.3232593536377,1745963557.842,70.3232593536377,1745963557.842,70.3232593536377,1745963557.842,70.3232593536377
1745963558.103,70.58364200592041,1745963558.103,70.58364200592041,1745963558.103,70.58364200592041,1745963558.103,70.58364200592041
1745963558.364,70.84474420547485,1745963558.364,70.84474420547485,1745963558.364,70.84474420547485,1745963558.364,70.84474420547485
1745963558.624,71.10543727874756,1745963558.624,71.10543727874756,1745963558.624,71.10543727874756,1745963558.624,71.10543727874756
1745963558.887,71.36765670776367,1745963558.887,71.36765670776367,1745963558.887,71.36765670776367,1745963558.887,71.36765670776367
1745963559.148,71.62871146202087,1745963559.148,71.62871146202087,1745963559.148,71.62871146202087,1745963559.148,71.62871146202087
1745963559.41,71.89078140258789,1745963559.41,71.89078140258789,1745963559.41,71.89078140258789,1745963559.41,71.89078140258789
1745963559.657,72.13779592514038,1745963559.657,72.13808298110962,1745963559.657,72.13808298110962,1745963559.657,72.13808298110962
1745963559.918,72.39876341819763,1745963559.918,72.39876341819763,1745963559.918,72.39876341819763,1745963559.918,72.39876341819763
1745963560.177,72.65815091133118,1745963560.177,72.65815091133118,1745963560.177,72.65815091133118,1745963560.177,72.65815091133118
1745963560.433,72.91437792778015,1745963560.433,72.91437792778015,1745963560.433,72.91437792778015,1745963560.433,72.91437792778015
1745963560.7,73.18078947067261,1745963560.7,73.18078947067261,1745963560.7,73.18078947067261,1745963560.7,73.18078947067261
1745963560.947,73.42821097373962,1745963560.947,73.42821097373962,1745963560.947,73.42821097373962,1745963560.947,73.42821097373962
1745963561.209,73.69049167633057,1745963561.209,73.69049167633057,1745963561.209,73.69049167633057,1745963561.209,73.69049167633057
1745963561.457,73.93825054168701,1745963561.457,73.93825054168701,1745963561.457,73.93825054168701,1745963561.457,73.93825054168701
1745963561.718,74.19908595085144,1745963561.718,74.19908595085144,1745963561.718,74.19908595085144,1745963561.718,74.19908595085144
1745963561.982,74.46308898925781,1745963561.982,74.46329689025879,1745963561.982,74.46329689025879,1745963561.982,74.46329689025879
1745963562.257,74.73806118965149,1745963562.257,74.73806118965149,1745963562.257,74.73806118965149,1745963562.257,74.73806118965149
1745963562.516,74.99726414680481,1745963562.516,74.99726414680481,1745963562.516,74.99726414680481,1745963562.516,74.99726414680481
1745963562.766,75.24663805961609,1745963562.766,75.24663805961609,1745963562.766,75.24663805961609,1745963562.766,75.24663805961609
1745963563.041,75.52177143096924,1745963563.041,75.52177143096924,1745963563.041,75.52177143096924,1745963563.041,75.52177143096924
1745963563.305,75.78563928604126,1745963563.305,75.78563928604126,1745963563.305,75.78563928604126,1745963563.305,75.78563928604126
1745963563.565,76.04656219482422,1745963563.565,76.04656219482422,1745963563.565,76.04656219482422,1745963563.565,76.04656219482422
1745963563.828,76.30925345420837,1745963563.828,76.30925345420837,1745963563.828,76.30925345420837,1745963563.828,76.30925345420837
1745963564.075,76.55625367164612,1745963564.075,76.55625367164612,1745963564.075,76.55625367164612,1745963564.075,76.55625367164612
1745963564.338,76.81925964355469,1745963564.338,76.81925964355469,1745963564.338,76.81925964355469,1745963564.338,76.81925964355469
1745963564.6,77.08131432533264,1745963564.6,77.08131432533264,1745963564.6,77.08131432533264,1745963564.6,77.08131432533264
1745963564.86,77.34157109260559,1745963564.86,77.34157109260559,1745963564.86,77.34157109260559,1745963564.86,77.34157109260559
1745963565.121,77.60208487510681,1745963565.121,77.60208487510681,1745963565.121,77.60208487510681,1745963565.121,77.60208487510681
1745963565.396,77.87669444084167,1745963565.396,77.87669444084167,1745963565.396,77.87669444084167,1745963565.396,77.87669444084167
1745963565.657,78.13772416114807,1745963565.657,78.13772416114807,1745963565.657,78.13772416114807,1745963565.657,78.13772416114807
1745963565.888,78.36912226676941,1745963565.888,78.36912226676941,1745963565.888,78.36912226676941,1745963565.888,78.36912226676941
1745963566.141,78.62211894989014,1745963566.141,78.62211894989014,1745963566.141,78.62211894989014,1745963566.141,78.62211894989014
1745963566.414,78.895498752594,1745963566.414,78.895498752594,1745963566.414,78.895498752594,1745963566.414,78.895498752594
1745963566.659,79.14058065414429,1745963566.659,79.14058065414429,1745963566.659,79.14058065414429,1745963566.659,79.14058065414429
1745963566.922,79.40269565582275,1745963566.922,79.40269565582275,1745963566.922,79.40269565582275,1745963566.922,79.40269565582275
1745963567.184,79.6654736995697,1745963567.184,79.6654736995697,1745963567.184,79.6654736995697,1745963567.184,79.6654736995697
1745963567.447,79.92787218093872,1745963567.447,79.92787218093872,1745963567.447,79.92787218093872,1745963567.447,79.92787218093872
1745963567.694,80.17487359046936,1745963567.694,80.17487359046936,1745963567.694,80.17487359046936,1745963567.694,80.17487359046936
1745963567.953,80.43439054489136,1745963567.953,80.43439054489136,1745963567.953,80.43439054489136,1745963567.953,80.43439054489136
1745963568.191,80.6726279258728,1745963568.191,80.6726279258728,1745963568.191,80.6726279258728,1745963568.191,80.6726279258728
1745963568.45,80.9314832687378,1745963568.45,80.9314832687378,1745963568.45,80.9314832687378,1745963568.45,80.9314832687378
1745963568.714,81.19484996795654,1745963568.714,81.19484996795654,1745963568.714,81.19484996795654,1745963568.714,81.19484996795654
1745963568.992,81.47355604171753,1745963568.992,81.47355604171753,1745963568.992,81.47355604171753,1745963568.992,81.47355604171753
1745963569.24,81.72095561027527,1745963569.24,81.72095561027527,1745963569.24,81.72095561027527,1745963569.24,81.72095561027527
1745963569.503,81.98378658294678,1745963569.503,81.98378658294678,1745963569.503,81.98378658294678,1745963569.503,81.98378658294678
1745963569.767,82.24775218963623,1745963569.767,82.24775218963623,1745963569.767,82.24775218963623,1745963569.767,82.24775218963623
1745963570.033,82.51410913467407,1745963570.033,82.51410913467407,1745963570.033,82.51410913467407,1745963570.033,82.51410913467407
1745963570.294,82.77549862861633,1745963570.294,82.77549862861633,1745963570.294,82.77549862861633,1745963570.294,82.77549862861633
1745963570.542,83.02330589294434,1745963570.542,83.02330589294434,1745963570.542,83.02330589294434,1745963570.542,83.02330589294434
1745963570.806,83.28674936294556,1745963570.806,83.28674936294556,1745963570.806,83.28674936294556,1745963570.806,83.28674936294556
1745963571.053,83.53442859649658,1745963571.053,83.53442859649658,1745963571.053,83.53442859649658,1745963571.053,83.53442859649658
1745963571.301,83.78220963478088,1745963571.301,83.78220963478088,1745963571.301,83.78220963478088,1745963571.301,83.78220963478088
1745963571.561,84.0426013469696,1745963571.561,84.0426013469696,1745963571.561,84.0426013469696,1745963571.561,84.0426013469696
1745963571.821,84.30240821838379,1745963571.821,84.30240821838379,1745963571.821,84.30240821838379,1745963571.821,84.30240821838379
1745963572.086,84.5669858455658,1745963572.086,84.5669858455658,1745963572.086,84.5669858455658,1745963572.086,84.5669858455658
1745963572.334,84.81559085845947,1745963572.334,84.81559085845947,1745963572.334,84.81559085845947,1745963572.334,84.81559085845947
1745963572.597,85.07765483856201,1745963572.597,85.07765483856201,1745963572.597,85.07765483856201,1745963572.597,85.07765483856201
1745963572.858,85.33869171142578,1745963572.858,85.33869171142578,1745963572.858,85.33869171142578,1745963572.858,85.33869171142578
1745963573.12,85.60130167007446,1745963573.12,85.60130167007446,1745963573.12,85.60130167007446,1745963573.12,85.60130167007446
1745963573.401,85.88175892829895,1745963573.401,85.88175892829895,1745963573.401,85.88175892829895,1745963573.401,85.88175892829895
1745963573.649,86.13049960136414,1745963573.649,86.13049960136414,1745963573.649,86.13049960136414,1745963573.649,86.13049960136414
1745963573.898,86.37979435920715,1745963573.899,86.37979435920715,1745963573.899,86.37979435920715,1745963573.899,86.37979435920715
1745963574.161,86.64294242858887,1745963574.162,86.64294242858887,1745963574.162,86.64294242858887,1745963574.162,86.64294242858887
1745963574.41,86.89097738265991,1745963574.41,86.89097738265991,1745963574.41,86.89097738265991,1745963574.41,86.89097738265991
1745963574.673,87.15419363975525,1745963574.673,87.15419363975525,1745963574.673,87.15419363975525,1745963574.673,87.15419363975525
1745963574.935,87.41645336151123,1745963574.935,87.41645336151123,1745963574.935,87.41645336151123,1745963574.935,87.41645336151123
1745963575.211,87.69224119186401,1745963575.211,87.69224119186401,1745963575.211,87.69224119186401,1745963575.211,87.69224119186401
1745963575.439,87.92037153244019,1745963575.439,87.92037153244019,1745963575.439,87.92037153244019,1745963575.439,87.92037153244019
1745963575.7,88.18079948425293,1745963575.7,88.18079948425293,1745963575.7,88.18079948425293,1745963575.7,88.18079948425293
1745963575.976,88.45692133903503,1745963575.976,88.45692133903503,1745963575.976,88.45692133903503,1745963575.976,88.45692133903503
1745963576.239,88.72007298469543,1745963576.239,88.72007298469543,1745963576.239,88.72007298469543,1745963576.239,88.72007298469543
1745963576.487,88.96772027015686,1745963576.487,88.96772027015686,1745963576.487,88.96772027015686,1745963576.487,88.96772027015686
1745963576.748,89.22896265983582,1745963576.748,89.22896265983582,1745963576.748,89.22896265983582,1745963576.748,89.22896265983582
1745963577.01,89.49155759811401,1745963577.01,89.49155759811401,1745963577.01,89.49155759811401,1745963577.01,89.49155759811401
1745963577.264,89.74466753005981,1745963577.264,89.74466753005981,1745963577.264,89.74466753005981,1745963577.264,89.74466753005981
1745963577.537,90.0183801651001,1745963577.537,90.0183801651001,1745963577.537,90.0183801651001,1745963577.537,90.0183801651001
1745963577.8,90.28151750564575,1745963577.8,90.28151750564575,1745963577.8,90.28151750564575,1745963577.8,90.28151750564575
1745963578.064,90.54482936859131,1745963578.064,90.54482936859131,1745963578.064,90.54482936859131,1745963578.064,90.54482936859131
1745963578.328,90.80928587913513,1745963578.328,90.80928587913513,1745963578.328,90.80928587913513,1745963578.328,90.80928587913513
1745963578.589,91.07025384902954,1745963578.589,91.07025384902954,1745963578.589,91.07025384902954,1745963578.589,91.07025384902954
1745963578.852,91.33320736885071,1745963578.852,91.33345937728882,1745963578.852,91.33345937728882,1745963578.852,91.33345937728882
1745963579.113,91.5942451953888,1745963579.113,91.5942451953888,1745963579.113,91.5942451953888,1745963579.113,91.5942451953888
1745963579.361,91.84252953529358,1745963579.361,91.84252953529358,1745963579.361,91.84252953529358,1745963579.361,91.84252953529358
1745963579.62,92.10077977180481,1745963579.62,92.10077977180481,1745963579.62,92.10077977180481,1745963579.62,92.10077977180481
1745963579.855,92.33563351631165,1745963579.855,92.33563351631165,1745963579.855,92.33563351631165,1745963579.855,92.33563351631165
1745963580.129,92.60971188545227,1745963580.129,92.60971188545227,1745963580.129,92.60971188545227,1745963580.129,92.60971188545227
1745963580.36,92.84124636650085,1745963580.36,92.84124636650085,1745963580.36,92.84124636650085,1745963580.36,92.84124636650085
1745963580.62,93.10116529464722,1745963580.62,93.10116529464722,1745963580.62,93.10116529464722,1745963580.62,93.10116529464722
1745963580.868,93.34872484207153,1745963580.868,93.34872484207153,1745963580.868,93.34872484207153,1745963580.868,93.34872484207153
1745963581.124,93.60537767410278,1745963581.124,93.60537767410278,1745963581.124,93.60537767410278,1745963581.124,93.60537767410278
1745963581.375,93.85610318183899,1745963581.375,93.85610318183899,1745963581.375,93.85610318183899,1745963581.375,93.85610318183899
1745963581.626,94.10664010047913,1745963581.626,94.10664010047913,1745963581.626,94.10664010047913,1745963581.626,94.10664010047913
1745963581.876,94.35678696632385,1745963581.876,94.35678696632385,1745963581.876,94.35678696632385,1745963581.876,94.35678696632385
1745963582.133,94.61377310752869,1745963582.133,94.61377310752869,1745963582.133,94.61377310752869,1745963582.133,94.61377310752869
1745963582.38,94.8613703250885,1745963582.38,94.8613703250885,1745963582.38,94.8613703250885,1745963582.38,94.8613703250885
1745963582.642,95.1230583190918,1745963582.642,95.1230583190918,1745963582.642,95.1230583190918,1745963582.642,95.1230583190918
1745963582.891,95.37217569351196,1745963582.891,95.37217569351196,1745963582.891,95.37217569351196,1745963582.891,95.37217569351196
1745963583.148,95.62877058982849,1745963583.148,95.62877058982849,1745963583.148,95.62877058982849,1745963583.148,95.62877058982849
1745963583.401,95.88259387016296,1745963583.401,95.88259387016296,1745963583.401,95.88259387016296,1745963583.401,95.88259387016296
1745963583.659,96.14033150672913,1745963583.659,96.14033150672913,1745963583.659,96.14033150672913,1745963583.659,96.14033150672913
1745963583.894,96.37546133995056,1745963583.894,96.37546133995056,1745963583.894,96.37546133995056,1745963583.894,96.37546133995056
1745963584.156,96.63718557357788,1745963584.156,96.63718557357788,1745963584.156,96.63718557357788,1745963584.156,96.63718557357788
1745963584.393,96.8737223148346,1745963584.393,96.8737223148346,1745963584.393,96.8737223148346,1745963584.393,96.8737223148346
1745963584.648,97.1294994354248,1745963584.648,97.1294994354248,1745963584.648,97.1294994354248,1745963584.648,97.1294994354248
1745963584.896,97.37733483314514,1745963584.896,97.37733483314514,1745963584.896,97.37733483314514,1745963584.896,97.37733483314514
1745963585.152,97.63324189186096,1745963585.152,97.63324189186096,1745963585.152,97.63324189186096,1745963585.152,97.63324189186096
1745963585.4,97.8807144165039,1745963585.4,97.8807144165039,1745963585.4,97.8807144165039,1745963585.4,97.8807144165039
1745963585.661,98.14235043525696,1745963585.661,98.14235043525696,1745963585.661,98.14235043525696,1745963585.661,98.14235043525696
1745963585.896,98.37679767608643,1745963585.896,98.37679767608643,1745963585.896,98.37679767608643,1745963585.896,98.37679767608643
1745963586.152,98.63326907157898,1745963586.152,98.63326907157898,1745963586.152,98.63326907157898,1745963586.152,98.63326907157898
1745963586.421,98.90251874923706,1745963586.421,98.90251874923706,1745963586.421,98.90251874923706,1745963586.421,98.90251874923706
1745963586.677,99.15763068199158,1745963586.677,99.15763068199158,1745963586.677,99.15763068199158,1745963586.677,99.15763068199158
1745963586.937,99.41800355911255,1745963586.937,99.41800355911255,1745963586.937,99.41800355911255,1745963586.937,99.41800355911255
1745963587.201,99.68171763420105,1745963587.201,99.68171763420105,1745963587.201,99.68171763420105,1745963587.201,99.68171763420105
1745963587.437,99.91858100891113,1745963587.437,99.91858100891113,1745963587.437,99.91858100891113,1745963587.437,99.91858100891113
1745963587.71,100.1914472579956,1745963587.71,100.1914472579956,1745963587.71,100.1914472579956,1745963587.71,100.1914472579956
1745963587.97,100.45087099075317,1745963587.97,100.45087099075317,1745963587.97,100.45087099075317,1745963587.97,100.45087099075317
1745963588.232,100.71315598487854,1745963588.232,100.71315598487854,1745963588.232,100.71315598487854,1745963588.232,100.71315598487854
1745963588.487,100.96780323982239,1745963588.487,100.96780323982239,1745963588.487,100.96780323982239,1745963588.487,100.96780323982239
1745963588.752,101.23358297348022,1745963588.752,101.23358297348022,1745963588.752,101.23358297348022,1745963588.752,101.23358297348022
1745963589.0,101.48119759559631,1745963589.0,101.48119759559631,1745963589.0,101.48119759559631,1745963589.0,101.48119759559631
1745963589.249,101.72967171669006,1745963589.249,101.72967171669006,1745963589.249,101.72967171669006,1745963589.249,101.72967171669006
1745963589.502,101.98276591300964,1745963589.502,101.98376441001892,1745963589.503,101.98376441001892,1745963589.503,101.98376441001892
1745963589.73,102.21073961257935,1745963589.73,102.21073961257935,1745963589.73,102.21073961257935,1745963589.73,102.21073961257935
1745963590.007,102.48894166946411,1745963590.008,102.48894166946411,1745963590.008,102.48894166946411,1745963590.008,102.48894166946411
1745963590.268,102.74893403053284,1745963590.268,102.74893403053284,1745963590.268,102.74893403053284,1745963590.268,102.74893403053284
1745963590.519,102.99967789649963,1745963590.519,102.99967789649963,1745963590.519,102.99967789649963,1745963590.519,102.99967789649963
1745963590.779,103.2599561214447,1745963590.779,103.2599561214447,1745963590.779,103.2599561214447,1745963590.779,103.2599561214447
1745963591.056,103.53666305541992,1745963591.056,103.53666305541992,1745963591.056,103.53666305541992,1745963591.056,103.53666305541992
1745963591.316,103.79710984230042,1745963591.316,103.79710984230042,1745963591.316,103.79710984230042,1745963591.316,103.79710984230042
1745963591.563,104.0443344116211,1745963591.563,104.0443344116211,1745963591.563,104.0443344116211,1745963591.563,104.0443344116211
1745963591.825,104.30580544471741,1745963591.825,104.30580544471741,1745963591.825,104.30580544471741,1745963591.825,104.30580544471741
1745963592.102,104.58317947387695,1745963592.102,104.58317947387695,1745963592.102,104.58317947387695,1745963592.102,104.58317947387695
1745963592.362,104.84304761886597,1745963592.362,104.84304761886597,1745963592.362,104.84304761886597,1745963592.362,104.84304761886597
1745963592.624,105.10524249076843,1745963592.624,105.10524249076843,1745963592.624,105.10524249076843,1745963592.624,105.10524249076843
1745963592.872,105.3527181148529,1745963592.872,105.3527181148529,1745963592.872,105.3527181148529,1745963592.872,105.3527181148529
1745963593.147,105.6286268234253,1745963593.147,105.6286268234253,1745963593.147,105.6286268234253,1745963593.147,105.6286268234253
1745963593.409,105.88985919952393,1745963593.409,105.88985919952393,1745963593.409,105.88985919952393,1745963593.409,105.88985919952393
1745963593.674,106.15482091903687,1745963593.674,106.15482091903687,1745963593.674,106.15482091903687,1745963593.674,106.15482091903687
1745963593.936,106.41736221313477,1745963593.936,106.41736221313477,1745963593.936,106.41736221313477,1745963593.936,106.41736221313477
1745963594.198,106.67912673950195,1745963594.198,106.67912673950195,1745963594.198,106.67912673950195,1745963594.198,106.67912673950195
1745963594.463,106.94376850128174,1745963594.463,106.94376850128174,1745963594.463,106.94376850128174,1745963594.463,106.94376850128174
1745963594.724,107.20488333702087,1745963594.724,107.20488333702087,1745963594.724,107.20488333702087,1745963594.724,107.20488333702087
1745963594.985,107.4656674861908,1745963594.985,107.4656674861908,1745963594.985,107.4656674861908,1745963594.985,107.4656674861908
1745963595.233,107.71387481689453,1745963595.233,107.71387481689453,1745963595.233,107.71387481689453,1745963595.233,107.71387481689453
1745963595.495,107.97661423683167,1745963595.495,107.97661423683167,1745963595.495,107.97661423683167,1745963595.495,107.97661423683167
1745963595.758,108.23886013031006,1745963595.758,108.23886013031006,1745963595.758,108.23886013031006,1745963595.758,108.23886013031006
1745963596.006,108.4873194694519,1745963596.006,108.4873194694519,1745963596.006,108.4873194694519,1745963596.006,108.4873194694519
1745963596.267,108.74829578399658,1745963596.267,108.74829578399658,1745963596.267,108.74829578399658,1745963596.267,108.74829578399658
1745963596.516,108.9974946975708,1745963596.516,108.9974946975708,1745963596.516,108.9974946975708,1745963596.516,108.9974946975708
1745963596.791,109.27177429199219,1745963596.791,109.27177429199219,1745963596.791,109.27177429199219,1745963596.791,109.27177429199219
1745963597.021,109.50191116333008,1745963597.021,109.50191116333008,1745963597.021,109.50191116333008,1745963597.021,109.50191116333008
1745963597.282,109.76379418373108,1745963597.283,109.76379418373108,1745963597.283,109.76379418373108,1745963597.283,109.76379418373108
1745963597.518,109.99866390228271,1745963597.518,109.99866390228271,1745963597.518,109.99866390228271,1745963597.518,109.99866390228271
1745963597.761,110.24236035346985,1745963597.761,110.24236035346985,1745963597.761,110.24236035346985,1745963597.761,110.24236035346985
1745963598.021,110.50175333023071,1745963598.021,110.50175333023071,1745963598.021,110.50175333023071,1745963598.021,110.50175333023071
1745963598.267,110.74814414978027,1745963598.267,110.74814414978027,1745963598.267,110.74814414978027,1745963598.267,110.74814414978027
1745963598.522,111.00273108482361,1745963598.522,111.00273108482361,1745963598.522,111.00273108482361,1745963598.522,111.00273108482361
1745963598.779,111.26013517379761,1745963598.779,111.26013517379761,1745963598.779,111.26013517379761,1745963598.779,111.26013517379761
1745963599.027,111.50811290740967,1745963599.027,111.50811290740967,1745963599.027,111.50811290740967,1745963599.027,111.50811290740967
1745963599.303,111.78394317626953,1745963599.303,111.78394317626953,1745963599.303,111.78394317626953,1745963599.303,111.78394317626953
1745963599.55,112.0312123298645,1745963599.55,112.0312123298645,1745963599.55,112.0312123298645,1745963599.55,112.0312123298645
1745963599.816,112.29749131202698,1745963599.816,112.29749131202698,1745963599.816,112.29749131202698,1745963599.816,112.29749131202698
1745963600.078,112.55900359153748,1745963600.078,112.55900359153748,1745963600.078,112.55900359153748,1745963600.078,112.55900359153748
1745963600.308,112.78927779197693,1745963600.308,112.78927779197693,1745963600.308,112.78927779197693,1745963600.308,112.78927779197693
1745963600.571,113.05186200141907,1745963600.571,113.05186200141907,1745963600.571,113.05186200141907,1745963600.571,113.05186200141907
1745963600.818,113.29877758026123,1745963600.818,113.29877758026123,1745963600.818,113.29877758026123,1745963600.818,113.29877758026123
1745963601.08,113.56135630607605,1745963601.08,113.56135630607605,1745963601.08,113.56135630607605,1745963601.08,113.56135630607605
1745963601.325,113.80599308013916,1745963601.325,113.80599308013916,1745963601.325,113.80599308013916,1745963601.325,113.80599308013916
1745963601.576,114.05697417259216,1745963601.576,114.05697417259216,1745963601.576,114.05697417259216,1745963601.576,114.05697417259216
1745963601.849,114.32991123199463,1745963601.849,114.32991123199463,1745963601.849,114.32991123199463,1745963601.849,114.32991123199463
1745963602.11,114.59105658531189,1745963602.11,114.59105658531189,1745963602.11,114.59105658531189,1745963602.11,114.59105658531189
1745963602.373,114.853928565979,1745963602.373,114.853928565979,1745963602.373,114.853928565979,1745963602.373,114.853928565979
1745963602.634,115.11521053314209,1745963602.634,115.11521053314209,1745963602.634,115.11521053314209,1745963602.634,115.11521053314209
1745963602.882,115.36325359344482,1745963602.882,115.36325359344482,1745963602.882,115.36325359344482,1745963602.882,115.36325359344482
1745963603.112,115.59269070625305,1745963603.112,115.59269070625305,1745963603.112,115.59269070625305,1745963603.112,115.59269070625305
1745963603.374,115.85518026351929,1745963603.374,115.85518026351929,1745963603.374,115.85518026351929,1745963603.374,115.85518026351929
1745963603.61,116.0911808013916,1745963603.61,116.0911808013916,1745963603.61,116.0911808013916,1745963603.61,116.0911808013916
1745963603.855,116.33629631996155,1745963603.855,116.33629631996155,1745963603.855,116.33629631996155,1745963603.855,116.33629631996155
1745963604.121,116.60242557525635,1745963604.121,116.60242557525635,1745963604.121,116.60242557525635,1745963604.121,116.60242557525635
1745963604.383,116.8645875453949,1745963604.383,116.8645875453949,1745963604.383,116.8645875453949,1745963604.383,116.8645875453949
1745963604.623,117.10400485992432,1745963604.623,117.10400485992432,1745963604.623,117.10400485992432,1745963604.623,117.10400485992432
1745963604.896,117.37682843208313,1745963604.896,117.37682843208313,1745963604.896,117.37682843208313,1745963604.896,117.37682843208313
1745963605.156,117.63666987419128,1745963605.156,117.63666987419128,1745963605.156,117.63666987419128,1745963605.156,117.63666987419128
1745963605.404,117.88521337509155,1745963605.404,117.88521337509155,1745963605.404,117.88521337509155,1745963605.404,117.88521337509155
1745963605.64,118.12075352668762,1745963605.64,118.12075352668762,1745963605.64,118.12075352668762,1745963605.64,118.12075352668762
1745963605.913,118.39370155334473,1745963605.913,118.39370155334473,1745963605.913,118.39370155334473,1745963605.913,118.39370155334473
1745963606.175,118.65659022331238,1745963606.175,118.65659022331238,1745963606.175,118.65659022331238,1745963606.175,118.65659022331238
1745963606.436,118.91728281974792,1745963606.436,118.91728281974792,1745963606.436,118.91728281974792,1745963606.436,118.91728281974792
1745963606.698,119.17888975143433,1745963606.698,119.17888975143433,1745963606.698,119.17888975143433,1745963606.698,119.17888975143433
1745963606.958,119.43915510177612,1745963606.958,119.43915510177612,1745963606.958,119.43915510177612,1745963606.958,119.43915510177612
1745963607.219,119.69967150688171,1745963607.219,119.69967150688171,1745963607.219,119.69967150688171,1745963607.219,119.69967150688171
1745963607.481,119.96189665794373,1745963607.481,119.96189665794373,1745963607.481,119.96189665794373,1745963607.481,119.96189665794373
1745963607.736,120.21711659431458,1745963607.736,120.21711659431458,1745963607.736,120.21711659431458,1745963607.736,120.21711659431458
1745963607.99,120.47145533561707,1745963607.99,120.47145533561707,1745963607.99,120.47145533561707,1745963607.99,120.47145533561707
1745963608.239,120.71991443634033,1745963608.239,120.71991443634033,1745963608.239,120.71991443634033,1745963608.239,120.71991443634033
1745963608.493,120.9737663269043,1745963608.493,120.9737663269043,1745963608.493,120.9737663269043,1745963608.493,120.9737663269043
1745963608.738,121.21863389015198,1745963608.738,121.21863389015198,1745963608.738,121.21863389015198,1745963608.738,121.2196364402771
1745963608.993,121.47367548942566,1745963608.993,121.47367548942566,1745963608.993,121.47367548942566,1745963608.993,121.47367548942566
1745963609.255,121.73567175865173,1745963609.255,121.73567175865173,1745963609.255,121.73567175865173,1745963609.255,121.73567175865173
1745963609.494,121.97544145584106,1745963609.494,121.97544145584106,1745963609.494,121.97544145584106,1745963609.494,121.97544145584106
1745963609.739,122.22004294395447,1745963609.739,122.22004294395447,1745963609.739,122.22004294395447,1745963609.739,122.22004294395447
1745963609.998,122.4794557094574,1745963609.998,122.4794557094574,1745963609.998,122.4794557094574,1745963609.998,122.4794557094574
1745963610.26,122.7414436340332,1745963610.26,122.7414436340332,1745963610.26,122.7414436340332,1745963610.26,122.7414436340332
1745963610.526,123.00719022750854,1745963610.526,123.00719022750854,1745963610.526,123.00719022750854,1745963610.526,123.00719022750854
1745963610.789,123.27027463912964,1745963610.789,123.27027463912964,1745963610.789,123.27027463912964,1745963610.789,123.27027463912964
1745963611.018,123.49942350387573,1745963611.018,123.49942350387573,1745963611.018,123.49942350387573,1745963611.018,123.49942350387573
1745963611.282,123.76300692558289,1745963611.282,123.76300692558289,1745963611.282,123.76300692558289,1745963611.282,123.76300692558289
1745963611.519,123.99980235099792,1745963611.519,123.99980235099792,1745963611.519,123.99980235099792,1745963611.519,123.99980235099792
1745963611.766,124.24717211723328,1745963611.766,124.24717211723328,1745963611.766,124.24717211723328,1745963611.766,124.24717211723328
1745963612.027,124.50848317146301,1745963612.027,124.50848317146301,1745963612.027,124.50848317146301,1745963612.027,124.50848317146301
1745963612.3,124.78153562545776,1745963612.3,124.78153562545776,1745963612.3,124.78153562545776,1745963612.3,124.78153562545776
1745963612.562,125.04310011863708,1745963612.562,125.04310011863708,1745963612.562,125.04310011863708,1745963612.562,125.04310011863708
1745963612.822,125.30305409431458,1745963612.822,125.30305409431458,1745963612.822,125.30305409431458,1745963612.822,125.30305409431458
1745963613.068,125.54959297180176,1745963613.068,125.54959297180176,1745963613.068,125.54959297180176,1745963613.068,125.54959297180176
1745963613.331,125.81200981140137,1745963613.331,125.81200981140137,1745963613.331,125.81200981140137,1745963613.331,125.81200981140137
1745963613.594,126.07467794418335,1745963613.594,126.07467794418335,1745963613.594,126.07467794418335,1745963613.594,126.07467794418335
1745963613.855,126.33612251281738,1745963613.855,126.33612251281738,1745963613.855,126.33612251281738,1745963613.855,126.33612251281738
1745963614.118,126.59869194030762,1745963614.118,126.59869194030762,1745963614.118,126.59869194030762,1745963614.118,126.59869194030762
1745963614.382,126.86298608779907,1745963614.382,126.86298608779907,1745963614.382,126.86298608779907,1745963614.382,126.86298608779907
1745963614.626,127.10744881629944,1745963614.626,127.10744881629944,1745963614.626,127.10744881629944,1745963614.626,127.10744881629944
1745963614.891,127.37181973457336,1745963614.891,127.37181973457336,1745963614.891,127.37181973457336,1745963614.891,127.37181973457336
1745963615.154,127.63555145263672,1745963615.154,127.63555145263672,1745963615.154,127.63555145263672,1745963615.154,127.63555145263672
1745963615.431,127.91222715377808,1745963615.431,127.91222715377808,1745963615.431,127.91222715377808,1745963615.431,127.91222715377808
1745963615.694,128.1759011745453,1745963615.695,128.1759011745453,1745963615.695,128.1759011745453,1745963615.695,128.1759011745453
1745963615.959,128.44018125534058,1745963615.959,128.44018125534058,1745963615.959,128.44018125534058,1745963615.959,128.44018125534058
1745963616.222,128.70291781425476,1745963616.222,128.70291781425476,1745963616.222,128.70291781425476,1745963616.222,128.70291781425476
1745963616.483,128.96389269828796,1745963616.483,128.96389269828796,1745963616.483,128.96389269828796,1745963616.483,128.96389269828796
1745963616.745,129.22566294670105,1745963616.745,129.22566294670105,1745963616.745,129.22566294670105,1745963616.745,129.22566294670105
1745963617.008,129.4889600276947,1745963617.008,129.4889600276947,1745963617.008,129.4889600276947,1745963617.008,129.4889600276947
1745963617.268,129.7491009235382,1745963617.268,129.7491009235382,1745963617.268,129.7491009235382,1745963617.268,129.7491009235382
1745963617.53,130.01138019561768,1745963617.53,130.01138019561768,1745963617.53,130.01138019561768,1745963617.53,130.01138019561768
1745963617.792,130.27272248268127,1745963617.792,130.27272248268127,1745963617.792,130.27272248268127,1745963617.792,130.27272248268127
1745963618.066,130.54752278327942,1745963618.066,130.54752278327942,1745963618.066,130.54752278327942,1745963618.066,130.54752278327942
1745963618.328,130.80958437919617,1745963618.328,130.80958437919617,1745963618.328,130.80958437919617,1745963618.328,130.80958437919617
1745963618.564,131.0448875427246,1745963618.565,131.04594707489014,1745963618.565,131.04594707489014,1745963618.565,131.04594707489014
1745963618.812,131.29268622398376,1745963618.812,131.29268622398376,1745963618.812,131.29268622398376,1745963618.812,131.29268622398376
1745963619.085,131.56628394126892,1745963619.085,131.56628394126892,1745963619.085,131.56628394126892,1745963619.085,131.56628394126892
1745963619.332,131.81273293495178,1745963619.332,131.81273293495178,1745963619.332,131.81273293495178,1745963619.332,131.81315851211548
1745963619.569,132.04994082450867,1745963619.569,132.04994082450867,1745963619.569,132.04994082450867,1745963619.569,132.04994082450867
1745963619.811,132.29171204566956,1745963619.811,132.29171204566956,1745963619.811,132.29171204566956,1745963619.811,132.29171204566956
1745963620.059,132.54048824310303,1745963620.059,132.54048824310303,1745963620.059,132.54048824310303,1745963620.059,132.54048824310303
1745963620.32,132.8014395236969,1745963620.32,132.8014395236969,1745963620.32,132.8014395236969,1745963620.32,132.8014395236969
1745963620.581,133.0616910457611,1745963620.581,133.0616910457611,1745963620.581,133.0616910457611,1745963620.581,133.0616910457611
1745963620.819,133.3001184463501,1745963620.819,133.3001184463501,1745963620.819,133.3001184463501,1745963620.819,133.3001184463501
1745963621.075,133.5562608242035,1745963621.075,133.5562608242035,1745963621.075,133.5562608242035,1745963621.075,133.5562608242035
1745963621.339,133.82006192207336,1745963621.339,133.82006192207336,1745963621.339,133.82006192207336,1745963621.339,133.82006192207336
1745963621.591,134.07221174240112,1745963621.591,134.07221174240112,1745963621.591,134.07221174240112,1745963621.591,134.07221174240112
1745963621.847,134.3286030292511,1745963621.847,134.3286030292511,1745963621.847,134.3286030292511,1745963621.847,134.3286030292511
1745963622.111,134.59212517738342,1745963622.111,134.59212517738342,1745963622.111,134.59212517738342,1745963622.111,134.59212517738342
1745963622.372,134.85291528701782,1745963622.372,134.85291528701782,1745963622.372,134.85291528701782,1745963622.372,134.85291528701782
1745963622.607,135.08831214904785,1745963622.607,135.08831214904785,1745963622.607,135.08831214904785,1745963622.607,135.08831214904785
1745963622.876,135.35702657699585,1745963622.876,135.35702657699585,1745963622.876,135.35702657699585,1745963622.876,135.35702657699585
1745963623.138,135.61905336380005,1745963623.138,135.61905336380005,1745963623.138,135.61905336380005,1745963623.138,135.61905336380005
1745963623.401,135.8820538520813,1745963623.401,135.8820538520813,1745963623.401,135.8820538520813,1745963623.401,135.8820538520813
1745963623.664,136.14475274085999,1745963623.664,136.14475274085999,1745963623.664,136.14475274085999,1745963623.664,136.14475274085999
1745963623.925,136.40620136260986,1745963623.925,136.40620136260986,1745963623.925,136.40620136260986,1745963623.925,136.40620136260986
1745963624.168,136.64866638183594,1745963624.168,136.64866638183594,1745963624.168,136.64866638183594,1745963624.168,136.64866638183594
1745963624.417,136.89839959144592,1745963624.417,136.89839959144592,1745963624.417,136.89839959144592,1745963624.417,136.89839959144592
1745963624.681,137.1626272201538,1745963624.681,137.1626272201538,1745963624.681,137.1626272201538,1745963624.681,137.1626272201538
1745963624.929,137.4103741645813,1745963624.929,137.4103741645813,1745963624.929,137.4103741645813,1745963624.929,137.4103741645813
1745963625.172,137.6532781124115,1745963625.172,137.6532781124115,1745963625.172,137.6532781124115,1745963625.172,137.6532781124115
1745963625.443,137.9243664741516,1745963625.443,137.9243664741516,1745963625.443,137.9243664741516,1745963625.443,137.9243664741516
1745963625.691,138.17252564430237,1745963625.691,138.17252564430237,1745963625.691,138.17252564430237,1745963625.691,138.17252564430237
1745963625.941,138.42245888710022,1745963625.941,138.42245888710022,1745963625.941,138.42245888710022,1745963625.941,138.42245888710022
1745963626.186,138.66753673553467,1745963626.186,138.66753673553467,1745963626.186,138.66753673553467,1745963626.186,138.66753673553467
1745963626.446,138.92727780342102,1745963626.446,138.92727780342102,1745963626.446,138.92727780342102,1745963626.446,138.92727780342102
1745963626.693,139.1745204925537,1745963626.693,139.1745204925537,1745963626.693,139.1745204925537,1745963626.693,139.1745204925537
1745963626.956,139.4372856616974,1745963626.956,139.4372856616974,1745963626.956,139.4372856616974,1745963626.956,139.4372856616974
1745963627.191,139.67250609397888,1745963627.191,139.67250609397888,1745963627.191,139.67250609397888,1745963627.191,139.67250609397888
1745963627.437,139.9176344871521,1745963627.437,139.9176344871521,1745963627.437,139.9176344871521,1745963627.437,139.9176344871521
1745963627.692,140.17264556884766,1745963627.692,140.17264556884766,1745963627.692,140.17264556884766,1745963627.692,140.17264556884766
1745963627.947,140.4283766746521,1745963627.947,140.4283766746521,1745963627.947,140.4283766746521,1745963627.947,140.4283766746521
1745963628.202,140.68357300758362,1745963628.202,140.68357300758362,1745963628.202,140.68357300758362,1745963628.202,140.68357300758362
1745963628.472,140.95372414588928,1745963628.473,140.9538276195526,1745963628.473,140.9538276195526,1745963628.473,140.9538276195526
1745963628.736,141.2175714969635,1745963628.736,141.2177436351776,1745963628.737,141.2177436351776,1745963628.737,141.2177436351776
1745963628.984,141.46531343460083,1745963628.984,141.46531343460083,1745963628.984,141.46531343460083,1745963628.984,141.46531343460083
1745963629.247,141.7278516292572,1745963629.247,141.7278516292572,1745963629.247,141.7278516292572,1745963629.247,141.7278516292572
1745963629.509,141.99029421806335,1745963629.509,141.99029421806335,1745963629.509,141.99029421806335,1745963629.509,141.99029421806335
1745963629.754,142.23528289794922,1745963629.754,142.23528289794922,1745963629.754,142.23528289794922,1745963629.754,142.23528289794922
1745963629.989,142.47012066841125,1745963629.989,142.47012066841125,1745963629.989,142.47012066841125,1745963629.989,142.47112107276917
1745963630.233,142.71383810043335,1745963630.233,142.71383810043335,1745963630.233,142.71383810043335,1745963630.233,142.71383810043335
1745963630.495,142.97594785690308,1745963630.495,142.97594785690308,1745963630.495,142.97594785690308,1745963630.495,142.97594785690308
1745963630.763,143.24407410621643,1745963630.763,143.24407410621643,1745963630.763,143.24407410621643,1745963630.763,143.24407410621643
1745963631.026,143.50728178024292,1745963631.026,143.50728178024292,1745963631.026,143.50728178024292,1745963631.026,143.50728178024292
1745963631.285,143.7665548324585,1745963631.285,143.7665548324585,1745963631.285,143.7665548324585,1745963631.285,143.7665548324585
1745963631.533,144.0137140750885,1745963631.533,144.0137140750885,1745963631.533,144.0137140750885,1745963631.533,144.0137140750885
1745963631.796,144.27699637413025,1745963631.796,144.27699637413025,1745963631.796,144.27699637413025,1745963631.796,144.27699637413025
1745963632.042,144.52327585220337,1745963632.042,144.52327585220337,1745963632.042,144.52327585220337,1745963632.042,144.52327585220337
1745963632.307,144.7884464263916,1745963632.307,144.7884464263916,1745963632.307,144.7884464263916,1745963632.307,144.7884464263916
1745963632.584,145.06503224372864,1745963632.584,145.06503224372864,1745963632.584,145.06503224372864,1745963632.584,145.06503224372864
1745963632.829,145.30988311767578,1745963632.829,145.30988311767578,1745963632.829,145.30988311767578,1745963632.829,145.30988311767578
1745963633.09,145.57143378257751,1745963633.09,145.57143378257751,1745963633.09,145.57143378257751,1745963633.09,145.57143378257751
1745963633.34,145.82108783721924,1745963633.34,145.82108783721924,1745963633.34,145.82108783721924,1745963633.34,145.82108783721924
1745963633.616,146.09677052497864,1745963633.616,146.09677052497864,1745963633.616,146.09677052497864,1745963633.616,146.09677052497864
1745963633.86,146.34096908569336,1745963633.86,146.34096908569336,1745963633.86,146.34096908569336,1745963633.86,146.34096908569336
1745963634.121,146.6020290851593,1745963634.121,146.6020290851593,1745963634.121,146.6020290851593,1745963634.121,146.6020290851593
1745963634.38,146.8613715171814,1745963634.38,146.8613715171814,1745963634.38,146.8613715171814,1745963634.38,146.8613715171814
1745963634.629,147.10966873168945,1745963634.629,147.10966873168945,1745963634.629,147.10966873168945,1745963634.629,147.10966873168945
1745963634.89,147.37162351608276,1745963634.89,147.37162351608276,1745963634.89,147.37162351608276,1745963634.89,147.37162351608276
1745963635.153,147.63412165641785,1745963635.153,147.63412165641785,1745963635.153,147.63412165641785,1745963635.153,147.63412165641785
1745963635.415,147.89575695991516,1745963635.415,147.89575695991516,1745963635.415,147.89575695991516,1745963635.415,147.89575695991516
1745963635.679,148.15968251228333,1745963635.679,148.15968251228333,1745963635.679,148.15968251228333,1745963635.679,148.15968251228333
1745963635.929,148.4098949432373,1745963635.929,148.4098949432373,1745963635.929,148.4098949432373,1745963635.929,148.4098949432373
1745963636.194,148.67467212677002,1745963636.194,148.67467212677002,1745963636.194,148.67467212677002,1745963636.194,148.67467212677002
1745963636.46,148.9413502216339,1745963636.46,148.9413502216339,1745963636.46,148.9413502216339,1745963636.46,148.9413502216339
1745963636.721,149.20257329940796,1745963636.721,149.20257329940796,1745963636.721,149.20257329940796,1745963636.721,149.20257329940796
1745963636.984,149.46501898765564,1745963636.984,149.46501898765564,1745963636.984,149.46501898765564,1745963636.984,149.46501898765564
1745963637.247,149.72764778137207,1745963637.247,149.72764778137207,1745963637.247,149.72764778137207,1745963637.247,149.72764778137207
1745963637.525,150.0060577392578,1745963637.525,150.0060577392578,1745963637.525,150.0060577392578,1745963637.525,150.0060577392578
1745963637.774,150.25464153289795,1745963637.774,150.25464153289795,1745963637.774,150.25464153289795,1745963637.774,150.25464153289795
1745963638.036,150.5169961452484,1745963638.036,150.5169961452484,1745963638.036,150.5169961452484,1745963638.036,150.5169961452484
1745963638.281,150.76177835464478,1745963638.281,150.76177835464478,1745963638.281,150.76177835464478,1745963638.281,150.76177835464478
1745963638.543,151.02420496940613,1745963638.543,151.02420496940613,1745963638.543,151.02420496940613,1745963638.543,151.02420496940613
1745963638.806,151.28694462776184,1745963638.806,151.28694462776184,1745963638.806,151.28694462776184,1745963638.806,151.28694462776184
1745963639.051,151.53261280059814,1745963639.051,151.53261280059814,1745963639.051,151.53261280059814,1745963639.051,151.53261280059814
1745963639.312,151.79361248016357,1745963639.312,151.79361248016357,1745963639.312,151.79361248016357,1745963639.312,151.79361248016357
1745963639.578,152.05873370170593,1745963639.578,152.05873370170593,1745963639.578,152.05873370170593,1745963639.578,152.05873370170593
1745963639.839,152.32052731513977,1745963639.839,152.32052731513977,1745963639.839,152.32052731513977,1745963639.839,152.32052731513977
1745963640.104,152.5851969718933,1745963640.104,152.5851969718933,1745963640.104,152.5851969718933,1745963640.104,152.5851969718933
1745963640.358,152.83901143074036,1745963640.358,152.83901143074036,1745963640.358,152.83901143074036,1745963640.358,152.83901143074036
1745963640.626,153.10740280151367,1745963640.626,153.10740280151367,1745963640.626,153.10740280151367,1745963640.626,153.10740280151367
1745963640.861,153.3420057296753,1745963640.861,153.3420057296753,1745963640.861,153.3420057296753,1745963640.861,153.3420057296753
1745963641.109,153.59003472328186,1745963641.109,153.59003472328186,1745963641.109,153.59003472328186,1745963641.109,153.59003472328186
1745963641.366,153.84721493721008,1745963641.366,153.84721493721008,1745963641.366,153.84721493721008,1745963641.366,153.84721493721008
1745963641.63,154.1107428073883,1745963641.63,154.1107428073883,1745963641.63,154.1107428073883,1745963641.63,154.1107428073883
1745963641.862,154.342782497406,1745963641.862,154.342782497406,1745963641.862,154.342782497406,1745963641.862,154.342782497406
1745963642.11,154.59104299545288,1745963642.11,154.59104299545288,1745963642.11,154.59104299545288,1745963642.11,154.59104299545288
1745963642.37,154.8512237071991,1745963642.37,154.8512237071991,1745963642.37,154.8512237071991,1745963642.37,154.8512237071991
1745963642.622,155.10271620750427,1745963642.622,155.10271620750427,1745963642.622,155.10271620750427,1745963642.622,155.10271620750427
1745963642.855,155.33633637428284,1745963642.855,155.33633637428284,1745963642.855,155.33633637428284,1745963642.855,155.33633637428284
1745963643.121,155.60235810279846,1745963643.121,155.60235810279846,1745963643.121,155.60235810279846,1745963643.121,155.60235810279846
1745963643.384,155.86497259140015,1745963643.384,155.86497259140015,1745963643.384,155.86497259140015,1745963643.384,155.86497259140015
1745963643.646,156.12678027153015,1745963643.646,156.12678027153015,1745963643.646,156.12678027153015,1745963643.646,156.12678027153015
1745963643.895,156.376079082489,1745963643.895,156.376079082489,1745963643.895,156.376079082489,1745963643.895,156.376079082489
1745963644.159,156.64039373397827,1745963644.159,156.64039373397827,1745963644.159,156.64039373397827,1745963644.159,156.64039373397827
1745963644.424,156.90468788146973,1745963644.424,156.90468788146973,1745963644.424,156.90468788146973,1745963644.424,156.90468788146973
1745963644.685,157.1660258769989,1745963644.685,157.1660258769989,1745963644.685,157.1660258769989,1745963644.685,157.1660258769989
