timestamp,time,timestamp6,time2,timestamp2,time3,timestamp3,time9
1745964339.749,0.07199621200561523,1745964339.749,0.07199621200561523,1745964339.749,0.07199621200561523,1745964339.749,0.07199621200561523
1745964339.995,0.3176264762878418,1745964339.995,0.3176264762878418,1745964339.995,0.3176264762878418,1745964339.995,0.3176264762878418
1745964340.273,0.5960667133331299,1745964340.273,0.5960667133331299,1745964340.273,0.5960667133331299,1745964340.273,0.5960667133331299
1745964340.536,0.8592619895935059,1745964340.536,0.8592619895935059,1745964340.536,0.8592619895935059,1745964340.536,0.8592619895935059
1745964340.796,1.1193277835845947,1745964340.796,1.1193277835845947,1745964340.796,1.1193277835845947,1745964340.796,1.1193277835845947
1745964341.058,1.380586862564087,1745964341.058,1.380586862564087,1745964341.058,1.380586862564087,1745964341.058,1.380586862564087
1745964341.333,1.6561579704284668,1745964341.333,1.6561579704284668,1745964341.333,1.6561579704284668,1745964341.333,1.6561579704284668
1745964341.595,1.9180471897125244,1745964341.595,1.9180471897125244,1745964341.595,1.9180471897125244,1745964341.595,1.9182672500610352
1745964341.86,2.1826837062835693,1745964341.86,2.1826837062835693,1745964341.86,2.1826837062835693,1745964341.86,2.1826837062835693
1745964342.124,2.446657180786133,1745964342.124,2.446657180786133,1745964342.124,2.446657180786133,1745964342.124,2.446657180786133
1745964342.385,2.7084078788757324,1745964342.385,2.7084078788757324,1745964342.385,2.7084078788757324,1745964342.385,2.7084078788757324
1745964342.662,2.9846138954162598,1745964342.662,2.9846138954162598,1745964342.662,2.9846138954162598,1745964342.662,2.9846138954162598
1745964342.925,3.2478535175323486,1745964342.925,3.2478535175323486,1745964342.925,3.2478535175323486,1745964342.925,3.2478535175323486
1745964343.186,3.50864315032959,1745964343.186,3.50864315032959,1745964343.186,3.50864315032959,1745964343.186,3.50864315032959
1745964343.446,3.769510507583618,1745964343.446,3.769510507583618,1745964343.446,3.769510507583618,1745964343.446,3.769510507583618
1745964343.711,4.033931493759155,1745964343.711,4.033931493759155,1745964343.711,4.033931493759155,1745964343.711,4.033931493759155
1745964343.975,4.297781229019165,1745964343.975,4.297781229019165,1745964343.975,4.297781229019165,1745964343.975,4.297781229019165
1745964344.237,4.560343027114868,1745964344.237,4.560343027114868,1745964344.237,4.560343027114868,1745964344.237,4.560343027114868
1745964344.499,4.822269678115845,1745964344.499,4.822269678115845,1745964344.499,4.822269678115845,1745964344.499,4.822269678115845
1745964344.762,5.085016965866089,1745964344.762,5.085016965866089,1745964344.762,5.085016965866089,1745964344.762,5.085016965866089
1745964345.039,5.362111568450928,1745964345.039,5.362111568450928,1745964345.039,5.362111568450928,1745964345.039,5.362111568450928
1745964345.299,5.6221923828125,1745964345.299,5.6221923828125,1745964345.299,5.6221923828125,1745964345.299,5.6221923828125
1745964345.56,5.882826328277588,1745964345.56,5.882826328277588,1745964345.56,5.882826328277588,1745964345.56,5.882826328277588
1745964345.824,6.14710259437561,1745964345.824,6.14710259437561,1745964345.824,6.14710259437561,1745964345.824,6.14710259437561
1745964346.1,6.42276406288147,1745964346.1,6.42276406288147,1745964346.1,6.42276406288147,1745964346.1,6.42276406288147
1745964346.345,6.668450832366943,1745964346.345,6.668450832366943,1745964346.345,6.668450832366943,1745964346.345,6.668450832366943
1745964346.607,6.930265426635742,1745964346.607,6.930265426635742,1745964346.607,6.930265426635742,1745964346.607,6.930265426635742
1745964346.87,7.192795276641846,1745964346.87,7.192795276641846,1745964346.87,7.192795276641846,1745964346.87,7.192795276641846
1745964347.149,7.471526145935059,1745964347.149,7.471526145935059,1745964347.149,7.471526145935059,1745964347.149,7.471526145935059
1745964347.394,7.717094421386719,1745964347.394,7.717094421386719,1745964347.394,7.717094421386719,1745964347.394,7.717094421386719
1745964347.641,7.964377164840698,1745964347.641,7.964377164840698,1745964347.641,7.964377164840698,1745964347.641,7.964377164840698
1745964347.904,8.22731900215149,1745964347.904,8.22731900215149,1745964347.904,8.22731900215149,1745964347.904,8.22731900215149
1745964348.153,8.475843667984009,1745964348.153,8.475843667984009,1745964348.153,8.475843667984009,1745964348.153,8.475843667984009
1745964348.391,8.71364140510559,1745964348.391,8.71364140510559,1745964348.391,8.71364140510559,1745964348.391,8.71364140510559
1745964348.663,8.986076354980469,1745964348.663,8.986076354980469,1745964348.663,8.986076354980469,1745964348.663,8.986076354980469
1745964348.924,9.24742841720581,1745964348.924,9.24742841720581,1745964348.924,9.24742841720581,1745964348.924,9.24742841720581
1745964349.19,9.512848138809204,1745964349.19,9.512848138809204,1745964349.19,9.512848138809204,1745964349.19,9.512848138809204
1745964349.439,9.762189626693726,1745964349.439,9.762189626693726,1745964349.439,9.762189626693726,1745964349.439,9.762189626693726
1745964349.711,10.03359341621399,1745964349.711,10.03359341621399,1745964349.711,10.03359341621399,1745964349.711,10.03359341621399
1745964349.958,10.282444477081299,1745964349.959,10.282444477081299,1745964349.959,10.282444477081299,1745964349.959,10.282444477081299
1745964350.217,10.54000210762024,1745964350.217,10.54025912284851,1745964350.217,10.54025912284851,1745964350.217,10.54025912284851
1745964350.478,10.800734043121338,1745964350.478,10.800734043121338,1745964350.478,10.800734043121338,1745964350.478,10.800734043121338
1745964350.737,11.059876203536987,1745964350.737,11.059876203536987,1745964350.737,11.059876203536987,1745964350.737,11.060540199279785
1745964351.0,11.323383092880249,1745964351.0,11.323383092880249,1745964351.0,11.323383092880249,1745964351.0,11.323383092880249
1745964351.261,11.584302425384521,1745964351.261,11.584302425384521,1745964351.261,11.584302425384521,1745964351.261,11.584302425384521
1745964351.525,11.847896099090576,1745964351.525,11.847896099090576,1745964351.525,11.847896099090576,1745964351.525,11.847896099090576
1745964351.787,12.109859704971313,1745964351.787,12.109859704971313,1745964351.787,12.109859704971313,1745964351.787,12.109859704971313
1745964352.046,12.36914587020874,1745964352.046,12.36914587020874,1745964352.046,12.36914587020874,1745964352.046,12.36914587020874
1745964352.292,12.615319013595581,1745964352.292,12.615319013595581,1745964352.292,12.615319013595581,1745964352.292,12.615319013595581
1745964352.552,12.875182628631592,1745964352.552,12.875182628631592,1745964352.552,12.875182628631592,1745964352.552,12.875545024871826
1745964352.8,13.12255048751831,1745964352.8,13.12255048751831,1745964352.8,13.12255048751831,1745964352.8,13.12255048751831
1745964353.063,13.385730504989624,1745964353.063,13.385730504989624,1745964353.063,13.385730504989624,1745964353.063,13.385730504989624
1745964353.322,13.645425081253052,1745964353.322,13.645425081253052,1745964353.322,13.645425081253052,1745964353.322,13.645425081253052
1745964353.596,13.919204950332642,1745964353.596,13.919204950332642,1745964353.596,13.919204950332642,1745964353.596,13.919204950332642
1745964353.86,14.182651996612549,1745964353.86,14.182651996612549,1745964353.86,14.182651996612549,1745964353.86,14.182651996612549
1745964354.122,14.444852113723755,1745964354.122,14.444852113723755,1745964354.122,14.444852113723755,1745964354.122,14.444852113723755
1745964354.399,14.722104787826538,1745964354.399,14.722104787826538,1745964354.399,14.722104787826538,1745964354.399,14.722104787826538
1745964354.661,14.983641386032104,1745964354.661,14.983641386032104,1745964354.661,14.983641386032104,1745964354.661,14.983641386032104
1745964354.906,15.229192018508911,1745964354.906,15.229192018508911,1745964354.906,15.229192018508911,1745964354.906,15.229192018508911
1745964355.168,15.490899562835693,1745964355.168,15.490899562835693,1745964355.168,15.490899562835693,1745964355.168,15.490899562835693
1745964355.431,15.754067420959473,1745964355.431,15.754067420959473,1745964355.431,15.754067420959473,1745964355.431,15.754067420959473
1745964355.694,16.016571521759033,1745964355.694,16.016571521759033,1745964355.694,16.016571521759033,1745964355.694,16.016571521759033
1745964355.939,16.26250195503235,1745964355.939,16.26250195503235,1745964355.939,16.26250195503235,1745964355.939,16.26250195503235
1745964356.201,16.52354860305786,1745964356.201,16.52354860305786,1745964356.201,16.52354860305786,1745964356.201,16.52354860305786
1745964356.463,16.785541534423828,1745964356.463,16.785541534423828,1745964356.463,16.785541534423828,1745964356.463,16.785541534423828
1745964356.728,17.050523042678833,1745964356.728,17.050523042678833,1745964356.728,17.050523042678833,1745964356.728,17.050523042678833
1745964356.975,17.297877550125122,1745964356.975,17.297877550125122,1745964356.975,17.297877550125122,1745964356.975,17.297877550125122
1745964357.235,17.558495044708252,1745964357.235,17.558495044708252,1745964357.235,17.558495044708252,1745964357.235,17.558495044708252
1745964357.497,17.81968879699707,1745964357.497,17.81968879699707,1745964357.497,17.81968879699707,1745964357.497,17.81968879699707
1745964357.759,18.082350492477417,1745964357.759,18.082350492477417,1745964357.759,18.082350492477417,1745964357.759,18.082350492477417
1745964358.021,18.34362506866455,1745964358.021,18.34362506866455,1745964358.021,18.34362506866455,1745964358.021,18.34362506866455
1745964358.281,18.603699684143066,1745964358.281,18.603699684143066,1745964358.281,18.603699684143066,1745964358.281,18.603699684143066
1745964358.543,18.865651607513428,1745964358.543,18.865651607513428,1745964358.543,18.865651607513428,1745964358.543,18.865651607513428
1745964358.82,19.143091201782227,1745964358.82,19.143091201782227,1745964358.82,19.143091201782227,1745964358.82,19.143091201782227
1745964359.067,19.390259742736816,1745964359.067,19.390259742736816,1745964359.067,19.390259742736816,1745964359.067,19.390259742736816
1745964359.329,19.652165412902832,1745964359.329,19.652165412902832,1745964359.329,19.652165412902832,1745964359.329,19.652165412902832
1745964359.565,19.88781213760376,1745964359.565,19.88781213760376,1745964359.565,19.88781213760376,1745964359.565,19.88781213760376
1745964359.807,20.13001322746277,1745964359.807,20.13001322746277,1745964359.807,20.13001322746277,1745964359.807,20.13001322746277
1745964360.083,20.405885934829712,1745964360.083,20.405885934829712,1745964360.083,20.405885934829712,1745964360.083,20.405885934829712
1745964360.329,20.65155577659607,1745964360.329,20.65155577659607,1745964360.329,20.65155577659607,1745964360.329,20.65155577659607
1745964360.558,20.880634307861328,1745964360.558,20.880634307861328,1745964360.558,20.880634307861328,1745964360.558,20.880634307861328
1745964360.835,21.15786838531494,1745964360.835,21.15786838531494,1745964360.835,21.15786838531494,1745964360.835,21.15786838531494
1745964361.081,21.4038188457489,1745964361.081,21.4038188457489,1745964361.081,21.4038188457489,1745964361.081,21.4038188457489
1745964361.344,21.666536331176758,1745964361.344,21.666536331176758,1745964361.344,21.666536331176758,1745964361.344,21.666536331176758
1745964361.605,21.92759680747986,1745964361.605,21.92759680747986,1745964361.605,21.92759680747986,1745964361.605,21.92759680747986
1745964361.88,22.203209400177002,1745964361.88,22.203209400177002,1745964361.88,22.203209400177002,1745964361.88,22.203209400177002
1745964362.125,22.448095560073853,1745964362.125,22.448095560073853,1745964362.125,22.448095560073853,1745964362.125,22.448095560073853
1745964362.374,22.697126865386963,1745964362.374,22.697126865386963,1745964362.374,22.697126865386963,1745964362.374,22.697126865386963
1745964362.61,22.932927131652832,1745964362.61,22.932927131652832,1745964362.61,22.932927131652832,1745964362.61,22.932927131652832
1745964362.882,23.205090045928955,1745964362.882,23.205090045928955,1745964362.882,23.205090045928955,1745964362.882,23.205090045928955
1745964363.144,23.466562271118164,1745964363.144,23.466562271118164,1745964363.144,23.466562271118164,1745964363.144,23.466562271118164
1745964363.408,23.730913162231445,1745964363.408,23.730913162231445,1745964363.408,23.730913162231445,1745964363.408,23.730913162231445
1745964363.67,23.992599487304688,1745964363.67,23.992599487304688,1745964363.67,23.992599487304688,1745964363.67,23.992599487304688
1745964363.932,24.25469183921814,1745964363.932,24.25469183921814,1745964363.932,24.25469183921814,1745964363.932,24.25469183921814
1745964364.196,24.518669366836548,1745964364.196,24.518669366836548,1745964364.196,24.518669366836548,1745964364.196,24.518669366836548
1745964364.456,24.77894353866577,1745964364.456,24.77894353866577,1745964364.456,24.77894353866577,1745964364.456,24.77894353866577
1745964364.717,25.039642095565796,1745964364.717,25.039642095565796,1745964364.717,25.039642095565796,1745964364.717,25.039642095565796
1745964364.993,25.31578516960144,1745964364.993,25.31578516960144,1745964364.993,25.31578516960144,1745964364.993,25.31578516960144
1745964365.239,25.56206440925598,1745964365.239,25.56206440925598,1745964365.239,25.56206440925598,1745964365.239,25.56206440925598
1745964365.502,25.824984788894653,1745964365.502,25.824984788894653,1745964365.502,25.824984788894653,1745964365.502,25.824984788894653
1745964365.749,26.072197437286377,1745964365.749,26.072197437286377,1745964365.749,26.072197437286377,1745964365.749,26.072197437286377
1745964366.013,26.33600878715515,1745964366.013,26.33600878715515,1745964366.013,26.33600878715515,1745964366.013,26.33600878715515
1745964366.287,26.609991312026978,1745964366.287,26.609991312026978,1745964366.287,26.609991312026978,1745964366.287,26.609991312026978
1745964366.548,26.87085771560669,1745964366.548,26.87085771560669,1745964366.548,26.87085771560669,1745964366.548,26.87085771560669
1745964366.808,27.131335973739624,1745964366.808,27.131335973739624,1745964366.808,27.131335973739624,1745964366.808,27.131335973739624
1745964367.072,27.395255088806152,1745964367.072,27.395255088806152,1745964367.072,27.395255088806152,1745964367.072,27.395255088806152
1745964367.332,27.655044555664062,1745964367.332,27.655044555664062,1745964367.332,27.655044555664062,1745964367.332,27.655044555664062
1745964367.579,27.901527643203735,1745964367.579,27.901527643203735,1745964367.579,27.901527643203735,1745964367.579,27.901527643203735
1745964367.843,28.166274547576904,1745964367.843,28.166274547576904,1745964367.843,28.166274547576904,1745964367.843,28.166274547576904
1745964368.105,28.427727699279785,1745964368.105,28.427727699279785,1745964368.105,28.427727699279785,1745964368.105,28.427727699279785
1745964368.37,28.692848443984985,1745964368.37,28.692848443984985,1745964368.37,28.692848443984985,1745964368.37,28.692848443984985
1745964368.618,28.940930366516113,1745964368.618,28.940930366516113,1745964368.618,28.940930366516113,1745964368.618,28.940930366516113
1745964368.881,29.203866958618164,1745964368.881,29.203866958618164,1745964368.881,29.203866958618164,1745964368.881,29.203866958618164
1745964369.143,29.46572256088257,1745964369.143,29.46572256088257,1745964369.143,29.46572256088257,1745964369.143,29.46572256088257
1745964369.405,29.727985858917236,1745964369.405,29.727985858917236,1745964369.405,29.727985858917236,1745964369.405,29.727985858917236
1745964369.67,29.992883682250977,1745964369.67,29.992883682250977,1745964369.67,29.992883682250977,1745964369.67,29.992883682250977
1745964369.932,30.255109786987305,1745964369.932,30.255109786987305,1745964369.932,30.255109786987305,1745964369.932,30.255109786987305
1745964370.196,30.51912522315979,1745964370.196,30.51912522315979,1745964370.196,30.51912522315979,1745964370.196,30.51912522315979
1745964370.458,30.78088116645813,1745964370.458,30.78088116645813,1745964370.458,30.78088116645813,1745964370.458,30.78088116645813
1745964370.718,31.04124665260315,1745964370.718,31.04124665260315,1745964370.718,31.04124665260315,1745964370.718,31.04124665260315
1745964370.982,31.30509066581726,1745964370.982,31.30509066581726,1745964370.982,31.30509066581726,1745964370.982,31.30509066581726
1745964371.243,31.56569504737854,1745964371.243,31.56569504737854,1745964371.243,31.56569504737854,1745964371.243,31.56569504737854
1745964371.506,31.828893661499023,1745964371.506,31.828893661499023,1745964371.506,31.828893661499023,1745964371.506,31.828893661499023
1745964371.737,32.0602707862854,1745964371.737,32.0602707862854,1745964371.737,32.0602707862854,1745964371.737,32.0602707862854
1745964372.0,32.32333564758301,1745964372.0,32.32333564758301,1745964372.0,32.32333564758301,1745964372.0,32.32333564758301
1745964372.262,32.58509111404419,1745964372.262,32.58509111404419,1745964372.262,32.58509111404419,1745964372.262,32.58509111404419
1745964372.524,32.847421407699585,1745964372.524,32.847421407699585,1745964372.524,32.847421407699585,1745964372.524,32.847421407699585
1745964372.772,33.0953094959259,1745964372.772,33.0953094959259,1745964372.772,33.0953094959259,1745964372.772,33.0953094959259
1745964373.036,33.359079122543335,1745964373.036,33.359079122543335,1745964373.036,33.359079122543335,1745964373.036,33.359079122543335
1745964373.298,33.6212522983551,1745964373.298,33.6212522983551,1745964373.298,33.6212522983551,1745964373.298,33.6212522983551
1745964373.559,33.8823618888855,1745964373.559,33.8823618888855,1745964373.559,33.8823618888855,1745964373.559,33.8823618888855
1745964373.823,34.14620661735535,1745964373.823,34.14620661735535,1745964373.823,34.14620661735535,1745964373.823,34.14620661735535
1745964374.085,34.407986640930176,1745964374.085,34.407986640930176,1745964374.085,34.407986640930176,1745964374.085,34.407986640930176
1745964374.347,34.66976714134216,1745964374.347,34.66976714134216,1745964374.347,34.66976714134216,1745964374.347,34.66976714134216
1745964374.608,34.93054223060608,1745964374.608,34.93054223060608,1745964374.608,34.93054223060608,1745964374.608,34.93054223060608
1745964374.87,35.19255304336548,1745964374.87,35.19255304336548,1745964374.87,35.19255304336548,1745964374.87,35.19255304336548
1745964375.134,35.457096099853516,1745964375.134,35.457096099853516,1745964375.134,35.457096099853516,1745964375.134,35.457096099853516
1745964375.397,35.71994638442993,1745964375.397,35.71994638442993,1745964375.397,35.71994638442993,1745964375.397,35.71994638442993
1745964375.658,35.98128032684326,1745964375.658,35.98128032684326,1745964375.658,35.98128032684326,1745964375.658,35.98128032684326
1745964375.907,36.23002099990845,1745964375.907,36.23002099990845,1745964375.907,36.23002099990845,1745964375.907,36.23002099990845
1745964376.153,36.476274490356445,1745964376.153,36.476274490356445,1745964376.153,36.476274490356445,1745964376.153,36.476274490356445
1745964376.43,36.75273251533508,1745964376.43,36.75273251533508,1745964376.43,36.75273251533508,1745964376.43,36.75273251533508
1745964376.669,36.9918053150177,1745964376.669,36.9918053150177,1745964376.669,36.9918053150177,1745964376.669,36.9918053150177
1745964376.94,37.26300239562988,1745964376.94,37.26300239562988,1745964376.94,37.26300239562988,1745964376.94,37.26300239562988
1745964377.202,37.52509641647339,1745964377.202,37.52509641647339,1745964377.202,37.52509641647339,1745964377.202,37.52509641647339
1745964377.464,37.78679084777832,1745964377.464,37.78679084777832,1745964377.464,37.78679084777832,1745964377.464,37.78679084777832
1745964377.728,38.05061054229736,1745964377.728,38.05061054229736,1745964377.728,38.05061054229736,1745964377.728,38.05061054229736
1745964377.99,38.31290578842163,1745964377.99,38.31290578842163,1745964377.99,38.31290578842163,1745964377.99,38.31290578842163
1745964378.236,38.55852293968201,1745964378.236,38.55852293968201,1745964378.236,38.55852293968201,1745964378.236,38.55852293968201
1745964378.498,38.82052683830261,1745964378.498,38.82052683830261,1745964378.498,38.82052683830261,1745964378.498,38.82052683830261
1745964378.758,39.08123564720154,1745964378.758,39.08123564720154,1745964378.758,39.08123564720154,1745964378.758,39.08123564720154
1745964379.02,39.343382835388184,1745964379.02,39.343382835388184,1745964379.02,39.343382835388184,1745964379.02,39.34358501434326
1745964379.282,39.60459017753601,1745964379.282,39.60459017753601,1745964379.282,39.60459017753601,1745964379.282,39.60459017753601
1745964379.545,39.86810851097107,1745964379.545,39.86810851097107,1745964379.545,39.86810851097107,1745964379.545,39.86810851097107
1745964379.804,40.12718939781189,1745964379.804,40.12718939781189,1745964379.804,40.12718939781189,1745964379.804,40.12718939781189
1745964380.054,40.37662744522095,1745964380.054,40.37662744522095,1745964380.054,40.37662744522095,1745964380.054,40.37662744522095
1745964380.314,40.63674736022949,1745964380.314,40.637134313583374,1745964380.314,40.637134313583374,1745964380.314,40.637134313583374
1745964380.576,40.89919638633728,1745964380.576,40.89919638633728,1745964380.576,40.89919638633728,1745964380.576,40.89919638633728
1745964380.812,41.135122299194336,1745964380.812,41.135122299194336,1745964380.812,41.135122299194336,1745964380.812,41.135122299194336
1745964381.06,41.38298940658569,1745964381.06,41.38298940658569,1745964381.06,41.38298940658569,1745964381.06,41.38298940658569
1745964381.324,41.64668679237366,1745964381.324,41.64668679237366,1745964381.324,41.64668679237366,1745964381.324,41.64668679237366
1745964381.589,41.911529541015625,1745964381.589,41.911529541015625,1745964381.589,41.911529541015625,1745964381.589,41.911529541015625
1745964381.852,42.175222396850586,1745964381.852,42.175222396850586,1745964381.852,42.175222396850586,1745964381.852,42.175222396850586
1745964382.102,42.42470073699951,1745964382.102,42.42470073699951,1745964382.102,42.42470073699951,1745964382.102,42.42470073699951
1745964382.362,42.68504357337952,1745964382.362,42.68504357337952,1745964382.362,42.68504357337952,1745964382.362,42.68504357337952
1745964382.622,42.94529318809509,1745964382.622,42.94529318809509,1745964382.622,42.94529318809509,1745964382.622,42.94529318809509
1745964382.883,43.20560598373413,1745964382.883,43.20560598373413,1745964382.883,43.20560598373413,1745964382.883,43.20560598373413
1745964383.129,43.452075481414795,1745964383.129,43.452075481414795,1745964383.129,43.452075481414795,1745964383.129,43.452075481414795
1745964383.374,43.69670748710632,1745964383.374,43.69670748710632,1745964383.374,43.69670748710632,1745964383.374,43.69670748710632
1745964383.636,43.95880126953125,1745964383.636,43.95880126953125,1745964383.636,43.95880126953125,1745964383.636,43.95880126953125
1745964383.898,44.22138953208923,1745964383.898,44.22138953208923,1745964383.898,44.22138953208923,1745964383.898,44.22138953208923
1745964384.147,44.470391035079956,1745964384.147,44.470391035079956,1745964384.147,44.470391035079956,1745964384.147,44.470391035079956
1745964384.409,44.73244667053223,1745964384.409,44.73244667053223,1745964384.409,44.73244667053223,1745964384.409,44.73244667053223
1745964384.67,44.992833852767944,1745964384.67,44.992833852767944,1745964384.67,44.992833852767944,1745964384.67,44.992833852767944
1745964384.931,45.254048109054565,1745964384.931,45.254048109054565,1745964384.931,45.254048109054565,1745964384.931,45.254048109054565
1745964385.191,45.514312505722046,1745964385.191,45.514312505722046,1745964385.191,45.514312505722046,1745964385.191,45.514312505722046
1745964385.439,45.76224493980408,1745964385.439,45.76224493980408,1745964385.439,45.76224493980408,1745964385.439,45.76224493980408
1745964385.689,46.01217532157898,1745964385.689,46.01217532157898,1745964385.689,46.01217532157898,1745964385.689,46.01217532157898
1745964385.946,46.26891469955444,1745964385.946,46.26891469955444,1745964385.946,46.26891469955444,1745964385.946,46.26891469955444
1745964386.194,46.51678538322449,1745964386.194,46.51678538322449,1745964386.194,46.51678538322449,1745964386.194,46.51678538322449
1745964386.455,46.77838063240051,1745964386.455,46.77838063240051,1745964386.455,46.77838063240051,1745964386.455,46.77838063240051
1745964386.69,47.013063192367554,1745964386.69,47.013063192367554,1745964386.69,47.013063192367554,1745964386.69,47.013063192367554
1745964386.95,47.27301335334778,1745964386.95,47.27301335334778,1745964386.95,47.27301335334778,1745964386.95,47.27301335334778
1745964387.183,47.506399393081665,1745964387.183,47.506399393081665,1745964387.183,47.506399393081665,1745964387.183,47.506399393081665
1745964387.459,47.78175354003906,1745964387.459,47.78175354003906,1745964387.459,47.78175354003906,1745964387.459,47.78175354003906
1745964387.689,48.01171612739563,1745964387.689,48.01171612739563,1745964387.689,48.01171612739563,1745964387.689,48.01171612739563
1745964387.95,48.27384924888611,1745964387.951,48.27384924888611,1745964387.951,48.27384924888611,1745964387.951,48.27384924888611
1745964388.199,48.52231574058533,1745964388.199,48.52231574058533,1745964388.199,48.52231574058533,1745964388.199,48.52231574058533
1745964388.445,48.768633127212524,1745964388.446,48.768633127212524,1745964388.446,48.768633127212524,1745964388.446,48.768633127212524
1745964388.694,49.01724982261658,1745964388.694,49.01724982261658,1745964388.694,49.01724982261658,1745964388.694,49.01724982261658
1745964388.953,49.2756621837616,1745964388.953,49.2756621837616,1745964388.953,49.2756621837616,1745964388.953,49.2756621837616
1745964389.215,49.538137912750244,1745964389.215,49.538137912750244,1745964389.215,49.538137912750244,1745964389.215,49.538137912750244
1745964389.478,49.80133104324341,1745964389.478,49.80133104324341,1745964389.478,49.80133104324341,1745964389.478,49.80133104324341
1745964389.713,50.03606700897217,1745964389.713,50.03606700897217,1745964389.713,50.03606700897217,1745964389.713,50.03606700897217
1745964389.986,50.3092577457428,1745964389.986,50.3092577457428,1745964389.986,50.3092577457428,1745964389.986,50.3092577457428
1745964390.247,50.57005786895752,1745964390.247,50.57005786895752,1745964390.247,50.57005786895752,1745964390.247,50.57005786895752
1745964390.51,50.83283519744873,1745964390.51,50.83283519744873,1745964390.51,50.83283519744873,1745964390.51,50.83283519744873
1745964390.744,51.06696629524231,1745964390.744,51.06696629524231,1745964390.744,51.06696629524231,1745964390.744,51.06696629524231
1745964391.001,51.32420325279236,1745964391.001,51.32420325279236,1745964391.001,51.32420325279236,1745964391.001,51.32420325279236
1745964391.234,51.55666446685791,1745964391.234,51.55666446685791,1745964391.234,51.55666446685791,1745964391.234,51.55666446685791
1745964391.496,51.81860709190369,1745964391.496,51.81860709190369,1745964391.496,51.81860709190369,1745964391.496,51.81860709190369
1745964391.75,52.07274079322815,1745964391.75,52.07274079322815,1745964391.75,52.07274079322815,1745964391.75,52.07274079322815
1745964392.018,52.34065079689026,1745964392.018,52.34065079689026,1745964392.018,52.34065079689026,1745964392.018,52.34065079689026
1745964392.281,52.60382413864136,1745964392.281,52.60382413864136,1745964392.281,52.60382413864136,1745964392.281,52.60382413864136
1745964392.529,52.85201692581177,1745964392.529,52.85201692581177,1745964392.529,52.85201692581177,1745964392.529,52.85201692581177
1745964392.765,53.08814191818237,1745964392.765,53.08814191818237,1745964392.765,53.08814191818237,1745964392.765,53.08814191818237
1745964393.04,53.36279034614563,1745964393.04,53.36279034614563,1745964393.04,53.36279034614563,1745964393.04,53.36279034614563
1745964393.303,53.626110792160034,1745964393.303,53.626110792160034,1745964393.303,53.626110792160034,1745964393.303,53.626110792160034
1745964393.566,53.888901233673096,1745964393.566,53.888901233673096,1745964393.566,53.888901233673096,1745964393.566,53.888901233673096
1745964393.825,54.1480438709259,1745964393.825,54.1480438709259,1745964393.825,54.1480438709259,1745964393.825,54.1480438709259
1745964394.087,54.41012477874756,1745964394.087,54.41012477874756,1745964394.087,54.41012477874756,1745964394.087,54.41012477874756
1745964394.337,54.6597740650177,1745964394.337,54.6597740650177,1745964394.337,54.6597740650177,1745964394.337,54.6597740650177
1745964394.584,54.906676054000854,1745964394.584,54.906676054000854,1745964394.584,54.906676054000854,1745964394.584,54.906676054000854
1745964394.847,55.170032024383545,1745964394.847,55.170032024383545,1745964394.847,55.170032024383545,1745964394.847,55.170032024383545
1745964395.111,55.433706760406494,1745964395.111,55.433706760406494,1745964395.111,55.433706760406494,1745964395.111,55.433706760406494
1745964395.375,55.69796085357666,1745964395.375,55.69796085357666,1745964395.375,55.69796085357666,1745964395.375,55.69796085357666
1745964395.638,55.96109628677368,1745964395.638,55.96109628677368,1745964395.638,55.96109628677368,1745964395.638,55.96109628677368
1745964395.902,56.225101709365845,1745964395.902,56.225101709365845,1745964395.902,56.225101709365845,1745964395.902,56.225101709365845
1745964396.181,56.50429654121399,1745964396.181,56.50429654121399,1745964396.181,56.50429654121399,1745964396.181,56.50429654121399
1745964396.444,56.76663613319397,1745964396.444,56.76663613319397,1745964396.444,56.76663613319397,1745964396.444,56.76663613319397
1745964396.691,57.014358043670654,1745964396.691,57.014358043670654,1745964396.691,57.014358043670654,1745964396.691,57.014358043670654
1745964396.945,57.26770758628845,1745964396.945,57.26770758628845,1745964396.945,57.26770758628845,1745964396.945,57.26770758628845
1745964397.2,57.52297616004944,1745964397.2,57.52297616004944,1745964397.2,57.52297616004944,1745964397.2,57.52297616004944
1745964397.463,57.786494970321655,1745964397.463,57.786494970321655,1745964397.463,57.786494970321655,1745964397.463,57.786494970321655
1745964397.741,58.063862323760986,1745964397.741,58.063862323760986,1745964397.741,58.063862323760986,1745964397.741,58.063862323760986
1745964397.991,58.31359076499939,1745964397.991,58.31359076499939,1745964397.991,58.31359076499939,1745964397.991,58.31359076499939
1745964398.252,58.57545471191406,1745964398.252,58.57545471191406,1745964398.252,58.57545471191406,1745964398.252,58.57545471191406
1745964398.516,58.838924169540405,1745964398.516,58.838924169540405,1745964398.516,58.838924169540405,1745964398.516,58.838924169540405
1745964398.778,59.100648164749146,1745964398.778,59.100648164749146,1745964398.778,59.100648164749146,1745964398.778,59.100648164749146
1745964399.039,59.362340450286865,1745964399.039,59.362340450286865,1745964399.039,59.362340450286865,1745964399.039,59.362340450286865
1745964399.3,59.623233795166016,1745964399.3,59.623233795166016,1745964399.3,59.623233795166016,1745964399.3,59.623233795166016
1745964399.564,59.88656520843506,1745964399.564,59.88656520843506,1745964399.564,59.88656520843506,1745964399.564,59.88656520843506
1745964399.813,60.136162519454956,1745964399.813,60.136162519454956,1745964399.813,60.136162519454956,1745964399.813,60.136162519454956
1745964400.086,60.40887999534607,1745964400.086,60.40887999534607,1745964400.086,60.40887999534607,1745964400.086,60.40887999534607
1745964400.348,60.670809507369995,1745964400.348,60.670809507369995,1745964400.348,60.670809507369995,1745964400.348,60.670809507369995
1745964400.595,60.91809868812561,1745964400.595,60.91809868812561,1745964400.595,60.91809868812561,1745964400.595,60.91809868812561
1745964400.857,61.1804141998291,1745964400.857,61.1804141998291,1745964400.857,61.1804141998291,1745964400.857,61.1804141998291
1745964401.117,61.44005727767944,1745964401.117,61.44005727767944,1745964401.117,61.44005727767944,1745964401.117,61.44005727767944
1745964401.366,61.68899917602539,1745964401.366,61.68899917602539,1745964401.366,61.68899917602539,1745964401.366,61.68899917602539
1745964401.628,61.950525522232056,1745964401.628,61.950525522232056,1745964401.628,61.950525522232056,1745964401.628,61.950525522232056
1745964401.875,62.19822120666504,1745964401.875,62.19822120666504,1745964401.875,62.19822120666504,1745964401.875,62.19822120666504
1745964402.123,62.4458281993866,1745964402.123,62.4458281993866,1745964402.123,62.4458281993866,1745964402.123,62.4458281993866
1745964402.369,62.69232201576233,1745964402.369,62.69232201576233,1745964402.369,62.69232201576233,1745964402.369,62.69232201576233
1745964402.631,62.953654289245605,1745964402.631,62.953654289245605,1745964402.631,62.953654289245605,1745964402.631,62.953654289245605
1745964402.877,63.20046639442444,1745964402.877,63.20046639442444,1745964402.877,63.20087456703186,1745964402.878,63.20087456703186
1745964403.125,63.44816327095032,1745964403.125,63.44816327095032,1745964403.125,63.44816327095032,1745964403.125,63.44816327095032
1745964403.372,63.694846868515015,1745964403.372,63.694846868515015,1745964403.372,63.694846868515015,1745964403.372,63.694846868515015
1745964403.649,63.971641540527344,1745964403.649,63.971641540527344,1745964403.649,63.971641540527344,1745964403.649,63.971641540527344
1745964403.895,64.21765303611755,1745964403.895,64.21765303611755,1745964403.895,64.21765303611755,1745964403.895,64.21765303611755
1745964404.157,64.47987604141235,1745964404.157,64.47987604141235,1745964404.157,64.47987604141235,1745964404.157,64.47987604141235
1745964404.417,64.74015665054321,1745964404.417,64.74015665054321,1745964404.417,64.74015665054321,1745964404.417,64.74015665054321
1745964404.696,65.01925849914551,1745964404.696,65.01925849914551,1745964404.696,65.01925849914551,1745964404.696,65.01925849914551
1745964404.944,65.2672770023346,1745964404.944,65.2672770023346,1745964404.944,65.2672770023346,1745964404.944,65.2672770023346
1745964405.191,65.51362252235413,1745964405.191,65.51362252235413,1745964405.191,65.51362252235413,1745964405.191,65.51362252235413
1745964405.452,65.77540802955627,1745964405.452,65.77540802955627,1745964405.452,65.77540802955627,1745964405.452,65.77540802955627
1745964405.715,66.03775382041931,1745964405.715,66.03775382041931,1745964405.715,66.03775382041931,1745964405.715,66.03775382041931
1745964405.979,66.30153584480286,1745964405.979,66.30153584480286,1745964405.979,66.30153584480286,1745964405.979,66.30153584480286
1745964406.24,66.56305050849915,1745964406.24,66.56305050849915,1745964406.24,66.56305050849915,1745964406.24,66.56305050849915
1745964406.501,66.82446527481079,1745964406.501,66.82446527481079,1745964406.501,66.82446527481079,1745964406.501,66.82446527481079
1745964406.763,67.08634281158447,1745964406.763,67.08634281158447,1745964406.763,67.08634281158447,1745964406.763,67.08634281158447
1745964407.011,67.33434510231018,1745964407.011,67.33434510231018,1745964407.011,67.33434510231018,1745964407.011,67.33434510231018
1745964407.287,67.61033582687378,1745964407.287,67.61033582687378,1745964407.287,67.61033582687378,1745964407.287,67.61033582687378
1745964407.552,67.87451910972595,1745964407.552,67.87451910972595,1745964407.552,67.87451910972595,1745964407.552,67.87451910972595
1745964407.814,68.13699173927307,1745964407.814,68.13699173927307,1745964407.814,68.13699173927307,1745964407.814,68.13699173927307
1745964408.076,68.39920616149902,1745964408.076,68.39920616149902,1745964408.076,68.39920616149902,1745964408.076,68.39920616149902
1745964408.344,68.66685223579407,1745964408.344,68.66685223579407,1745964408.344,68.66685223579407,1745964408.344,68.66685223579407
1745964408.605,68.92821526527405,1745964408.605,68.92821526527405,1745964408.605,68.92821526527405,1745964408.605,68.92821526527405
1745964408.882,69.20480132102966,1745964408.882,69.20480132102966,1745964408.882,69.20480132102966,1745964408.882,69.20480132102966
1745964409.129,69.4516441822052,1745964409.129,69.4516441822052,1745964409.129,69.4516441822052,1745964409.129,69.4516441822052
1745964409.378,69.70062780380249,1745964409.378,69.70062780380249,1745964409.378,69.70062780380249,1745964409.378,69.70062780380249
1745964409.64,69.96321868896484,1745964409.64,69.96321868896484,1745964409.64,69.96321868896484,1745964409.64,69.96321868896484
1745964409.903,70.22552013397217,1745964409.903,70.22552013397217,1745964409.903,70.22552013397217,1745964409.903,70.22552013397217
1745964410.164,70.48676609992981,1745964410.164,70.48676609992981,1745964410.164,70.48676609992981,1745964410.164,70.48676609992981
1745964410.428,70.75098037719727,1745964410.428,70.75098037719727,1745964410.428,70.75098037719727,1745964410.428,70.75098037719727
1745964410.69,71.01300358772278,1745964410.69,71.01300358772278,1745964410.69,71.01300358772278,1745964410.69,71.01300358772278
1745964410.936,71.25926375389099,1745964410.936,71.25926375389099,1745964410.936,71.25926375389099,1745964410.936,71.25926375389099
1745964411.185,71.50795197486877,1745964411.185,71.50795197486877,1745964411.185,71.50795197486877,1745964411.185,71.50795197486877
1745964411.434,71.75728797912598,1745964411.434,71.75728797912598,1745964411.434,71.75728797912598,1745964411.434,71.75728797912598
1745964411.709,72.03214573860168,1745964411.709,72.03214573860168,1745964411.709,72.03214573860168,1745964411.709,72.03214573860168
1745964411.952,72.27470326423645,1745964411.952,72.27470326423645,1745964411.952,72.27470326423645,1745964411.952,72.27470326423645
1745964412.218,72.54145288467407,1745964412.218,72.54145288467407,1745964412.218,72.54145288467407,1745964412.218,72.54145288467407
1745964412.48,72.80333852767944,1745964412.48,72.80333852767944,1745964412.48,72.80333852767944,1745964412.48,72.80333852767944
1745964412.757,73.08022236824036,1745964412.757,73.08022236824036,1745964412.757,73.08022236824036,1745964412.757,73.08022236824036
1745964413.002,73.3245542049408,1745964413.002,73.3245542049408,1745964413.002,73.3245542049408,1745964413.002,73.3245542049408
1745964413.262,73.58454585075378,1745964413.262,73.58454585075378,1745964413.262,73.58454585075378,1745964413.262,73.58454585075378
1745964413.526,73.84924840927124,1745964413.526,73.84924840927124,1745964413.526,73.84924840927124,1745964413.526,73.84924840927124
1745964413.802,74.12459421157837,1745964413.802,74.12459421157837,1745964413.802,74.12459421157837,1745964413.802,74.12459421157837
1745964414.047,74.37045383453369,1745964414.047,74.37045383453369,1745964414.047,74.37045383453369,1745964414.047,74.37045383453369
1745964414.308,74.63067388534546,1745964414.308,74.63067388534546,1745964414.308,74.63067388534546,1745964414.308,74.63067388534546
1745964414.584,74.90691661834717,1745964414.584,74.90691661834717,1745964414.584,74.90691661834717,1745964414.584,74.90691661834717
1745964414.845,75.16796350479126,1745964414.845,75.16796350479126,1745964414.845,75.16796350479126,1745964414.845,75.16796350479126
1745964415.106,75.42880392074585,1745964415.106,75.42880392074585,1745964415.106,75.42912316322327,1745964415.106,75.42912316322327
1745964415.381,75.70357704162598,1745964415.381,75.70357704162598,1745964415.381,75.70357704162598,1745964415.381,75.70357704162598
1745964415.631,75.95357513427734,1745964415.631,75.95357513427734,1745964415.631,75.95357513427734,1745964415.631,75.95357513427734
1745964415.877,76.20032620429993,1745964415.877,76.20032620429993,1745964415.877,76.20032620429993,1745964415.877,76.20032620429993
1745964416.127,76.44960498809814,1745964416.127,76.44960498809814,1745964416.127,76.44960498809814,1745964416.127,76.44960498809814
1745964416.388,76.71097922325134,1745964416.388,76.71097922325134,1745964416.388,76.71097922325134,1745964416.388,76.71097922325134
1745964416.652,76.97510361671448,1745964416.652,76.97510361671448,1745964416.652,76.97510361671448,1745964416.652,76.97510361671448
1745964416.929,77.2516131401062,1745964416.929,77.2516131401062,1745964416.929,77.2516131401062,1745964416.929,77.2516131401062
1745964417.191,77.51352763175964,1745964417.191,77.51352763175964,1745964417.191,77.51352763175964,1745964417.191,77.51352763175964
1745964417.451,77.7735641002655,1745964417.451,77.7735641002655,1745964417.451,77.7735641002655,1745964417.451,77.7735641002655
1745964417.715,78.03808569908142,1745964417.715,78.03808569908142,1745964417.715,78.03808569908142,1745964417.715,78.03808569908142
1745964417.991,78.3140275478363,1745964417.991,78.3140275478363,1745964417.991,78.3140275478363,1745964417.991,78.3140275478363
1745964418.24,78.56322598457336,1745964418.24,78.56322598457336,1745964418.24,78.56322598457336,1745964418.24,78.56322598457336
1745964418.502,78.82478332519531,1745964418.502,78.82478332519531,1745964418.502,78.82478332519531,1745964418.502,78.82478332519531
1745964418.766,79.08938765525818,1745964418.766,79.08938765525818,1745964418.766,79.08938765525818,1745964418.766,79.08938765525818
1745964419.01,79.33349299430847,1745964419.01,79.33349299430847,1745964419.01,79.33349299430847,1745964419.01,79.33349299430847
1745964419.289,79.61176919937134,1745964419.289,79.61176919937134,1745964419.289,79.61176919937134,1745964419.289,79.61176919937134
1745964419.551,79.8737440109253,1745964419.551,79.8737440109253,1745964419.551,79.8737440109253,1745964419.551,79.8737440109253
1745964419.813,80.13648009300232,1745964419.813,80.13648009300232,1745964419.813,80.13648009300232,1745964419.813,80.13648009300232
1745964420.076,80.39874029159546,1745964420.076,80.39874029159546,1745964420.076,80.39874029159546,1745964420.076,80.39874029159546
1745964420.338,80.66088676452637,1745964420.338,80.66088676452637,1745964420.338,80.66088676452637,1745964420.338,80.66088676452637
1745964420.6,80.92305421829224,1745964420.6,80.92305421829224,1745964420.6,80.92305421829224,1745964420.6,80.92305421829224
1745964420.862,81.18470239639282,1745964420.862,81.18470239639282,1745964420.862,81.18470239639282,1745964420.862,81.18470239639282
1745964421.11,81.43321347236633,1745964421.11,81.43321347236633,1745964421.11,81.43321347236633,1745964421.11,81.43321347236633
1745964421.371,81.69413423538208,1745964421.371,81.69413423538208,1745964421.371,81.69413423538208,1745964421.371,81.69413423538208
1745964421.618,81.94107556343079,1745964421.618,81.94107556343079,1745964421.618,81.94107556343079,1745964421.618,81.94107556343079
1745964421.883,82.20579290390015,1745964421.883,82.20579290390015,1745964421.883,82.20579290390015,1745964421.883,82.20579290390015
1745964422.129,82.45198082923889,1745964422.129,82.45198082923889,1745964422.129,82.45198082923889,1745964422.129,82.45198082923889
1745964422.376,82.6990225315094,1745964422.376,82.6990225315094,1745964422.376,82.6990225315094,1745964422.376,82.6990225315094
1745964422.637,82.96033024787903,1745964422.637,82.96033024787903,1745964422.637,82.96033024787903,1745964422.637,82.96033024787903
1745964422.915,83.23833513259888,1745964422.915,83.23833513259888,1745964422.915,83.23833513259888,1745964422.915,83.23833513259888
1745964423.139,83.46182012557983,1745964423.139,83.46182012557983,1745964423.139,83.46182012557983,1745964423.139,83.46182012557983
1745964423.41,83.73256182670593,1745964423.41,83.73256182670593,1745964423.41,83.73256182670593,1745964423.41,83.73256182670593
1745964423.671,83.99366044998169,1745964423.671,83.99366044998169,1745964423.671,83.99366044998169,1745964423.671,83.99366044998169
1745964423.93,84.25312852859497,1745964423.93,84.25312852859497,1745964423.93,84.25347471237183,1745964423.93,84.25347471237183
1745964424.178,84.50075960159302,1745964424.178,84.50075960159302,1745964424.178,84.50075960159302,1745964424.178,84.50075960159302
1745964424.44,84.7626564502716,1745964424.44,84.7626564502716,1745964424.44,84.7626564502716,1745964424.44,84.7626564502716
1745964424.7,85.02349853515625,1745964424.7,85.02349853515625,1745964424.7,85.02349853515625,1745964424.7,85.02349853515625
1745964424.947,85.26982069015503,1745964424.947,85.26982069015503,1745964424.947,85.26982069015503,1745964424.947,85.26982069015503
1745964425.183,85.50588130950928,1745964425.183,85.50588130950928,1745964425.183,85.50588130950928,1745964425.183,85.50588130950928
1745964425.457,85.78004336357117,1745964425.457,85.78004336357117,1745964425.457,85.78004336357117,1745964425.457,85.78004336357117
1745964425.719,86.04235529899597,1745964425.719,86.04235529899597,1745964425.719,86.04235529899597,1745964425.719,86.04235529899597
1745964425.981,86.30388879776001,1745964425.981,86.30388879776001,1745964425.981,86.30388879776001,1745964425.981,86.30388879776001
1745964426.241,86.56398630142212,1745964426.241,86.56398630142212,1745964426.241,86.56398630142212,1745964426.241,86.56398630142212
1745964426.503,86.82650661468506,1745964426.503,86.82650661468506,1745964426.503,86.82650661468506,1745964426.503,86.82650661468506
1745964426.749,87.07227301597595,1745964426.749,87.07227301597595,1745964426.749,87.07227301597595,1745964426.749,87.07227301597595
1745964427.013,87.33614897727966,1745964427.013,87.33614897727966,1745964427.013,87.33614897727966,1745964427.013,87.33614897727966
1745964427.263,87.58633661270142,1745964427.263,87.58633661270142,1745964427.263,87.58633661270142,1745964427.263,87.58633661270142
1745964427.536,87.85856604576111,1745964427.536,87.85856604576111,1745964427.536,87.85856604576111,1745964427.536,87.85856604576111
1745964427.799,88.12184047698975,1745964427.799,88.12184047698975,1745964427.799,88.12184047698975,1745964427.799,88.12184047698975
1745964428.048,88.37071084976196,1745964428.048,88.37071084976196,1745964428.048,88.37071084976196,1745964428.048,88.37071084976196
1745964428.31,88.63297009468079,1745964428.31,88.63297009468079,1745964428.31,88.63297009468079,1745964428.31,88.63297009468079
1745964428.586,88.90874671936035,1745964428.586,88.90874671936035,1745964428.586,88.90874671936035,1745964428.586,88.90874671936035
1745964428.848,89.17131543159485,1745964428.848,89.17131543159485,1745964428.848,89.17131543159485,1745964428.848,89.17131543159485
1745964429.11,89.43298053741455,1745964429.11,89.43298053741455,1745964429.11,89.43298053741455,1745964429.11,89.43298053741455
1745964429.37,89.69341492652893,1745964429.37,89.69341492652893,1745964429.37,89.69341492652893,1745964429.37,89.69341492652893
1745964429.647,89.9698269367218,1745964429.647,89.9698269367218,1745964429.647,89.9698269367218,1745964429.647,89.9698269367218
1745964429.893,90.21613335609436,1745964429.893,90.21613335609436,1745964429.893,90.21613335609436,1745964429.893,90.21613335609436
1745964430.155,90.47783660888672,1745964430.155,90.47783660888672,1745964430.155,90.47783660888672,1745964430.155,90.47783660888672
1745964430.418,90.74105095863342,1745964430.418,90.74105095863342,1745964430.418,90.74105095863342,1745964430.418,90.74105095863342
1745964430.693,91.0158178806305,1745964430.693,91.0158178806305,1745964430.693,91.0158178806305,1745964430.693,91.0158178806305
1745964430.954,91.27673363685608,1745964430.954,91.27673363685608,1745964430.954,91.27673363685608,1745964430.954,91.27673363685608
1745964431.183,91.50642609596252,1745964431.183,91.50642609596252,1745964431.183,91.50642609596252,1745964431.183,91.5068826675415
1745964431.461,91.78361368179321,1745964431.461,91.78361368179321,1745964431.461,91.78361368179321,1745964431.461,91.78361368179321
1745964431.708,92.03136420249939,1745964431.708,92.03136420249939,1745964431.708,92.03136420249939,1745964431.708,92.03136420249939
1745964431.97,92.29286313056946,1745964431.97,92.29286313056946,1745964431.97,92.29286313056946,1745964431.97,92.29286313056946
1745964432.231,92.5538718700409,1745964432.231,92.5538718700409,1745964432.231,92.5538718700409,1745964432.231,92.5538718700409
1745964432.494,92.81664967536926,1745964432.494,92.81664967536926,1745964432.494,92.81664967536926,1745964432.494,92.81664967536926
1745964432.755,93.07801365852356,1745964432.755,93.07801365852356,1745964432.755,93.07801365852356,1745964432.755,93.07801365852356
1745964433.017,93.33955430984497,1745964433.017,93.33955430984497,1745964433.017,93.33955430984497,1745964433.017,93.33955430984497
1745964433.281,93.60374355316162,1745964433.281,93.60374355316162,1745964433.281,93.60374355316162,1745964433.281,93.60374355316162
1745964433.544,93.86740374565125,1745964433.544,93.86740374565125,1745964433.544,93.86740374565125,1745964433.544,93.86740374565125
1745964433.807,94.12965273857117,1745964433.807,94.12965273857117,1745964433.807,94.12965273857117,1745964433.807,94.12965273857117
1745964434.067,94.39035964012146,1745964434.067,94.39035964012146,1745964434.067,94.39035964012146,1745964434.067,94.39035964012146
1745964434.331,94.65375280380249,1745964434.331,94.65375280380249,1745964434.331,94.65375280380249,1745964434.331,94.65375280380249
1745964434.594,94.9170868396759,1745964434.594,94.9170868396759,1745964434.594,94.9170868396759,1745964434.594,94.9170868396759
1745964434.855,95.17788696289062,1745964434.855,95.17788696289062,1745964434.855,95.17788696289062,1745964434.855,95.17788696289062
1745964435.129,95.45242810249329,1745964435.129,95.45242810249329,1745964435.129,95.45242810249329,1745964435.129,95.45242810249329
1745964435.363,95.68563556671143,1745964435.363,95.68563556671143,1745964435.363,95.68563556671143,1745964435.363,95.68563556671143
1745964435.619,95.94230318069458,1745964435.619,95.94230318069458,1745964435.619,95.94230318069458,1745964435.619,95.94230318069458
1745964435.897,96.219735622406,1745964435.897,96.219735622406,1745964435.897,96.219735622406,1745964435.897,96.219735622406
1745964436.16,96.48291373252869,1745964436.16,96.48291373252869,1745964436.16,96.48291373252869,1745964436.16,96.48291373252869
1745964436.421,96.74414348602295,1745964436.421,96.74414348602295,1745964436.421,96.74414348602295,1745964436.421,96.74414348602295
1745964436.684,97.00726652145386,1745964436.684,97.00726652145386,1745964436.684,97.00726652145386,1745964436.684,97.00726652145386
1745964436.946,97.26941299438477,1745964436.946,97.26941299438477,1745964436.946,97.26941299438477,1745964436.946,97.26941299438477
1745964437.192,97.51524710655212,1745964437.192,97.51524710655212,1745964437.192,97.51524710655212,1745964437.192,97.51524710655212
1745964437.444,97.76700282096863,1745964437.444,97.76700282096863,1745964437.444,97.76700282096863,1745964437.444,97.76700282096863
1745964437.701,98.02393388748169,1745964437.701,98.02393388748169,1745964437.701,98.02393388748169,1745964437.701,98.02393388748169
1745964437.948,98.2715277671814,1745964437.949,98.2715277671814,1745964437.949,98.2715277671814,1745964437.949,98.2715277671814
1745964438.224,98.54694437980652,1745964438.224,98.54694437980652,1745964438.224,98.54694437980652,1745964438.224,98.54694437980652
1745964438.489,98.81167674064636,1745964438.489,98.81167674064636,1745964438.489,98.81167674064636,1745964438.489,98.81167674064636
1745964438.749,99.0723283290863,1745964438.749,99.0723283290863,1745964438.749,99.0723283290863,1745964438.749,99.0723283290863
1745964438.998,99.32069540023804,1745964438.998,99.32069540023804,1745964438.998,99.32069540023804,1745964438.998,99.32069540023804
1745964439.243,99.56644797325134,1745964439.243,99.56644797325134,1745964439.243,99.56644797325134,1745964439.243,99.56644797325134
1745964439.491,99.81424951553345,1745964439.491,99.81424951553345,1745964439.491,99.81424951553345,1745964439.491,99.81424951553345
1745964439.755,100.07832431793213,1745964439.755,100.07832431793213,1745964439.755,100.07832431793213,1745964439.755,100.07832431793213
1745964440.019,100.34184098243713,1745964440.019,100.34184098243713,1745964440.019,100.34184098243713,1745964440.019,100.34184098243713
1745964440.282,100.60540390014648,1745964440.282,100.60540390014648,1745964440.282,100.60540390014648,1745964440.282,100.60540390014648
1745964440.546,100.86868834495544,1745964440.546,100.86868834495544,1745964440.546,100.86868834495544,1745964440.546,100.86868834495544
1745964440.807,101.1300585269928,1745964440.807,101.1300585269928,1745964440.807,101.1300585269928,1745964440.807,101.1300585269928
1745964441.086,101.40859413146973,1745964441.086,101.40859413146973,1745964441.086,101.40859413146973,1745964441.086,101.40859413146973
1745964441.349,101.67159128189087,1745964441.349,101.67159128189087,1745964441.349,101.67159128189087,1745964441.349,101.67159128189087
1745964441.612,101.934903383255,1745964441.612,101.934903383255,1745964441.612,101.934903383255,1745964441.612,101.934903383255
1745964441.875,102.19784021377563,1745964441.875,102.19784021377563,1745964441.875,102.19784021377563,1745964441.875,102.19784021377563
1745964442.123,102.44620776176453,1745964442.123,102.44620776176453,1745964442.123,102.44620776176453,1745964442.123,102.44620776176453
1745964442.386,102.70918464660645,1745964442.386,102.70918464660645,1745964442.386,102.70918464660645,1745964442.386,102.70918464660645
1745964442.663,102.98620915412903,1745964442.663,102.98620915412903,1745964442.663,102.98620915412903,1745964442.663,102.98620915412903
1745964442.923,103.24621796607971,1745964442.923,103.24621796607971,1745964442.923,103.24621796607971,1745964442.923,103.24621796607971
1745964443.172,103.49536204338074,1745964443.172,103.49536204338074,1745964443.172,103.49536204338074,1745964443.172,103.49536204338074
1745964443.433,103.75595474243164,1745964443.433,103.75595474243164,1745964443.433,103.75595474243164,1745964443.433,103.75595474243164
1745964443.71,104.03322124481201,1745964443.71,104.03322124481201,1745964443.71,104.03322124481201,1745964443.71,104.03322124481201
1745964443.971,104.29388236999512,1745964443.971,104.29388236999512,1745964443.971,104.29388236999512,1745964443.971,104.29388236999512
1745964444.232,104.55524349212646,1745964444.232,104.55524349212646,1745964444.232,104.55524349212646,1745964444.232,104.55524349212646
1745964444.482,104.80460333824158,1745964444.482,104.80460333824158,1745964444.482,104.80460333824158,1745964444.482,104.80460333824158
1745964444.752,105.07516479492188,1745964444.752,105.07516479492188,1745964444.752,105.07516479492188,1745964444.752,105.07516479492188
1745964445.015,105.33799433708191,1745964445.015,105.33799433708191,1745964445.015,105.33799433708191,1745964445.015,105.33799433708191
1745964445.277,105.60009169578552,1745964445.277,105.60009169578552,1745964445.277,105.60009169578552,1745964445.277,105.60009169578552
1745964445.535,105.85894465446472,1745964445.536,105.85894465446472,1745964445.536,105.85894465446472,1745964445.536,105.85894465446472
1745964445.802,106.12465453147888,1745964445.802,106.12465453147888,1745964445.802,106.12465453147888,1745964445.802,106.12465453147888
1745964446.05,106.3731336593628,1745964446.05,106.3731336593628,1745964446.05,106.3731336593628,1745964446.05,106.3731336593628
1745964446.298,106.62113738059998,1745964446.298,106.62113738059998,1745964446.298,106.62113738059998,1745964446.298,106.62113738059998
1745964446.549,106.8722755908966,1745964446.549,106.8722755908966,1745964446.549,106.8722755908966,1745964446.549,106.8722755908966
1745964446.805,107.12761211395264,1745964446.805,107.12761211395264,1745964446.805,107.12761211395264,1745964446.805,107.12761211395264
1745964447.051,107.37488317489624,1745964447.052,107.37488317489624,1745964447.052,107.37488317489624,1745964447.052,107.37488317489624
1745964447.313,107.63578367233276,1745964447.313,107.63578367233276,1745964447.313,107.63578367233276,1745964447.313,107.63578367233276
1745964447.571,107.89386177062988,1745964447.571,107.89386177062988,1745964447.571,107.89386177062988,1745964447.571,107.89386177062988
1745964447.818,108.14066171646118,1745964447.818,108.14066171646118,1745964447.818,108.14066171646118,1745964447.818,108.14066171646118
1745964448.077,108.40014910697937,1745964448.077,108.40014910697937,1745964448.077,108.40014910697937,1745964448.077,108.40014910697937
1745964448.354,108.6765525341034,1745964448.354,108.6765525341034,1745964448.354,108.6765525341034,1745964448.354,108.6765525341034
1745964448.6,108.92296743392944,1745964448.6,108.92296743392944,1745964448.6,108.92296743392944,1745964448.6,108.92296743392944
1745964448.861,109.18408346176147,1745964448.861,109.18408346176147,1745964448.861,109.18408346176147,1745964448.861,109.18408346176147
1745964449.108,109.43062353134155,1745964449.108,109.43062353134155,1745964449.108,109.43062353134155,1745964449.108,109.43062353134155
1745964449.369,109.69207763671875,1745964449.369,109.69207763671875,1745964449.369,109.69207763671875,1745964449.369,109.69207763671875
1745964449.615,109.93773078918457,1745964449.615,109.93773078918457,1745964449.615,109.93773078918457,1745964449.615,109.93773078918457
1745964449.878,110.20090746879578,1745964449.878,110.20090746879578,1745964449.878,110.20090746879578,1745964449.878,110.20090746879578
1745964450.141,110.46391892433167,1745964450.141,110.46391892433167,1745964450.141,110.46391892433167,1745964450.141,110.46391892433167
1745964450.406,110.72862911224365,1745964450.406,110.72862911224365,1745964450.406,110.72862911224365,1745964450.406,110.72862911224365
1745964450.67,110.99255585670471,1745964450.67,110.99255585670471,1745964450.67,110.99255585670471,1745964450.67,110.99255585670471
1745964450.919,111.24247884750366,1745964450.919,111.24247884750366,1745964450.919,111.24247884750366,1745964450.919,111.24247884750366
1745964451.181,111.50359988212585,1745964451.181,111.50359988212585,1745964451.181,111.50359988212585,1745964451.181,111.50359988212585
1745964451.431,111.75413131713867,1745964451.431,111.75413131713867,1745964451.431,111.75413131713867,1745964451.431,111.75413131713867
1745964451.693,112.01633310317993,1745964451.693,112.01633310317993,1745964451.693,112.01633310317993,1745964451.693,112.01633310317993
1745964451.956,112.27862167358398,1745964451.956,112.27862167358398,1745964451.956,112.27862167358398,1745964451.956,112.27862167358398
1745964452.217,112.53988075256348,1745964452.217,112.53988075256348,1745964452.217,112.53988075256348,1745964452.217,112.53988075256348
1745964452.476,112.799241065979,1745964452.476,112.799241065979,1745964452.476,112.799241065979,1745964452.476,112.799241065979
1745964452.738,113.06097078323364,1745964452.738,113.06097078323364,1745964452.738,113.06097078323364,1745964452.738,113.06097078323364
1745964452.997,113.32009625434875,1745964452.997,113.32009625434875,1745964452.997,113.32009625434875,1745964452.997,113.32009625434875
1745964453.26,113.58344626426697,1745964453.26,113.58344626426697,1745964453.26,113.58344626426697,1745964453.26,113.58344626426697
1745964453.528,113.85132336616516,1745964453.528,113.85132336616516,1745964453.528,113.85132336616516,1745964453.528,113.85132336616516
1745964453.8,114.12295126914978,1745964453.8,114.12295126914978,1745964453.8,114.12295126914978,1745964453.8,114.12295126914978
1745964454.061,114.38388919830322,1745964454.061,114.38388919830322,1745964454.061,114.38388919830322,1745964454.061,114.38388919830322
1745964454.325,114.64821338653564,1745964454.325,114.64821338653564,1745964454.325,114.64821338653564,1745964454.325,114.64821338653564
1745964454.585,114.90833735466003,1745964454.585,114.90833735466003,1745964454.585,114.90833735466003,1745964454.585,114.90833735466003
1745964454.848,115.1707489490509,1745964454.848,115.1707489490509,1745964454.848,115.1707489490509,1745964454.848,115.1707489490509
1745964455.111,115.4344253540039,1745964455.111,115.4344253540039,1745964455.111,115.4344253540039,1745964455.111,115.4344253540039
1745964455.372,115.69458508491516,1745964455.372,115.69458508491516,1745964455.372,115.69458508491516,1745964455.372,115.69458508491516
1745964455.608,115.93131637573242,1745964455.608,115.93131637573242,1745964455.608,115.93131637573242,1745964455.608,115.93131637573242
1745964455.88,116.20341992378235,1745964455.88,116.20341992378235,1745964455.88,116.20341992378235,1745964455.88,116.20395231246948
1745964456.143,116.46593260765076,1745964456.143,116.46593260765076,1745964456.143,116.46593260765076,1745964456.143,116.46593260765076
1745964456.405,116.72780084609985,1745964456.405,116.72780084609985,1745964456.405,116.72780084609985,1745964456.405,116.72780084609985
1745964456.651,116.97431874275208,1745964456.651,116.97431874275208,1745964456.651,116.97431874275208,1745964456.651,116.97431874275208
1745964456.929,117.25201511383057,1745964456.929,117.25201511383057,1745964456.929,117.25201511383057,1745964456.929,117.25201511383057
1745964457.193,117.51645302772522,1745964457.193,117.51645302772522,1745964457.193,117.51645302772522,1745964457.193,117.51645302772522
1745964457.457,117.78000664710999,1745964457.457,117.78000664710999,1745964457.457,117.78000664710999,1745964457.457,117.78000664710999
1745964457.692,118.01472616195679,1745964457.692,118.01472616195679,1745964457.692,118.01472616195679,1745964457.692,118.01472616195679
1745964457.949,118.27169823646545,1745964457.949,118.27169823646545,1745964457.949,118.27169823646545,1745964457.949,118.27169823646545
1745964458.227,118.55007481575012,1745964458.227,118.55007481575012,1745964458.227,118.55007481575012,1745964458.227,118.55007481575012
1745964458.476,118.79880571365356,1745964458.476,118.79880571365356,1745964458.476,118.79880571365356,1745964458.476,118.79880571365356
1745964458.737,119.05958533287048,1745964458.737,119.05958533287048,1745964458.737,119.05958533287048,1745964458.737,119.05958533287048
1745964458.995,119.31846904754639,1745964458.995,119.31846904754639,1745964458.995,119.31846904754639,1745964458.995,119.31846904754639
1745964459.26,119.5828366279602,1745964459.26,119.5828366279602,1745964459.26,119.5828366279602,1745964459.26,119.5828366279602
1745964459.52,119.84342861175537,1745964459.52,119.84342861175537,1745964459.52,119.84342861175537,1745964459.52,119.84342861175537
1745964459.78,120.10283279418945,1745964459.78,120.10283279418945,1745964459.78,120.10283279418945,1745964459.78,120.10283279418945
1745964460.043,120.36617016792297,1745964460.043,120.36617016792297,1745964460.043,120.36617016792297,1745964460.043,120.36617016792297
1745964460.321,120.64426898956299,1745964460.321,120.64426898956299,1745964460.321,120.64426898956299,1745964460.321,120.64426898956299
1745964460.582,120.90491366386414,1745964460.582,120.90491366386414,1745964460.582,120.90491366386414,1745964460.582,120.90491366386414
1745964460.845,121.16802334785461,1745964460.845,121.16802334785461,1745964460.845,121.16802334785461,1745964460.845,121.16837406158447
1745964461.105,121.42833614349365,1745964461.105,121.42833614349365,1745964461.105,121.42833614349365,1745964461.105,121.42833614349365
1745964461.382,121.70548105239868,1745964461.382,121.70548105239868,1745964461.382,121.70548105239868,1745964461.382,121.70548105239868
1745964461.643,121.96584153175354,1745964461.643,121.96584153175354,1745964461.643,121.96584153175354,1745964461.643,121.96584153175354
1745964461.906,122.2287085056305,1745964461.906,122.2287085056305,1745964461.906,122.2287085056305,1745964461.906,122.2287085056305
1745964462.167,122.49004650115967,1745964462.167,122.49004650115967,1745964462.167,122.49004650115967,1745964462.167,122.49004650115967
1745964462.445,122.76793837547302,1745964462.445,122.76793837547302,1745964462.445,122.76793837547302,1745964462.445,122.76793837547302
1745964462.69,123.01283025741577,1745964462.69,123.01283025741577,1745964462.69,123.01283025741577,1745964462.69,123.01283025741577
1745964462.953,123.27624726295471,1745964462.953,123.27624726295471,1745964462.953,123.27624726295471,1745964462.953,123.27624726295471
1745964463.212,123.53531670570374,1745964463.212,123.53531670570374,1745964463.212,123.53531670570374,1745964463.212,123.53531670570374
1745964463.476,123.79929494857788,1745964463.476,123.79929494857788,1745964463.476,123.79929494857788,1745964463.476,123.79929494857788
1745964463.725,124.04828596115112,1745964463.725,124.04828596115112,1745964463.725,124.04828596115112,1745964463.725,124.04828596115112
1745964463.974,124.29689908027649,1745964463.974,124.29706168174744,1745964463.974,124.29706168174744,1745964463.974,124.29706168174744
1745964464.238,124.56094431877136,1745964464.238,124.56094431877136,1745964464.238,124.56094431877136,1745964464.238,124.56094431877136
1745964464.502,124.82501149177551,1745964464.502,124.82501149177551,1745964464.502,124.82501149177551,1745964464.502,124.82501149177551
1745964464.763,125.08591866493225,1745964464.763,125.08591866493225,1745964464.763,125.08591866493225,1745964464.763,125.08591866493225
1745964465.026,125.3486967086792,1745964465.026,125.3486967086792,1745964465.026,125.3486967086792,1745964465.026,125.3486967086792
1745964465.302,125.62465310096741,1745964465.302,125.62465310096741,1745964465.302,125.62465310096741,1745964465.302,125.62465310096741
1745964465.568,125.89128160476685,1745964465.568,125.89128160476685,1745964465.568,125.89128160476685,1745964465.568,125.89128160476685
1745964465.819,126.142263174057,1745964465.819,126.142263174057,1745964465.819,126.142263174057,1745964465.819,126.142263174057
1745964466.069,126.39226222038269,1745964466.069,126.39226222038269,1745964466.069,126.39226222038269,1745964466.069,126.39226222038269
1745964466.316,126.63928818702698,1745964466.316,126.63928818702698,1745964466.316,126.63928818702698,1745964466.316,126.63928818702698
1745964466.584,126.90658521652222,1745964466.584,126.90658521652222,1745964466.584,126.90658521652222,1745964466.584,126.90658521652222
1745964466.846,127.16882061958313,1745964466.846,127.16882061958313,1745964466.846,127.16882061958313,1745964466.846,127.16882061958313
1745964467.109,127.431640625,1745964467.109,127.431640625,1745964467.109,127.431640625,1745964467.109,127.431640625
1745964467.371,127.69402146339417,1745964467.371,127.69402146339417,1745964467.371,127.69402146339417,1745964467.371,127.69402146339417
1745964467.648,127.9705650806427,1745964467.648,127.9705650806427,1745964467.648,127.9705650806427,1745964467.648,127.9705650806427
1745964467.911,128.23402881622314,1745964467.911,128.23402881622314,1745964467.911,128.23402881622314,1745964467.911,128.23402881622314
1745964468.174,128.49671030044556,1745964468.174,128.49671030044556,1745964468.174,128.49671030044556,1745964468.174,128.49671030044556
1745964468.419,128.74240255355835,1745964468.419,128.74240255355835,1745964468.419,128.74240255355835,1745964468.419,128.74240255355835
1745964468.693,129.01600909233093,1745964468.693,129.01600909233093,1745964468.693,129.01600909233093,1745964468.693,129.01600909233093
1745964468.955,129.27792620658875,1745964468.955,129.27792620658875,1745964468.955,129.27792620658875,1745964468.955,129.27792620658875
1745964469.185,129.50764107704163,1745964469.185,129.50764107704163,1745964469.185,129.50764107704163,1745964469.185,129.50764107704163
1745964469.447,129.76960134506226,1745964469.447,129.76960134506226,1745964469.447,129.76960134506226,1745964469.447,129.76960134506226
1745964469.708,130.03075885772705,1745964469.708,130.03075885772705,1745964469.708,130.03075885772705,1745964469.708,130.03075885772705
1745964469.969,130.29156160354614,1745964469.969,130.29156160354614,1745964469.969,130.29156160354614,1745964469.969,130.29156160354614
1745964470.231,130.554030418396,1745964470.231,130.554030418396,1745964470.231,130.554030418396,1745964470.231,130.554030418396
1745964470.494,130.81732606887817,1745964470.494,130.81732606887817,1745964470.494,130.81732606887817,1745964470.494,130.81732606887817
1745964470.772,131.09457445144653,1745964470.772,131.09457445144653,1745964470.772,131.09457445144653,1745964470.772,131.09457445144653
1745964471.034,131.357280254364,1745964471.034,131.357280254364,1745964471.034,131.357280254364,1745964471.034,131.357280254364
1745964471.297,131.6202907562256,1745964471.297,131.6202907562256,1745964471.297,131.6202907562256,1745964471.297,131.6202907562256
1745964471.544,131.8668966293335,1745964471.544,131.8668966293335,1745964471.544,131.8668966293335,1745964471.544,131.8668966293335
1745964471.796,132.11869287490845,1745964471.796,132.11869287490845,1745964471.796,132.11869287490845,1745964471.796,132.11869287490845
1745964472.053,132.37562465667725,1745964472.053,132.37562465667725,1745964472.053,132.37562465667725,1745964472.053,132.37562465667725
1745964472.314,132.6370484828949,1745964472.314,132.6370484828949,1745964472.314,132.6370484828949,1745964472.314,132.6370484828949
1745964472.578,132.90074706077576,1745964472.578,132.90074706077576,1745964472.578,132.90074706077576,1745964472.578,132.90074706077576
1745964472.813,133.1358733177185,1745964472.813,133.1358733177185,1745964472.813,133.1358733177185,1745964472.813,133.1358733177185
1745964473.084,133.40657496452332,1745964473.084,133.40657496452332,1745964473.084,133.40657496452332,1745964473.084,133.40657496452332
1745964473.329,133.65209531784058,1745964473.329,133.65209531784058,1745964473.329,133.65209531784058,1745964473.329,133.65209531784058
1745964473.592,133.91454243659973,1745964473.592,133.91454243659973,1745964473.592,133.91454243659973,1745964473.592,133.91454243659973
1745964473.854,134.1769664287567,1745964473.854,134.1769664287567,1745964473.854,134.1769664287567,1745964473.854,134.1769664287567
1745964474.132,134.45460534095764,1745964474.132,134.45460534095764,1745964474.132,134.45460534095764,1745964474.132,134.45460534095764
1745964474.393,134.7159972190857,1745964474.393,134.7159972190857,1745964474.393,134.7159972190857,1745964474.393,134.7159972190857
1745964474.657,134.98026371002197,1745964474.657,134.98026371002197,1745964474.657,134.98026371002197,1745964474.657,134.98026371002197
1745964474.895,135.21838784217834,1745964474.895,135.21838784217834,1745964474.895,135.21838784217834,1745964474.895,135.21838784217834
1745964475.154,135.47720956802368,1745964475.154,135.47720956802368,1745964475.154,135.47720956802368,1745964475.154,135.47720956802368
1745964475.401,135.72419095039368,1745964475.401,135.72419095039368,1745964475.401,135.72419095039368,1745964475.401,135.72419095039368
1745964475.677,136.00027441978455,1745964475.677,136.00027441978455,1745964475.677,136.00027441978455,1745964475.677,136.00027441978455
1745964475.942,136.26496839523315,1745964475.942,136.26496839523315,1745964475.942,136.26496839523315,1745964475.942,136.26496839523315
1745964476.205,136.52848505973816,1745964476.205,136.52848505973816,1745964476.205,136.52848505973816,1745964476.205,136.52848505973816
1745964476.451,136.7741882801056,1745964476.451,136.7741882801056,1745964476.451,136.7741882801056,1745964476.451,136.7741882801056
1745964476.714,137.03678512573242,1745964476.714,137.03678512573242,1745964476.714,137.03678512573242,1745964476.714,137.03678512573242
1745964476.976,137.29915595054626,1745964476.976,137.29915595054626,1745964476.976,137.29915595054626,1745964476.976,137.29915595054626
1745964477.236,137.55943751335144,1745964477.236,137.55943751335144,1745964477.236,137.55943751335144,1745964477.236,137.55943751335144
1745964477.499,137.82196831703186,1745964477.499,137.82196831703186,1745964477.499,137.82196831703186,1745964477.499,137.82196831703186
1745964477.749,138.0715799331665,1745964477.749,138.0715799331665,1745964477.749,138.0715799331665,1745964477.749,138.0715799331665
1745964478.009,138.33243823051453,1745964478.009,138.33243823051453,1745964478.009,138.33243823051453,1745964478.009,138.33243823051453
1745964478.257,138.58032608032227,1745964478.257,138.58032608032227,1745964478.257,138.58032608032227,1745964478.257,138.58032608032227
1745964478.52,138.84312057495117,1745964478.52,138.84312057495117,1745964478.52,138.84312057495117,1745964478.52,138.84312057495117
1745964478.782,139.10504913330078,1745964478.782,139.10504913330078,1745964478.782,139.10504913330078,1745964478.782,139.10504913330078
1745964479.044,139.3674714565277,1745964479.044,139.3674714565277,1745964479.044,139.3674714565277,1745964479.044,139.3674714565277
1745964479.292,139.61517477035522,1745964479.292,139.61517477035522,1745964479.292,139.61517477035522,1745964479.292,139.61517477035522
1745964479.556,139.87908267974854,1745964479.556,139.87908267974854,1745964479.556,139.87908267974854,1745964479.556,139.87908267974854
1745964479.82,140.14253067970276,1745964479.82,140.14253067970276,1745964479.82,140.14253067970276,1745964479.82,140.14253067970276
1745964480.066,140.3895137310028,1745964480.066,140.3895137310028,1745964480.066,140.3895137310028,1745964480.066,140.3895137310028
1745964480.331,140.65374398231506,1745964480.331,140.65374398231506,1745964480.331,140.65374398231506,1745964480.331,140.65374398231506
1745964480.594,140.91721034049988,1745964480.594,140.91721034049988,1745964480.594,140.91721034049988,1745964480.594,140.91721034049988
1745964480.856,141.17924761772156,1745964480.856,141.17924761772156,1745964480.856,141.17924761772156,1745964480.856,141.17924761772156
1745964481.131,141.45447301864624,1745964481.131,141.45447301864624,1745964481.131,141.45447301864624,1745964481.131,141.45447301864624
1745964481.391,141.7141489982605,1745964481.391,141.7141489982605,1745964481.391,141.7141489982605,1745964481.391,141.7141489982605
1745964481.653,141.97594451904297,1745964481.653,141.97594451904297,1745964481.653,141.97594451904297,1745964481.653,141.97594451904297
1745964481.902,142.22461223602295,1745964481.902,142.22461223602295,1745964481.902,142.22461223602295,1745964481.902,142.22461223602295
1745964482.176,142.49949288368225,1745964482.176,142.49949288368225,1745964482.176,142.49949288368225,1745964482.176,142.49949288368225
1745964482.424,142.7468078136444,1745964482.424,142.7468078136444,1745964482.424,142.7468078136444,1745964482.424,142.7468078136444
1745964482.687,143.0100498199463,1745964482.687,143.0100498199463,1745964482.687,143.0100498199463,1745964482.687,143.0100498199463
1745964482.947,143.26953649520874,1745964482.947,143.26953649520874,1745964482.947,143.26953649520874,1745964482.947,143.26953649520874
1745964483.209,143.53165006637573,1745964483.209,143.53165006637573,1745964483.209,143.53165006637573,1745964483.209,143.53165006637573
1745964483.469,143.7921781539917,1745964483.469,143.7921781539917,1745964483.469,143.7921781539917,1745964483.469,143.7921781539917
1745964483.731,144.05432271957397,1745964483.731,144.05432271957397,1745964483.731,144.0544617176056,1745964483.731,144.0544617176056
1745964483.986,144.30919551849365,1745964483.986,144.30919551849365,1745964483.986,144.30919551849365,1745964483.986,144.30919551849365
1745964484.255,144.57849836349487,1745964484.255,144.57849836349487,1745964484.255,144.57849836349487,1745964484.255,144.57849836349487
1745964484.518,144.84146165847778,1745964484.518,144.84146165847778,1745964484.518,144.84146165847778,1745964484.518,144.84146165847778
1745964484.782,145.1055042743683,1745964484.782,145.1055042743683,1745964484.782,145.1055042743683,1745964484.782,145.1055042743683
1745964485.044,145.36686897277832,1745964485.044,145.36686897277832,1745964485.044,145.36686897277832,1745964485.044,145.36686897277832
1745964485.309,145.6319408416748,1745964485.309,145.6319408416748,1745964485.309,145.6319408416748,1745964485.309,145.6319408416748
1745964485.586,145.90899562835693,1745964485.586,145.90899562835693,1745964485.586,145.90899562835693,1745964485.586,145.90899562835693
1745964485.847,146.16998100280762,1745964485.847,146.16998100280762,1745964485.847,146.16998100280762,1745964485.847,146.16998100280762
1745964486.108,146.4309356212616,1745964486.108,146.4309356212616,1745964486.108,146.4309356212616,1745964486.108,146.4309356212616
1745964486.384,146.70652508735657,1745964486.384,146.70652508735657,1745964486.384,146.70652508735657,1745964486.384,146.70652508735657
1745964486.631,146.95427632331848,1745964486.631,146.95427632331848,1745964486.631,146.95427632331848,1745964486.631,146.95427632331848
1745964486.878,147.2013590335846,1745964486.878,147.2013590335846,1745964486.878,147.2013590335846,1745964486.878,147.2013590335846
1745964487.142,147.46465802192688,1745964487.142,147.46465802192688,1745964487.142,147.46465802192688,1745964487.142,147.46465802192688
1745964487.389,147.7120327949524,1745964487.389,147.7120327949524,1745964487.389,147.7120327949524,1745964487.389,147.7120327949524
1745964487.651,147.9736933708191,1745964487.651,147.9736933708191,1745964487.651,147.9736933708191,1745964487.651,147.9736933708191
1745964487.915,148.23827981948853,1745964487.915,148.23827981948853,1745964487.915,148.23827981948853,1745964487.915,148.23827981948853
1745964488.179,148.50169324874878,1745964488.179,148.50169324874878,1745964488.179,148.50169324874878,1745964488.179,148.50169324874878
1745964488.426,148.74897265434265,1745964488.426,148.74897265434265,1745964488.426,148.74897265434265,1745964488.426,148.74897265434265
1745964488.674,148.99672842025757,1745964488.674,148.99672842025757,1745964488.674,148.99672842025757,1745964488.674,148.99672842025757
1745964488.937,149.26027941703796,1745964488.937,149.26027941703796,1745964488.937,149.26027941703796,1745964488.937,149.26027941703796
1745964489.197,149.52036833763123,1745964489.197,149.52036833763123,1745964489.197,149.52036833763123,1745964489.197,149.52036833763123
1745964489.475,149.798086643219,1745964489.475,149.7983992099762,1745964489.475,149.7983992099762,1745964489.475,149.7983992099762
1745964489.722,150.04456520080566,1745964489.722,150.04456520080566,1745964489.722,150.04456520080566,1745964489.722,150.04456520080566
1745964489.981,150.30436849594116,1745964489.981,150.30436849594116,1745964489.981,150.30436849594116,1745964489.981,150.30436849594116
1745964490.242,150.56537246704102,1745964490.242,150.56537246704102,1745964490.242,150.56537246704102,1745964490.242,150.56537246704102
1745964490.506,150.82877779006958,1745964490.506,150.82877779006958,1745964490.506,150.82877779006958,1745964490.506,150.82877779006958
1745964490.754,151.0768620967865,1745964490.754,151.0768620967865,1745964490.754,151.0768620967865,1745964490.754,151.0768620967865
1745964491.016,151.33905339241028,1745964491.016,151.33905339241028,1745964491.016,151.33905339241028,1745964491.016,151.33905339241028
1745964491.277,151.59981298446655,1745964491.277,151.59981298446655,1745964491.277,151.59981298446655,1745964491.277,151.59981298446655
1745964491.555,151.8777198791504,1745964491.555,151.8777198791504,1745964491.555,151.8777198791504,1745964491.555,151.8777198791504
1745964491.804,152.12682723999023,1745964491.804,152.12682723999023,1745964491.804,152.12682723999023,1745964491.804,152.12682723999023
1745964492.064,152.38677215576172,1745964492.064,152.38677215576172,1745964492.064,152.38677215576172,1745964492.064,152.38677215576172
1745964492.311,152.6336007118225,1745964492.311,152.6336007118225,1745964492.311,152.6336007118225,1745964492.311,152.6336007118225
1745964492.572,152.89492535591125,1745964492.572,152.89492535591125,1745964492.572,152.89492535591125,1745964492.572,152.89492535591125
1745964492.834,153.15738105773926,1745964492.834,153.15738105773926,1745964492.834,153.15738105773926,1745964492.834,153.15738105773926
1745964493.075,153.3983178138733,1745964493.075,153.3983178138733,1745964493.075,153.3983178138733,1745964493.075,153.3983178138733
1745964493.347,153.67001008987427,1745964493.347,153.67001008987427,1745964493.347,153.67001008987427,1745964493.347,153.67001008987427
1745964493.607,153.93038654327393,1745964493.607,153.93038654327393,1745964493.607,153.93038654327393,1745964493.607,153.93038654327393
1745964493.869,154.19195795059204,1745964493.869,154.19195795059204,1745964493.869,154.19195795059204,1745964493.869,154.19195795059204
1745964494.118,154.4411005973816,1745964494.118,154.4411005973816,1745964494.118,154.4411005973816,1745964494.118,154.4411005973816
1745964494.378,154.7014102935791,1745964494.378,154.7014102935791,1745964494.378,154.7014102935791,1745964494.378,154.7014102935791
1745964494.639,154.9623920917511,1745964494.639,154.9623920917511,1745964494.639,154.9623920917511,1745964494.639,154.9623920917511
1745964494.914,155.23718810081482,1745964494.914,155.23718810081482,1745964494.914,155.23718810081482,1745964494.914,155.23718810081482
1745964495.14,155.4633936882019,1745964495.14,155.4633936882019,1745964495.14,155.4633936882019,1745964495.14,155.4633936882019
1745964495.411,155.73353147506714,1745964495.411,155.73353147506714,1745964495.411,155.73353147506714,1745964495.411,155.73353147506714
1745964495.658,155.98148274421692,1745964495.658,155.98148274421692,1745964495.658,155.98148274421692,1745964495.658,155.98148274421692
1745964495.921,156.24383306503296,1745964495.921,156.24383306503296,1745964495.921,156.24383306503296,1745964495.921,156.24383306503296
1745964496.183,156.50610876083374,1745964496.183,156.50610876083374,1745964496.183,156.50610876083374,1745964496.183,156.50610876083374
1745964496.459,156.78241419792175,1745964496.459,156.78241419792175,1745964496.459,156.78241419792175,1745964496.459,156.78241419792175
1745964496.722,157.04483795166016,1745964496.722,157.04483795166016,1745964496.722,157.04483795166016,1745964496.722,157.04483795166016
1745964496.986,157.3088834285736,1745964496.986,157.30903935432434,1745964496.986,157.30903935432434,1745964496.986,157.30903935432434
1745964497.246,157.5691385269165,1745964497.246,157.5691385269165,1745964497.246,157.5691385269165,1745964497.246,157.5691385269165
1745964497.522,157.84496998786926,1745964497.522,157.84496998786926,1745964497.522,157.84496998786926,1745964497.522,157.84496998786926
1745964497.783,158.10573625564575,1745964497.783,158.10573625564575,1745964497.783,158.10573625564575,1745964497.783,158.10573625564575
1745964498.043,158.36647582054138,1745964498.043,158.36647582054138,1745964498.043,158.36647582054138,1745964498.043,158.36647582054138
1745964498.305,158.62845754623413,1745964498.305,158.62845754623413,1745964498.305,158.62845754623413,1745964498.305,158.62845754623413
1745964498.552,158.87453269958496,1745964498.552,158.87453269958496,1745964498.552,158.87453269958496,1745964498.552,158.87453269958496
1745964498.8,159.12291169166565,1745964498.8,159.12291169166565,1745964498.8,159.12291169166565,1745964498.8,159.12291169166565
1745964499.059,159.38251328468323,1745964499.059,159.38251328468323,1745964499.059,159.38251328468323,1745964499.059,159.38251328468323
1745964499.323,159.64573526382446,1745964499.323,159.64573526382446,1745964499.323,159.64573526382446,1745964499.323,159.64573526382446
1745964499.588,159.91088390350342,1745964499.588,159.91088390350342,1745964499.588,159.91088390350342,1745964499.588,159.91088390350342
1745964499.853,160.17612195014954,1745964499.853,160.17612195014954,1745964499.853,160.17612195014954,1745964499.853,160.17612195014954
1745964500.115,160.43843936920166,1745964500.115,160.43843936920166,1745964500.115,160.43843936920166,1745964500.115,160.43843936920166
1745964500.375,160.69829607009888,1745964500.375,160.69829607009888,1745964500.375,160.69829607009888,1745964500.375,160.69829607009888
1745964500.639,160.9622938632965,1745964500.639,160.9622938632965,1745964500.639,160.9622938632965,1745964500.639,160.9622938632965
1745964500.901,161.22444701194763,1745964500.901,161.22444701194763,1745964500.901,161.22444701194763,1745964500.901,161.22444701194763
1745964501.154,161.47674417495728,1745964501.154,161.47674417495728,1745964501.154,161.47674417495728,1745964501.154,161.47674417495728
1745964501.408,161.73119139671326,1745964501.408,161.73119139671326,1745964501.408,161.73119139671326,1745964501.408,161.73119139671326
1745964501.67,161.99332571029663,1745964501.67,161.99332571029663,1745964501.67,161.99332571029663,1745964501.67,161.99332571029663
1745964501.943,162.26606702804565,1745964501.943,162.26606702804565,1745964501.943,162.26606702804565,1745964501.943,162.26606702804565
1745964502.204,162.52693581581116,1745964502.204,162.52693581581116,1745964502.204,162.52693581581116,1745964502.204,162.52693581581116
1745964502.466,162.7888262271881,1745964502.466,162.7888262271881,1745964502.466,162.7888262271881,1745964502.466,162.7888262271881
1745964502.73,163.05266761779785,1745964502.73,163.05266761779785,1745964502.73,163.05266761779785,1745964502.73,163.05266761779785
1745964503.005,163.32823705673218,1745964503.005,163.32823705673218,1745964503.005,163.32823705673218,1745964503.005,163.32823705673218
1745964503.237,163.560054063797,1745964503.237,163.560054063797,1745964503.237,163.560054063797,1745964503.237,163.560054063797
1745964503.48,163.80322003364563,1745964503.48,163.80322003364563,1745964503.48,163.80322003364563,1745964503.48,163.80322003364563
1745964503.756,164.0791928768158,1745964503.756,164.0791928768158,1745964503.756,164.0791928768158,1745964503.756,164.0791928768158
1745964504.017,164.33981919288635,1745964504.017,164.33981919288635,1745964504.017,164.33981919288635,1745964504.017,164.33981919288635
1745964504.28,164.60286331176758,1745964504.28,164.60286331176758,1745964504.28,164.60286331176758,1745964504.28,164.60286331176758
1745964504.542,164.86468076705933,1745964504.542,164.86483931541443,1745964504.542,164.86483931541443,1745964504.542,164.86483931541443
1745964504.803,165.1261022090912,1745964504.803,165.1261022090912,1745964504.803,165.1261022090912,1745964504.803,165.1261022090912
1745964505.066,165.38905358314514,1745964505.066,165.38905358314514,1745964505.066,165.38905358314514,1745964505.066,165.38905358314514
1745964505.317,165.63962125778198,1745964505.317,165.63962125778198,1745964505.317,165.63962125778198,1745964505.317,165.63962125778198
1745964505.577,165.90029335021973,1745964505.577,165.90029335021973,1745964505.577,165.90029335021973,1745964505.577,165.90029335021973
1745964505.823,166.14568424224854,1745964505.823,166.14568424224854,1745964505.823,166.14568424224854,1745964505.823,166.14568424224854
1745964506.1,166.42319750785828,1745964506.1,166.42319750785828,1745964506.1,166.42319750785828,1745964506.1,166.42319750785828
1745964506.362,166.68535995483398,1745964506.362,166.68535995483398,1745964506.362,166.68535995483398,1745964506.362,166.68535995483398
1745964506.623,166.94596195220947,1745964506.623,166.94596195220947,1745964506.623,166.94596195220947,1745964506.623,166.94596195220947
1745964506.886,167.2092628479004,1745964506.886,167.2092628479004,1745964506.886,167.2092628479004,1745964506.886,167.2092628479004
1745964507.135,167.4582977294922,1745964507.135,167.4582977294922,1745964507.135,167.4582977294922,1745964507.135,167.4582977294922
