timestamp,time,timestamp6,time2,timestamp2,time3,timestamp3,time9
1745964510.38,0.056997060775756836,1745964510.38,0.056997060775756836,1745964510.38,0.056997060775756836,1745964510.38,0.056997060775756836
1745964510.623,0.3007490634918213,1745964510.623,0.3007490634918213,1745964510.623,0.3007490634918213,1745964510.623,0.3007490634918213
1745964510.886,0.5637500286102295,1745964510.886,0.5637500286102295,1745964510.886,0.5637500286102295,1745964510.886,0.5637500286102295
1745964511.15,0.8277492523193359,1745964511.15,0.8277492523193359,1745964511.15,0.8277492523193359,1745964511.15,0.8277492523193359
1745964511.426,1.1032483577728271,1745964511.426,1.1032483577728271,1745964511.426,1.1032483577728271,1745964511.426,1.1032483577728271
1745964511.687,1.3640105724334717,1745964511.687,1.3640105724334717,1745964511.687,1.3640105724334717,1745964511.687,1.3640105724334717
1745964511.951,1.6282844543457031,1745964511.951,1.6282844543457031,1745964511.951,1.6282844543457031,1745964511.951,1.6282844543457031
1745964512.21,1.887631893157959,1745964512.21,1.887631893157959,1745964512.21,1.887631893157959,1745964512.21,1.887631893157959
1745964512.46,2.1375553607940674,1745964512.46,2.1375553607940674,1745964512.46,2.1375553607940674,1745964512.46,2.1375553607940674
1745964512.725,2.4019012451171875,1745964512.725,2.4019012451171875,1745964512.725,2.4019012451171875,1745964512.725,2.4019012451171875
1745964512.99,2.667220115661621,1745964512.99,2.667220115661621,1745964512.99,2.667220115661621,1745964512.99,2.667220115661621
1745964513.251,2.9287405014038086,1745964513.251,2.9287405014038086,1745964513.251,2.9287405014038086,1745964513.251,2.9287405014038086
1745964513.514,3.1915652751922607,1745964513.514,3.1915652751922607,1745964513.514,3.1915652751922607,1745964513.514,3.1915652751922607
1745964513.776,3.4531025886535645,1745964513.776,3.4531025886535645,1745964513.776,3.4531025886535645,1745964513.776,3.4531025886535645
1745964514.051,3.727850914001465,1745964514.051,3.727850914001465,1745964514.051,3.727850914001465,1745964514.051,3.727850914001465
1745964514.312,3.9888057708740234,1745964514.312,3.9888057708740234,1745964514.312,3.9888057708740234,1745964514.312,3.9888057708740234
1745964514.571,4.248657941818237,1745964514.571,4.248657941818237,1745964514.571,4.248657941818237,1745964514.571,4.248657941818237
1745964514.832,4.50912618637085,1745964514.832,4.50912618637085,1745964514.832,4.50912618637085,1745964514.832,4.50912618637085
1745964515.091,4.7687458992004395,1745964515.091,4.7687458992004395,1745964515.091,4.7687458992004395,1745964515.091,4.7687458992004395
1745964515.368,5.045100688934326,1745964515.368,5.045100688934326,1745964515.368,5.045100688934326,1745964515.368,5.045100688934326
1745964515.629,5.306729555130005,1745964515.629,5.306729555130005,1745964515.629,5.306729555130005,1745964515.629,5.306729555130005
1745964515.863,5.540571451187134,1745964515.863,5.540571451187134,1745964515.863,5.540571451187134,1745964515.863,5.540571451187134
1745964516.123,5.800217866897583,1745964516.123,5.800217866897583,1745964516.123,5.800217866897583,1745964516.123,5.800217866897583
1745964516.372,6.049788951873779,1745964516.372,6.049788951873779,1745964516.372,6.049788951873779,1745964516.372,6.049788951873779
1745964516.619,6.2966272830963135,1745964516.619,6.2966272830963135,1745964516.619,6.2966272830963135,1745964516.619,6.2966272830963135
1745964516.874,6.551204442977905,1745964516.874,6.551204442977905,1745964516.874,6.551204442977905,1745964516.874,6.551204442977905
1745964517.126,6.803098201751709,1745964517.126,6.803098201751709,1745964517.126,6.803098201751709,1745964517.126,6.803098201751709
1745964517.387,7.063865661621094,1745964517.387,7.063865661621094,1745964517.387,7.063865661621094,1745964517.387,7.063865661621094
1745964517.663,7.34017014503479,1745964517.663,7.34017014503479,1745964517.663,7.34017014503479,1745964517.663,7.34017014503479
1745964517.897,7.57403564453125,1745964517.897,7.57403564453125,1745964517.897,7.57403564453125,1745964517.897,7.57403564453125
1745964518.157,7.833967685699463,1745964518.157,7.833967685699463,1745964518.157,7.833967685699463,1745964518.157,7.833967685699463
1745964518.387,8.064105033874512,1745964518.387,8.064105033874512,1745964518.387,8.064105033874512,1745964518.387,8.064105033874512
1745964518.664,8.34114956855774,1745964518.664,8.34114956855774,1745964518.664,8.34114956855774,1745964518.664,8.34114956855774
1745964518.897,8.573959112167358,1745964518.897,8.573959112167358,1745964518.897,8.573959112167358,1745964518.897,8.573959112167358
1745964519.155,8.831804990768433,1745964519.155,8.831804990768433,1745964519.155,8.831804990768433,1745964519.155,8.831804990768433
1745964519.416,9.093419790267944,1745964519.416,9.093419790267944,1745964519.416,9.093419790267944,1745964519.416,9.093419790267944
1745964519.691,9.368222951889038,1745964519.691,9.368222951889038,1745964519.691,9.368222951889038,1745964519.691,9.368222951889038
1745964519.94,9.617305755615234,1745964519.94,9.617305755615234,1745964519.94,9.617305755615234,1745964519.94,9.617305755615234
1745964520.198,9.875251293182373,1745964520.198,9.875251293182373,1745964520.198,9.875251293182373,1745964520.198,9.875251293182373
1745964520.473,10.150490283966064,1745964520.473,10.150490283966064,1745964520.473,10.150490283966064,1745964520.473,10.150490283966064
1745964520.737,10.414369344711304,1745964520.737,10.414780855178833,1745964520.737,10.414780855178833,1745964520.737,10.414780855178833
1745964520.997,10.674592971801758,1745964520.997,10.674592971801758,1745964520.997,10.674592971801758,1745964520.997,10.674592971801758
1745964521.259,10.936551094055176,1745964521.259,10.936551094055176,1745964521.259,10.936551094055176,1745964521.259,10.936551094055176
1745964521.519,11.196678876876831,1745964521.519,11.196678876876831,1745964521.519,11.196678876876831,1745964521.519,11.196678876876831
1745964521.767,11.444364786148071,1745964521.767,11.444364786148071,1745964521.767,11.444364786148071,1745964521.767,11.444364786148071
1745964522.031,11.708106279373169,1745964522.031,11.708106279373169,1745964522.031,11.708106279373169,1745964522.031,11.708106279373169
1745964522.292,11.96971845626831,1745964522.292,11.96971845626831,1745964522.292,11.970150709152222,1745964522.293,11.970150709152222
1745964522.543,12.220276117324829,1745964522.543,12.220276117324829,1745964522.543,12.220276117324829,1745964522.543,12.220276117324829
1745964522.806,12.482946634292603,1745964522.806,12.482946634292603,1745964522.806,12.482946634292603,1745964522.806,12.482946634292603
1745964523.068,12.74559497833252,1745964523.068,12.74559497833252,1745964523.068,12.74559497833252,1745964523.068,12.74559497833252
1745964523.331,13.00814938545227,1745964523.331,13.00814938545227,1745964523.331,13.00814938545227,1745964523.331,13.00814938545227
1745964523.56,13.2371244430542,1745964523.56,13.2371244430542,1745964523.56,13.2371244430542,1745964523.56,13.2371244430542
1745964523.822,13.4989173412323,1745964523.822,13.4989173412323,1745964523.822,13.4989173412323,1745964523.822,13.4989173412323
1745964524.067,13.744899034500122,1745964524.068,13.744899034500122,1745964524.068,13.744899034500122,1745964524.068,13.744899034500122
1745964524.32,13.997003555297852,1745964524.32,13.997003555297852,1745964524.32,13.997003555297852,1745964524.32,13.997003555297852
1745964524.561,14.238192796707153,1745964524.561,14.238192796707153,1745964524.561,14.238192796707153,1745964524.561,14.238192796707153
1745964524.837,14.51438593864441,1745964524.837,14.51438593864441,1745964524.837,14.51438593864441,1745964524.837,14.51438593864441
1745964525.086,14.762965679168701,1745964525.086,14.762965679168701,1745964525.086,14.762965679168701,1745964525.086,14.762965679168701
1745964525.347,15.024617433547974,1745964525.347,15.024617433547974,1745964525.347,15.024617433547974,1745964525.347,15.024617433547974
1745964525.594,15.270817279815674,1745964525.594,15.270817279815674,1745964525.594,15.270817279815674,1745964525.594,15.270817279815674
1745964525.854,15.531721353530884,1745964525.854,15.531721353530884,1745964525.854,15.531721353530884,1745964525.854,15.531721353530884
1745964526.118,15.795687675476074,1745964526.118,15.795687675476074,1745964526.118,15.795687675476074,1745964526.118,15.795687675476074
1745964526.379,16.056525468826294,1745964526.379,16.056525468826294,1745964526.379,16.056525468826294,1745964526.379,16.056525468826294
1745964526.642,16.319250345230103,1745964526.642,16.319250345230103,1745964526.642,16.319250345230103,1745964526.642,16.319250345230103
1745964526.897,16.574393272399902,1745964526.897,16.574393272399902,1745964526.897,16.574393272399902,1745964526.897,16.574393272399902
1745964527.166,16.84292769432068,1745964527.166,16.84292769432068,1745964527.166,16.84292769432068,1745964527.166,16.84292769432068
1745964527.399,17.075822353363037,1745964527.399,17.075822353363037,1745964527.399,17.075822353363037,1745964527.399,17.075822353363037
1745964527.661,17.33819580078125,1745964527.661,17.33819580078125,1745964527.661,17.33819580078125,1745964527.661,17.33819580078125
1745964527.898,17.575278997421265,1745964527.898,17.57628083229065,1745964527.899,17.57628083229065,1745964527.899,17.57628083229065
1745964528.14,17.81817626953125,1745964528.141,17.81817626953125,1745964528.141,17.81817626953125,1745964528.141,17.81817626953125
1745964528.405,18.08229422569275,1745964528.405,18.08229422569275,1745964528.405,18.08229422569275,1745964528.405,18.08229422569275
1745964528.653,18.330710887908936,1745964528.653,18.330710887908936,1745964528.653,18.330710887908936,1745964528.653,18.330710887908936
1745964528.905,18.582463264465332,1745964528.905,18.582463264465332,1745964528.905,18.582463264465332,1745964528.905,18.582463264465332
1745964529.163,18.839926958084106,1745964529.163,18.839926958084106,1745964529.163,18.839926958084106,1745964529.163,18.839926958084106
1745964529.425,19.102290868759155,1745964529.425,19.102290868759155,1745964529.425,19.102290868759155,1745964529.425,19.102290868759155
1745964529.669,19.3464515209198,1745964529.669,19.3464515209198,1745964529.669,19.3464515209198,1745964529.669,19.3464515209198
1745964529.932,19.60901165008545,1745964529.932,19.60901165008545,1745964529.932,19.60901165008545,1745964529.932,19.60901165008545
1745964530.195,19.872358083724976,1745964530.195,19.872358083724976,1745964530.195,19.872358083724976,1745964530.195,19.872358083724976
1745964530.455,20.132779598236084,1745964530.455,20.132779598236084,1745964530.455,20.132779598236084,1745964530.455,20.132779598236084
1745964530.717,20.394281148910522,1745964530.717,20.394281148910522,1745964530.717,20.394281148910522,1745964530.717,20.394281148910522
1745964530.979,20.656597137451172,1745964530.979,20.656597137451172,1745964530.979,20.656597137451172,1745964530.979,20.656597137451172
1745964531.255,20.93251872062683,1745964531.255,20.93251872062683,1745964531.255,20.93251872062683,1745964531.255,20.93251872062683
1745964531.504,21.181610345840454,1745964531.504,21.181610345840454,1745964531.504,21.181610345840454,1745964531.504,21.181610345840454
1745964531.767,21.444664239883423,1745964531.767,21.444664239883423,1745964531.767,21.444664239883423,1745964531.767,21.444664239883423
1745964532.03,21.70689296722412,1745964532.03,21.70689296722412,1745964532.03,21.70689296722412,1745964532.03,21.70689296722412
1745964532.291,21.968477249145508,1745964532.291,21.968477249145508,1745964532.291,21.968477249145508,1745964532.291,21.968477249145508
1745964532.566,22.243525505065918,1745964532.566,22.243525505065918,1745964532.566,22.243525505065918,1745964532.566,22.243525505065918
1745964532.83,22.507280111312866,1745964532.83,22.507280111312866,1745964532.83,22.507280111312866,1745964532.83,22.507280111312866
1745964533.077,22.754485607147217,1745964533.077,22.754485607147217,1745964533.077,22.754485607147217,1745964533.077,22.754485607147217
1745964533.34,23.016984939575195,1745964533.34,23.016984939575195,1745964533.34,23.016984939575195,1745964533.34,23.016984939575195
1745964533.616,23.293493032455444,1745964533.616,23.293493032455444,1745964533.616,23.293493032455444,1745964533.616,23.293493032455444
1745964533.88,23.556923866271973,1745964533.88,23.556923866271973,1745964533.88,23.556923866271973,1745964533.88,23.556923866271973
1745964534.145,23.82215905189514,1745964534.145,23.82215905189514,1745964534.145,23.82215905189514,1745964534.145,23.82215905189514
1745964534.407,24.084360599517822,1745964534.407,24.084360599517822,1745964534.407,24.084360599517822,1745964534.407,24.084360599517822
1745964534.668,24.344879627227783,1745964534.668,24.344879627227783,1745964534.668,24.344879627227783,1745964534.668,24.344879627227783
1745964534.917,24.593944311141968,1745964534.917,24.593944311141968,1745964534.917,24.593944311141968,1745964534.917,24.593944311141968
1745964535.177,24.854506254196167,1745964535.177,24.854506254196167,1745964535.177,24.854506254196167,1745964535.177,24.854506254196167
1745964535.44,25.117658138275146,1745964535.44,25.117658138275146,1745964535.44,25.117658138275146,1745964535.44,25.117658138275146
1745964535.702,25.379334211349487,1745964535.702,25.379334211349487,1745964535.702,25.379334211349487,1745964535.702,25.379334211349487
1745964535.967,25.64433979988098,1745964535.967,25.64433979988098,1745964535.967,25.64433979988098,1745964535.967,25.64433979988098
1745964536.229,25.906511545181274,1745964536.229,25.906511545181274,1745964536.229,25.906511545181274,1745964536.229,25.906511545181274
1745964536.493,26.169845819473267,1745964536.493,26.169845819473267,1745964536.493,26.169845819473267,1745964536.493,26.169845819473267
1745964536.753,26.43000841140747,1745964536.753,26.43000841140747,1745964536.753,26.43000841140747,1745964536.753,26.43000841140747
1745964537.012,26.689704418182373,1745964537.012,26.689704418182373,1745964537.012,26.689704418182373,1745964537.012,26.689704418182373
1745964537.29,26.967682361602783,1745964537.29,26.967682361602783,1745964537.29,26.967682361602783,1745964537.29,26.967682361602783
1745964537.523,27.19980788230896,1745964537.523,27.19980788230896,1745964537.523,27.19980788230896,1745964537.523,27.19980788230896
1745964537.785,27.462082862854004,1745964537.785,27.462082862854004,1745964537.785,27.462082862854004,1745964537.785,27.462082862854004
1745964538.046,27.723557710647583,1745964538.046,27.723557710647583,1745964538.046,27.723557710647583,1745964538.046,27.723557710647583
1745964538.308,27.984987497329712,1745964538.308,27.984987497329712,1745964538.308,27.984987497329712,1745964538.308,27.984987497329712
1745964538.57,28.247303247451782,1745964538.57,28.247303247451782,1745964538.57,28.247303247451782,1745964538.57,28.247303247451782
1745964538.832,28.509766101837158,1745964538.832,28.509766101837158,1745964538.832,28.509766101837158,1745964538.832,28.509766101837158
1745964539.078,28.75575542449951,1745964539.078,28.75575542449951,1745964539.078,28.75575542449951,1745964539.078,28.75575542449951
1745964539.341,29.018238306045532,1745964539.341,29.018238306045532,1745964539.341,29.018238306045532,1745964539.341,29.018238306045532
1745964539.616,29.29358410835266,1745964539.616,29.29358410835266,1745964539.616,29.29358410835266,1745964539.616,29.29358410835266
1745964539.88,29.557151794433594,1745964539.88,29.557151794433594,1745964539.88,29.557151794433594,1745964539.88,29.557151794433594
1745964540.141,29.81845188140869,1745964540.141,29.81845188140869,1745964540.141,29.81845188140869,1745964540.141,29.81845188140869
1745964540.401,30.0782208442688,1745964540.401,30.0782208442688,1745964540.401,30.0782208442688,1745964540.401,30.0782208442688
1745964540.662,30.33979105949402,1745964540.662,30.33979105949402,1745964540.662,30.33979105949402,1745964540.662,30.33979105949402
1745964540.922,30.59950566291809,1745964540.922,30.59950566291809,1745964540.922,30.59950566291809,1745964540.922,30.59950566291809
1745964541.184,30.861226081848145,1745964541.184,30.861226081848145,1745964541.184,30.861226081848145,1745964541.184,30.861226081848145
1745964541.449,31.1260724067688,1745964541.449,31.1260724067688,1745964541.449,31.1260724067688,1745964541.449,31.1260724067688
1745964541.727,31.404418230056763,1745964541.727,31.404418230056763,1745964541.727,31.404418230056763,1745964541.727,31.404418230056763
1745964541.974,31.651602506637573,1745964541.974,31.651602506637573,1745964541.974,31.651602506637573,1745964541.974,31.651602506637573
1745964542.221,31.898627281188965,1745964542.221,31.898627281188965,1745964542.221,31.898627281188965,1745964542.221,31.898627281188965
1745964542.47,32.147483110427856,1745964542.47,32.147483110427856,1745964542.47,32.147483110427856,1745964542.47,32.147483110427856
1745964542.732,32.409581899642944,1745964542.732,32.409581899642944,1745964542.732,32.409581899642944,1745964542.732,32.409581899642944
1745964542.993,32.66985034942627,1745964542.993,32.66985034942627,1745964542.993,32.66985034942627,1745964542.993,32.66985034942627
1745964543.238,32.91509389877319,1745964543.238,32.91509389877319,1745964543.238,32.91509389877319,1745964543.238,32.91509389877319
1745964543.485,33.16252827644348,1745964543.485,33.16252827644348,1745964543.485,33.16252827644348,1745964543.485,33.16252827644348
1745964543.748,33.42547035217285,1745964543.748,33.42547035217285,1745964543.748,33.42547035217285,1745964543.748,33.42547035217285
1745964543.981,33.65781760215759,1745964543.981,33.65781760215759,1745964543.981,33.65781760215759,1745964543.981,33.65781760215759
1745964544.241,33.91852951049805,1745964544.241,33.91852951049805,1745964544.241,33.91852951049805,1745964544.241,33.91852951049805
1745964544.503,34.18029236793518,1745964544.503,34.18029236793518,1745964544.503,34.18029236793518,1745964544.503,34.18029236793518
1745964544.764,34.44167900085449,1745964544.764,34.44167900085449,1745964544.764,34.44167900085449,1745964544.764,34.44167900085449
1745964545.024,34.701495885849,1745964545.024,34.701495885849,1745964545.024,34.701495885849,1745964545.024,34.701495885849
1745964545.287,34.963812589645386,1745964545.287,34.963812589645386,1745964545.287,34.963812589645386,1745964545.287,34.963812589645386
1745964545.551,35.22854709625244,1745964545.551,35.22854709625244,1745964545.551,35.22854709625244,1745964545.551,35.22854709625244
1745964545.812,35.48976278305054,1745964545.812,35.48976278305054,1745964545.812,35.48976278305054,1745964545.812,35.48976278305054
1745964546.074,35.75088453292847,1745964546.074,35.75088453292847,1745964546.074,35.75088453292847,1745964546.074,35.75088453292847
1745964546.328,36.00502920150757,1745964546.328,36.00502920150757,1745964546.328,36.00502920150757,1745964546.328,36.00502920150757
1745964546.599,36.27601766586304,1745964546.599,36.27601766586304,1745964546.599,36.27601766586304,1745964546.599,36.27601766586304
1745964546.861,36.53855514526367,1745964546.861,36.53855514526367,1745964546.861,36.53872895240784,1745964546.861,36.53872895240784
1745964547.125,36.802363872528076,1745964547.125,36.802363872528076,1745964547.125,36.802363872528076,1745964547.125,36.802363872528076
1745964547.388,37.06528973579407,1745964547.388,37.06528973579407,1745964547.388,37.06528973579407,1745964547.388,37.06528973579407
1745964547.651,37.328304052352905,1745964547.651,37.328304052352905,1745964547.651,37.328304052352905,1745964547.651,37.328304052352905
1745964547.929,37.60581088066101,1745964547.929,37.60581088066101,1745964547.929,37.60581088066101,1745964547.929,37.60581088066101
1745964548.191,37.86835598945618,1745964548.191,37.86835598945618,1745964548.191,37.86835598945618,1745964548.191,37.86835598945618
1745964548.437,38.114001989364624,1745964548.437,38.114001989364624,1745964548.437,38.114001989364624,1745964548.437,38.114001989364624
1745964548.699,38.376482248306274,1745964548.699,38.376482248306274,1745964548.699,38.376482248306274,1745964548.699,38.376482248306274
1745964548.963,38.6398811340332,1745964548.963,38.6398811340332,1745964548.963,38.6398811340332,1745964548.963,38.6398811340332
1745964549.2,38.8774139881134,1745964549.2,38.8774139881134,1745964549.2,38.8774139881134,1745964549.2,38.8774139881134
1745964549.456,39.13373303413391,1745964549.456,39.13373303413391,1745964549.456,39.13373303413391,1745964549.456,39.13373303413391
1745964549.719,39.396586656570435,1745964549.719,39.396586656570435,1745964549.719,39.396586656570435,1745964549.719,39.396586656570435
1745964549.982,39.658912897109985,1745964549.982,39.658912897109985,1745964549.982,39.658912897109985,1745964549.982,39.658912897109985
1745964550.242,39.91888117790222,1745964550.242,39.91888117790222,1745964550.242,39.91888117790222,1745964550.242,39.91888117790222
1745964550.505,40.18208408355713,1745964550.505,40.18208408355713,1745964550.505,40.18208408355713,1745964550.505,40.18208408355713
1745964550.751,40.427894830703735,1745964550.751,40.427894830703735,1745964550.751,40.427894830703735,1745964550.751,40.427894830703735
1745964551.01,40.68742489814758,1745964551.01,40.68742489814758,1745964551.01,40.68742489814758,1745964551.01,40.68742489814758
1745964551.287,40.964542865753174,1745964551.287,40.964542865753174,1745964551.287,40.964542865753174,1745964551.287,40.964542865753174
1745964551.548,41.225775718688965,1745964551.548,41.225775718688965,1745964551.548,41.225775718688965,1745964551.548,41.225775718688965
1745964551.81,41.48726177215576,1745964551.81,41.48726177215576,1745964551.81,41.48726177215576,1745964551.81,41.48726177215576
1745964552.065,41.7419810295105,1745964552.065,41.7419810295105,1745964552.065,41.7419810295105,1745964552.065,41.7419810295105
1745964552.334,42.011064291000366,1745964552.334,42.011064291000366,1745964552.334,42.011064291000366,1745964552.334,42.011064291000366
1745964552.566,42.2428297996521,1745964552.566,42.2428297996521,1745964552.566,42.2428297996521,1745964552.566,42.2428297996521
1745964552.824,42.501609802246094,1745964552.824,42.501609802246094,1745964552.824,42.501609802246094,1745964552.824,42.501609802246094
1745964553.072,42.7496440410614,1745964553.072,42.7496440410614,1745964553.072,42.7496440410614,1745964553.072,42.7496440410614
1745964553.32,42.997626066207886,1745964553.32,42.997626066207886,1745964553.32,42.997626066207886,1745964553.32,42.997626066207886
1745964553.583,43.26075053215027,1745964553.583,43.26075053215027,1745964553.583,43.26075053215027,1745964553.583,43.26075053215027
1745964553.848,43.5248076915741,1745964553.848,43.5248076915741,1745964553.848,43.5248076915741,1745964553.848,43.5248076915741
1745964554.1,43.777207136154175,1745964554.1,43.777207136154175,1745964554.1,43.777207136154175,1745964554.1,43.777207136154175
1745964554.358,44.03554940223694,1745964554.358,44.03554940223694,1745964554.358,44.03554940223694,1745964554.358,44.03554940223694
1745964554.62,44.297330379486084,1745964554.62,44.297330379486084,1745964554.62,44.297330379486084,1745964554.62,44.297330379486084
1745964554.898,44.5750036239624,1745964554.898,44.5750036239624,1745964554.898,44.5750036239624,1745964554.898,44.5750036239624
1745964555.147,44.82418727874756,1745964555.147,44.82418727874756,1745964555.147,44.82418727874756,1745964555.147,44.82418727874756
1745964555.409,45.08654856681824,1745964555.409,45.08654856681824,1745964555.409,45.08654856681824,1745964555.409,45.08654856681824
1745964555.675,45.35205101966858,1745964555.675,45.35205101966858,1745964555.675,45.35205101966858,1745964555.675,45.35205101966858
1745964555.921,45.598565101623535,1745964555.921,45.598565101623535,1745964555.921,45.598565101623535,1745964555.921,45.598565101623535
1745964556.182,45.85961389541626,1745964556.182,45.85961389541626,1745964556.182,45.85961389541626,1745964556.182,45.85961389541626
1745964556.448,46.12508678436279,1745964556.448,46.12508678436279,1745964556.448,46.12508678436279,1745964556.448,46.12508678436279
1745964556.72,46.397109508514404,1745964556.72,46.397109508514404,1745964556.72,46.397109508514404,1745964556.72,46.397109508514404
1745964556.981,46.65848636627197,1745964556.981,46.65848636627197,1745964556.981,46.65848636627197,1745964556.981,46.65848636627197
1745964557.244,46.92097210884094,1745964557.244,46.92097210884094,1745964557.244,46.92097210884094,1745964557.244,46.92097210884094
1745964557.49,47.16753005981445,1745964557.49,47.16753005981445,1745964557.49,47.16753005981445,1745964557.49,47.16753005981445
1745964557.751,47.428690671920776,1745964557.751,47.428690671920776,1745964557.751,47.428690671920776,1745964557.751,47.428690671920776
1745964557.981,47.65823984146118,1745964557.981,47.65823984146118,1745964557.981,47.65823984146118,1745964557.981,47.65823984146118
1745964558.249,47.926795959472656,1745964558.249,47.926795959472656,1745964558.249,47.926795959472656,1745964558.249,47.926795959472656
1745964558.494,48.17165184020996,1745964558.494,48.17165184020996,1745964558.494,48.17165184020996,1745964558.494,48.17165184020996
1745964558.765,48.44251465797424,1745964558.765,48.44251465797424,1745964558.765,48.44251465797424,1745964558.765,48.44251465797424
1745964559.027,48.704670429229736,1745964559.027,48.704670429229736,1745964559.027,48.704670429229736,1745964559.027,48.704670429229736
1745964559.264,48.94105887413025,1745964559.264,48.94105887413025,1745964559.264,48.94105887413025,1745964559.264,48.94105887413025
1745964559.512,49.18894410133362,1745964559.512,49.18894410133362,1745964559.512,49.18894410133362,1745964559.512,49.18894410133362
1745964559.784,49.46118950843811,1745964559.784,49.46118950843811,1745964559.784,49.46118950843811,1745964559.784,49.46118950843811
1745964560.048,49.72485685348511,1745964560.048,49.72485685348511,1745964560.048,49.72485685348511,1745964560.048,49.72485685348511
1745964560.311,49.988112926483154,1745964560.311,49.988112926483154,1745964560.311,49.988112926483154,1745964560.311,49.988112926483154
1745964560.571,50.24805808067322,1745964560.571,50.24805808067322,1745964560.571,50.24805808067322,1745964560.571,50.24805808067322
1745964560.831,50.50857162475586,1745964560.831,50.50857162475586,1745964560.831,50.50857162475586,1745964560.831,50.50857162475586
1745964561.061,50.73782396316528,1745964561.061,50.73782396316528,1745964561.061,50.73782396316528,1745964561.061,50.73782396316528
1745964561.321,50.99808645248413,1745964561.321,50.99808645248413,1745964561.321,50.99808645248413,1745964561.321,50.99808645248413
1745964561.568,51.24575233459473,1745964561.568,51.24575233459473,1745964561.568,51.24575233459473,1745964561.568,51.24575233459473
1745964561.83,51.50694251060486,1745964561.83,51.50694251060486,1745964561.83,51.50694251060486,1745964561.83,51.50694251060486
1745964562.09,51.76689171791077,1745964562.09,51.76689171791077,1745964562.09,51.76689171791077,1745964562.09,51.76689171791077
1745964562.352,52.02951383590698,1745964562.352,52.02951383590698,1745964562.352,52.02951383590698,1745964562.352,52.02951383590698
1745964562.601,52.2785108089447,1745964562.601,52.2785108089447,1745964562.601,52.2785108089447,1745964562.601,52.2785108089447
1745964562.864,52.541187047958374,1745964562.864,52.541187047958374,1745964562.864,52.541187047958374,1745964562.864,52.541187047958374
1745964563.125,52.80182147026062,1745964563.125,52.80182147026062,1745964563.125,52.80182147026062,1745964563.125,52.80182147026062
1745964563.356,53.033674240112305,1745964563.356,53.033674240112305,1745964563.356,53.033674240112305,1745964563.356,53.033674240112305
1745964563.619,53.29623508453369,1745964563.619,53.29623508453369,1745964563.619,53.29623508453369,1745964563.619,53.29623508453369
1745964563.865,53.54226112365723,1745964563.865,53.54226112365723,1745964563.865,53.54226112365723,1745964563.865,53.54226112365723
1745964564.124,53.801758766174316,1745964564.124,53.801758766174316,1745964564.124,53.801758766174316,1745964564.124,53.801758766174316
1745964564.385,54.062016010284424,1745964564.385,54.062016010284424,1745964564.385,54.062016010284424,1745964564.385,54.062016010284424
1745964564.617,54.294193506240845,1745964564.617,54.294193506240845,1745964564.617,54.294193506240845,1745964564.617,54.294193506240845
1745964564.88,54.55766534805298,1745964564.88,54.55766534805298,1745964564.88,54.55766534805298,1745964564.88,54.55766534805298
1745964565.128,54.804802656173706,1745964565.128,54.804802656173706,1745964565.128,54.804802656173706,1745964565.128,54.804802656173706
1745964565.388,55.06557750701904,1745964565.388,55.06557750701904,1745964565.388,55.06557750701904,1745964565.388,55.06557750701904
1745964565.65,55.32705211639404,1745964565.65,55.32705211639404,1745964565.65,55.32705211639404,1745964565.65,55.32705211639404
1745964565.912,55.58912110328674,1745964565.912,55.58912110328674,1745964565.912,55.58912110328674,1745964565.912,55.58912110328674
1745964566.174,55.85172939300537,1745964566.174,55.85172939300537,1745964566.174,55.85172939300537,1745964566.174,55.85172939300537
1745964566.438,56.115731716156006,1745964566.438,56.115731716156006,1745964566.438,56.115731716156006,1745964566.438,56.115731716156006
1745964566.699,56.37613821029663,1745964566.699,56.37613821029663,1745964566.699,56.37613821029663,1745964566.699,56.37613821029663
1745964566.977,56.65449357032776,1745964566.977,56.65449357032776,1745964566.977,56.65449357032776,1745964566.977,56.65449357032776
1745964567.241,56.91793656349182,1745964567.241,56.91793656349182,1745964567.241,56.91793656349182,1745964567.241,56.91793656349182
1745964567.503,57.18066382408142,1745964567.503,57.18066382408142,1745964567.503,57.18066382408142,1745964567.503,57.18066382408142
1745964567.763,57.440433502197266,1745964567.763,57.440433502197266,1745964567.763,57.440433502197266,1745964567.763,57.440433502197266
1745964568.028,57.705076456069946,1745964568.028,57.705076456069946,1745964568.028,57.705076456069946,1745964568.028,57.705076456069946
1745964568.289,57.96641731262207,1745964568.289,57.96641731262207,1745964568.289,57.96641731262207,1745964568.289,57.96641731262207
1745964568.55,58.22689700126648,1745964568.55,58.22689700126648,1745964568.55,58.22689700126648,1745964568.55,58.22689700126648
1745964568.81,58.48747491836548,1745964568.81,58.48747491836548,1745964568.81,58.48747491836548,1745964568.81,58.48747491836548
1745964569.072,58.74884390830994,1745964569.072,58.74884390830994,1745964569.072,58.74884390830994,1745964569.072,58.74884390830994
1745964569.311,58.988062381744385,1745964569.311,58.988062381744385,1745964569.311,58.988062381744385,1745964569.311,58.988062381744385
1745964569.584,59.261261224746704,1745964569.584,59.261261224746704,1745964569.584,59.261261224746704,1745964569.584,59.261261224746704
1745964569.845,59.52263879776001,1745964569.845,59.52263879776001,1745964569.845,59.52263879776001,1745964569.845,59.52263879776001
1745964570.11,59.78773069381714,1745964570.11,59.78773069381714,1745964570.11,59.78773069381714,1745964570.11,59.78773069381714
1745964570.358,60.03568911552429,1745964570.358,60.03568911552429,1745964570.358,60.03568911552429,1745964570.358,60.03568911552429
1745964570.606,60.28368306159973,1745964570.606,60.28368306159973,1745964570.606,60.28368306159973,1745964570.606,60.28368306159973
1745964570.882,60.55898857116699,1745964570.882,60.55898857116699,1745964570.882,60.55898857116699,1745964570.882,60.55898857116699
1745964571.142,60.81932067871094,1745964571.142,60.81932067871094,1745964571.142,60.81932067871094,1745964571.142,60.81932067871094
1745964571.406,61.083548069000244,1745964571.406,61.083548069000244,1745964571.406,61.083548069000244,1745964571.406,61.083548069000244
1745964571.668,61.3456346988678,1745964571.668,61.3456346988678,1745964571.668,61.3456346988678,1745964571.668,61.3456346988678
1745964571.946,61.622849464416504,1745964571.946,61.622849464416504,1745964571.946,61.622849464416504,1745964571.946,61.622849464416504
1745964572.192,61.86978340148926,1745964572.192,61.86978340148926,1745964572.192,61.86978340148926,1745964572.192,61.86978340148926
1745964572.44,62.117703914642334,1745964572.44,62.117703914642334,1745964572.44,62.117703914642334,1745964572.44,62.117703914642334
1745964572.69,62.367021560668945,1745964572.69,62.367021560668945,1745964572.69,62.367021560668945,1745964572.69,62.367021560668945
1745964572.949,62.62653684616089,1745964572.949,62.62653684616089,1745964572.949,62.62653684616089,1745964572.949,62.62653684616089
1745964573.197,62.874749422073364,1745964573.197,62.874749422073364,1745964573.197,62.874749422073364,1745964573.197,62.874749422073364
1745964573.475,63.15218544006348,1745964573.475,63.15218544006348,1745964573.475,63.15218544006348,1745964573.475,63.15218544006348
1745964573.724,63.40131878852844,1745964573.724,63.40131878852844,1745964573.724,63.40131878852844,1745964573.724,63.40131878852844
1745964573.984,63.661237716674805,1745964573.984,63.661237716674805,1745964573.984,63.661237716674805,1745964573.984,63.661237716674805
1745964574.245,63.92204999923706,1745964574.245,63.92204999923706,1745964574.245,63.92204999923706,1745964574.245,63.92204999923706
1745964574.521,64.19859433174133,1745964574.521,64.19859433174133,1745964574.521,64.19859433174133,1745964574.521,64.19859433174133
1745964574.783,64.4602153301239,1745964574.783,64.4602153301239,1745964574.783,64.4602153301239,1745964574.783,64.4602153301239
1745964575.044,64.72132134437561,1745964575.044,64.72132134437561,1745964575.044,64.72132134437561,1745964575.044,64.72132134437561
1745964575.305,64.98266887664795,1745964575.305,64.98266887664795,1745964575.305,64.98266887664795,1745964575.305,64.98266887664795
1745964575.567,65.24421119689941,1745964575.567,65.24421119689941,1745964575.567,65.24421119689941,1745964575.567,65.24421119689941
1745964575.817,65.49400734901428,1745964575.817,65.49400734901428,1745964575.817,65.49400734901428,1745964575.817,65.49400734901428
1745964576.079,65.7558205127716,1745964576.079,65.7558205127716,1745964576.079,65.7558205127716,1745964576.079,65.7558205127716
1745964576.343,66.02023267745972,1745964576.343,66.02023267745972,1745964576.343,66.02023267745972,1745964576.343,66.02023267745972
1745964576.606,66.283123254776,1745964576.606,66.283123254776,1745964576.606,66.283123254776,1745964576.606,66.283123254776
1745964576.884,66.56163358688354,1745964576.884,66.56163358688354,1745964576.884,66.56163358688354,1745964576.884,66.56163358688354
1745964577.145,66.82206344604492,1745964577.145,66.82206344604492,1745964577.145,66.82206344604492,1745964577.145,66.82206344604492
1745964577.408,67.08531999588013,1745964577.408,67.08531999588013,1745964577.408,67.08531999588013,1745964577.408,67.08531999588013
1745964577.67,67.34745287895203,1745964577.67,67.34745287895203,1745964577.67,67.34745287895203,1745964577.67,67.34745287895203
1745964577.932,67.60921120643616,1745964577.932,67.60921120643616,1745964577.932,67.60921120643616,1745964577.932,67.60921120643616
1745964578.195,67.87245607376099,1745964578.195,67.87245607376099,1745964578.195,67.87245607376099,1745964578.195,67.87245607376099
1745964578.459,68.13592886924744,1745964578.459,68.13592886924744,1745964578.459,68.13592886924744,1745964578.459,68.13592886924744
1745964578.693,68.36991667747498,1745964578.693,68.36991667747498,1745964578.693,68.36991667747498,1745964578.693,68.36991667747498
1745964578.935,68.61183571815491,1745964578.935,68.61183571815491,1745964578.935,68.61183571815491,1745964578.935,68.61183571815491
1745964579.201,68.87867975234985,1745964579.201,68.87867975234985,1745964579.201,68.87867975234985,1745964579.201,68.87867975234985
1745964579.434,69.11174201965332,1745964579.434,69.11174201965332,1745964579.434,69.11174201965332,1745964579.434,69.11174201965332
1745964579.711,69.38871812820435,1745964579.711,69.38871812820435,1745964579.711,69.38871812820435,1745964579.711,69.38871812820435
1745964579.976,69.65293550491333,1745964579.976,69.65293550491333,1745964579.976,69.65293550491333,1745964579.976,69.65293550491333
1745964580.239,69.91624927520752,1745964580.239,69.91624927520752,1745964580.239,69.91624927520752,1745964580.239,69.91624927520752
1745964580.489,70.16762256622314,1745964580.49,70.16762256622314,1745964580.49,70.16762256622314,1745964580.49,70.16762256622314
1745964580.718,70.39481520652771,1745964580.718,70.39481520652771,1745964580.718,70.39481520652771,1745964580.718,70.39481520652771
1745964580.981,70.65843343734741,1745964580.981,70.65843343734741,1745964580.981,70.65843343734741,1745964580.981,70.65843343734741
1745964581.243,70.92051410675049,1745964581.243,70.92051410675049,1745964581.243,70.92051410675049,1745964581.243,70.92051410675049
1745964581.487,71.16468381881714,1745964581.487,71.16468381881714,1745964581.487,71.16468381881714,1745964581.487,71.16468381881714
1745964581.737,71.41394543647766,1745964581.737,71.41394543647766,1745964581.737,71.41394543647766,1745964581.737,71.41394543647766
1745964581.993,71.67029333114624,1745964581.993,71.67029333114624,1745964581.993,71.67029333114624,1745964581.993,71.67029333114624
1745964582.256,71.93290543556213,1745964582.256,71.93290543556213,1745964582.256,71.93290543556213,1745964582.256,71.93290543556213
1745964582.518,72.19577479362488,1745964582.518,72.19577479362488,1745964582.518,72.19577479362488,1745964582.518,72.19577479362488
1745964582.78,72.45771861076355,1745964582.78,72.45771861076355,1745964582.78,72.45771861076355,1745964582.78,72.45771861076355
1745964583.04,72.71809411048889,1745964583.041,72.71809411048889,1745964583.041,72.71809411048889,1745964583.041,72.71809411048889
1745964583.272,72.94892597198486,1745964583.272,72.94892597198486,1745964583.272,72.94892597198486,1745964583.272,72.94892597198486
1745964583.532,73.20951890945435,1745964583.532,73.20951890945435,1745964583.532,73.20951890945435,1745964583.532,73.20951890945435
1745964583.797,73.47455763816833,1745964583.797,73.47455763816833,1745964583.797,73.47455763816833,1745964583.797,73.47455763816833
1745964584.043,73.72026062011719,1745964584.043,73.72026062011719,1745964584.043,73.72026062011719,1745964584.043,73.72026062011719
1745964584.298,73.97504901885986,1745964584.298,73.97504901885986,1745964584.298,73.97504901885986,1745964584.298,73.97504901885986
1745964584.547,74.22449827194214,1745964584.547,74.22449827194214,1745964584.547,74.22449827194214,1745964584.547,74.22449827194214
1745964584.8,74.47704935073853,1745964584.8,74.47704935073853,1745964584.8,74.47704935073853,1745964584.8,74.47704935073853
1745964585.062,74.73926186561584,1745964585.062,74.73926186561584,1745964585.062,74.73926186561584,1745964585.062,74.73926186561584
1745964585.317,74.99408960342407,1745964585.317,74.99408960342407,1745964585.317,74.99408960342407,1745964585.317,74.99408960342407
1745964585.564,75.24091911315918,1745964585.564,75.24091911315918,1745964585.564,75.24091911315918,1745964585.564,75.24091911315918
1745964585.82,75.49743008613586,1745964585.82,75.49743008613586,1745964585.82,75.49743008613586,1745964585.82,75.49743008613586
1745964586.083,75.76024556159973,1745964586.083,75.76024556159973,1745964586.083,75.76024556159973,1745964586.083,75.76024556159973
1745964586.319,75.9964246749878,1745964586.319,75.9964246749878,1745964586.319,75.9964246749878,1745964586.319,75.9964246749878
1745964586.566,76.24377870559692,1745964586.566,76.24377870559692,1745964586.566,76.24377870559692,1745964586.566,76.24377870559692
1745964586.812,76.48915433883667,1745964586.812,76.48915433883667,1745964586.812,76.48915433883667,1745964586.812,76.48915433883667
1745964587.073,76.75028967857361,1745964587.073,76.75028967857361,1745964587.073,76.75028967857361,1745964587.073,76.75028967857361
1745964587.32,76.99683332443237,1745964587.32,76.99683332443237,1745964587.32,76.99683332443237,1745964587.32,76.99683332443237
1745964587.568,77.24485087394714,1745964587.568,77.24485087394714,1745964587.568,77.24485087394714,1745964587.568,77.24485087394714
1745964587.824,77.50134611129761,1745964587.824,77.50134611129761,1745964587.824,77.50134611129761,1745964587.824,77.50134611129761
1745964588.087,77.76419806480408,1745964588.087,77.76419806480408,1745964588.087,77.76419806480408,1745964588.087,77.76419806480408
1745964588.321,77.99839282035828,1745964588.321,77.99839282035828,1745964588.321,77.99839282035828,1745964588.321,77.99839282035828
1745964588.58,78.25687503814697,1745964588.58,78.25687503814697,1745964588.58,78.25687503814697,1745964588.58,78.25687503814697
1745964588.841,78.51828908920288,1745964588.841,78.51828908920288,1745964588.841,78.51828908920288,1745964588.841,78.51828908920288
1745964589.103,78.78061079978943,1745964589.103,78.78061079978943,1745964589.103,78.78061079978943,1745964589.103,78.78061079978943
1745964589.351,79.02790021896362,1745964589.351,79.02790021896362,1745964589.351,79.02790021896362,1745964589.351,79.02790021896362
1745964589.596,79.2737238407135,1745964589.596,79.2737238407135,1745964589.596,79.2737238407135,1745964589.596,79.2737238407135
1745964589.856,79.53312659263611,1745964589.856,79.53312659263611,1745964589.856,79.53312659263611,1745964589.856,79.53312659263611
1745964590.132,79.80939292907715,1745964590.132,79.80939292907715,1745964590.132,79.80939292907715,1745964590.132,79.80939292907715
1745964590.393,80.07067799568176,1745964590.393,80.07067799568176,1745964590.393,80.07067799568176,1745964590.393,80.07067799568176
1745964590.657,80.33413672447205,1745964590.657,80.33413672447205,1745964590.657,80.33413672447205,1745964590.657,80.33413672447205
1745964590.917,80.59407877922058,1745964590.917,80.59407877922058,1745964590.917,80.59407877922058,1745964590.917,80.59407877922058
1745964591.179,80.85584783554077,1745964591.179,80.85584783554077,1745964591.179,80.85584783554077,1745964591.179,80.85584783554077
1745964591.427,81.10456657409668,1745964591.427,81.10456657409668,1745964591.427,81.10456657409668,1745964591.427,81.10456657409668
1745964591.689,81.36592602729797,1745964591.689,81.36592602729797,1745964591.689,81.36592602729797,1745964591.689,81.36592602729797
1745964591.941,81.61817812919617,1745964591.941,81.61817812919617,1745964591.941,81.61817812919617,1745964591.941,81.61817812919617
1745964592.197,81.87450504302979,1745964592.197,81.87450504302979,1745964592.197,81.87450504302979,1745964592.197,81.87450504302979
1745964592.459,82.1364676952362,1745964592.459,82.1364676952362,1745964592.459,82.1364676952362,1745964592.459,82.1364676952362
1745964592.706,82.38311791419983,1745964592.706,82.38311791419983,1745964592.706,82.38311791419983,1745964592.706,82.38311791419983
1745964592.942,82.61914896965027,1745964592.942,82.61914896965027,1745964592.942,82.61914896965027,1745964592.942,82.61914896965027
1745964593.201,82.87855291366577,1745964593.201,82.87855291366577,1745964593.201,82.87855291366577,1745964593.201,82.87855291366577
1745964593.445,83.12213063240051,1745964593.445,83.12213063240051,1745964593.445,83.12213063240051,1745964593.445,83.12213063240051
1745964593.694,83.37112855911255,1745964593.694,83.37112855911255,1745964593.694,83.37112855911255,1745964593.694,83.37112855911255
1745964593.94,83.61748957633972,1745964593.94,83.61748957633972,1745964593.94,83.61748957633972,1745964593.94,83.61748957633972
1745964594.186,83.86329984664917,1745964594.186,83.86329984664917,1745964594.186,83.86329984664917,1745964594.186,83.86329984664917
1745964594.447,84.12429070472717,1745964594.447,84.12429070472717,1745964594.447,84.12429070472717,1745964594.447,84.12429070472717
1745964594.696,84.37315773963928,1745964594.696,84.37315773963928,1745964594.696,84.37315773963928,1745964594.696,84.37315773963928
1745964594.944,84.62100124359131,1745964594.944,84.62100124359131,1745964594.944,84.62100124359131,1745964594.944,84.62100124359131
1745964595.204,84.88121747970581,1745964595.204,84.88121747970581,1745964595.204,84.88121747970581,1745964595.204,84.88121747970581
1745964595.449,85.12668371200562,1745964595.449,85.12668371200562,1745964595.449,85.12668371200562,1745964595.449,85.12668371200562
1745964595.687,85.3642885684967,1745964595.687,85.3642885684967,1745964595.687,85.3642885684967,1745964595.687,85.3642885684967
1745964595.935,85.6121416091919,1745964595.935,85.6121416091919,1745964595.935,85.6121416091919,1745964595.935,85.6121416091919
1745964596.196,85.87309122085571,1745964596.196,85.87309122085571,1745964596.196,85.87309122085571,1745964596.196,85.87309122085571
1745964596.443,86.12025737762451,1745964596.443,86.12025737762451,1745964596.443,86.12025737762451,1745964596.443,86.12025737762451
1745964596.695,86.3721878528595,1745964596.695,86.3721878528595,1745964596.695,86.3721878528595,1745964596.695,86.3721878528595
1745964596.938,86.61484622955322,1745964596.938,86.61484622955322,1745964596.938,86.61484622955322,1745964596.938,86.61484622955322
1745964597.209,86.88673877716064,1745964597.209,86.88738465309143,1745964597.21,86.88738465309143,1745964597.21,86.8876736164093
1745964597.47,87.14771604537964,1745964597.47,87.14771604537964,1745964597.47,87.14771604537964,1745964597.47,87.14771604537964
1745964597.734,87.41141200065613,1745964597.734,87.41141200065613,1745964597.734,87.41141200065613,1745964597.734,87.41141200065613
1745964597.997,87.67384552955627,1745964597.997,87.67384552955627,1745964597.997,87.67384552955627,1745964597.997,87.67384552955627
1745964598.273,87.95032858848572,1745964598.273,87.95032858848572,1745964598.273,87.95032858848572,1745964598.273,87.95032858848572
1745964598.534,88.2115695476532,1745964598.534,88.2115695476532,1745964598.534,88.2115695476532,1745964598.534,88.2115695476532
1745964598.797,88.47396898269653,1745964598.797,88.47396898269653,1745964598.797,88.47396898269653,1745964598.797,88.47396898269653
1745964599.059,88.73596954345703,1745964599.059,88.73596954345703,1745964599.059,88.73596954345703,1745964599.059,88.73596954345703
1745964599.32,88.99706029891968,1745964599.32,88.99756908416748,1745964599.32,88.99756908416748,1745964599.32,88.99756908416748
1745964599.55,89.22727108001709,1745964599.55,89.22727108001709,1745964599.55,89.22727108001709,1745964599.55,89.22727108001709
1745964599.809,89.48658204078674,1745964599.809,89.48658204078674,1745964599.809,89.48658204078674,1745964599.809,89.48658204078674
1745964600.071,89.74850225448608,1745964600.071,89.74850225448608,1745964600.071,89.74850225448608,1745964600.071,89.74850225448608
1745964600.318,89.99525356292725,1745964600.318,89.99525356292725,1745964600.318,89.99525356292725,1745964600.318,89.99525356292725
1745964600.581,90.25822877883911,1745964600.581,90.25822877883911,1745964600.581,90.25822877883911,1745964600.581,90.25822877883911
1745964600.829,90.5062358379364,1745964600.829,90.5062358379364,1745964600.829,90.5062358379364,1745964600.829,90.5062358379364
1745964601.078,90.75502824783325,1745964601.078,90.75502824783325,1745964601.078,90.75502824783325,1745964601.078,90.75502824783325
1745964601.324,91.00112986564636,1745964601.324,91.00112986564636,1745964601.324,91.00112986564636,1745964601.324,91.00112986564636
1745964601.571,91.24852108955383,1745964601.571,91.24852108955383,1745964601.571,91.24852108955383,1745964601.571,91.24852108955383
1745964601.817,91.4938759803772,1745964601.817,91.4938759803772,1745964601.817,91.4938759803772,1745964601.817,91.4938759803772
1745964602.063,91.74020028114319,1745964602.063,91.74020028114319,1745964602.063,91.74020028114319,1745964602.063,91.74020028114319
1745964602.324,92.0009822845459,1745964602.324,92.0009822845459,1745964602.324,92.0009822845459,1745964602.324,92.0009822845459
1745964602.572,92.2497832775116,1745964602.572,92.25007200241089,1745964602.573,92.25007200241089,1745964602.573,92.25007200241089
1745964602.821,92.4978244304657,1745964602.821,92.4978244304657,1745964602.821,92.4978244304657,1745964602.821,92.4978244304657
1745964603.079,92.75666403770447,1745964603.079,92.75666403770447,1745964603.079,92.75666403770447,1745964603.079,92.75666403770447
1745964603.344,93.02121162414551,1745964603.344,93.02121162414551,1745964603.344,93.02121162414551,1745964603.344,93.02121162414551
1745964603.605,93.28207731246948,1745964603.605,93.28207731246948,1745964603.605,93.28207731246948,1745964603.605,93.28207731246948
1745964603.867,93.54473638534546,1745964603.867,93.54473638534546,1745964603.867,93.54473638534546,1745964603.867,93.54473638534546
1745964604.131,93.80866503715515,1745964604.131,93.80866503715515,1745964604.131,93.80866503715515,1745964604.131,93.80866503715515
1745964604.38,94.05763125419617,1745964604.38,94.05763125419617,1745964604.38,94.05763125419617,1745964604.38,94.05763125419617
1745964604.629,94.3065767288208,1745964604.629,94.3065767288208,1745964604.629,94.3065767288208,1745964604.629,94.3065767288208
1745964604.864,94.54120373725891,1745964604.864,94.54120373725891,1745964604.864,94.54120373725891,1745964604.864,94.54120373725891
1745964605.11,94.7877550125122,1745964605.11,94.7877550125122,1745964605.11,94.7877550125122,1745964605.11,94.7877550125122
1745964605.372,95.05026149749756,1745964605.373,95.05026149749756,1745964605.373,95.05026149749756,1745964605.373,95.05026149749756
1745964605.621,95.2987072467804,1745964605.621,95.2987072467804,1745964605.621,95.2987072467804,1745964605.621,95.2987072467804
1745964605.862,95.53934121131897,1745964605.862,95.53934121131897,1745964605.862,95.53934121131897,1745964605.862,95.53934121131897
1745964606.129,95.80635714530945,1745964606.129,95.80635714530945,1745964606.129,95.80635714530945,1745964606.129,95.80635714530945
1745964606.375,96.05235648155212,1745964606.375,96.05235648155212,1745964606.375,96.05235648155212,1745964606.375,96.05235648155212
1745964606.609,96.28598618507385,1745964606.609,96.28598618507385,1745964606.609,96.28598618507385,1745964606.609,96.28598618507385
1745964606.86,96.5370581150055,1745964606.86,96.5370581150055,1745964606.86,96.5370581150055,1745964606.86,96.5370581150055
1745964607.131,96.80798006057739,1745964607.131,96.80798006057739,1745964607.131,96.80798006057739,1745964607.131,96.80798006057739
1745964607.395,97.07196497917175,1745964607.395,97.07196497917175,1745964607.395,97.07196497917175,1745964607.395,97.07196497917175
1745964607.656,97.33286905288696,1745964607.656,97.33286905288696,1745964607.656,97.33286905288696,1745964607.656,97.33286905288696
1745964607.918,97.5955855846405,1745964607.918,97.5955855846405,1745964607.918,97.5955855846405,1745964607.918,97.5955855846405
1745964608.195,97.87199687957764,1745964608.195,97.87199687957764,1745964608.195,97.87199687957764,1745964608.195,97.87199687957764
1745964608.456,98.13312530517578,1745964608.456,98.13312530517578,1745964608.456,98.13312530517578,1745964608.456,98.13312530517578
1745964608.718,98.39559245109558,1745964608.718,98.39559245109558,1745964608.718,98.39559245109558,1745964608.718,98.39559245109558
1745964608.966,98.64365315437317,1745964608.966,98.64365315437317,1745964608.966,98.64365315437317,1745964608.966,98.64365315437317
1745964609.224,98.9015474319458,1745964609.224,98.9015474319458,1745964609.224,98.9015474319458,1745964609.224,98.9015474319458
1745964609.487,99.1646990776062,1745964609.487,99.1646990776062,1745964609.487,99.1646990776062,1745964609.487,99.1646990776062
1745964609.75,99.42750692367554,1745964609.75,99.42750692367554,1745964609.75,99.42750692367554,1745964609.75,99.42750692367554
1745964610.013,99.69030165672302,1745964610.013,99.69030165672302,1745964610.013,99.69030165672302,1745964610.013,99.69030165672302
1745964610.274,99.9510486125946,1745964610.274,99.9510486125946,1745964610.274,99.9510486125946,1745964610.274,99.9510486125946
1745964610.537,100.21414828300476,1745964610.537,100.21414828300476,1745964610.537,100.21414828300476,1745964610.537,100.21414828300476
1745964610.799,100.4760491847992,1745964610.799,100.4760491847992,1745964610.799,100.4760491847992,1745964610.799,100.4760491847992
1745964611.06,100.73778295516968,1745964611.061,100.73809099197388,1745964611.061,100.73809099197388,1745964611.061,100.73809099197388
1745964611.323,101.00027513504028,1745964611.323,101.00027513504028,1745964611.323,101.00027513504028,1745964611.323,101.00027513504028
1745964611.573,101.25046586990356,1745964611.573,101.25046586990356,1745964611.573,101.25046586990356,1745964611.573,101.25046586990356
1745964611.817,101.49380397796631,1745964611.817,101.49380397796631,1745964611.817,101.49380397796631,1745964611.817,101.49380397796631
1745964612.061,101.73830771446228,1745964612.061,101.73830771446228,1745964612.061,101.73830771446228,1745964612.061,101.73830771446228
1745964612.336,102.01325011253357,1745964612.336,102.01325011253357,1745964612.336,102.01325011253357,1745964612.336,102.01325011253357
1745964612.583,102.25996851921082,1745964612.583,102.25996851921082,1745964612.583,102.25996851921082,1745964612.583,102.25996851921082
1745964612.829,102.50679731369019,1745964612.829,102.50679731369019,1745964612.829,102.50679731369019,1745964612.829,102.50679731369019
1745964613.092,102.76932048797607,1745964613.092,102.76932048797607,1745964613.092,102.76932048797607,1745964613.092,102.76932048797607
1745964613.368,103.04519605636597,1745964613.368,103.04519605636597,1745964613.368,103.04519605636597,1745964613.368,103.04519605636597
1745964613.617,103.29390382766724,1745964613.617,103.29390382766724,1745964613.617,103.29390382766724,1745964613.617,103.29390382766724
1745964613.878,103.55536389350891,1745964613.878,103.55536389350891,1745964613.878,103.55536389350891,1745964613.878,103.55536389350891
1745964614.125,103.80227518081665,1745964614.125,103.80227518081665,1745964614.125,103.80227518081665,1745964614.125,103.80227518081665
1745964614.389,104.0667815208435,1745964614.389,104.0667815208435,1745964614.389,104.0667815208435,1745964614.389,104.0667815208435
1745964614.636,104.31344842910767,1745964614.636,104.31344842910767,1745964614.636,104.31344842910767,1745964614.636,104.31344842910767
1745964614.898,104.57578039169312,1745964614.898,104.57578039169312,1745964614.898,104.57578039169312,1745964614.898,104.57578039169312
1745964615.145,104.82266664505005,1745964615.145,104.82266664505005,1745964615.145,104.82266664505005,1745964615.145,104.82266664505005
1745964615.407,105.08447337150574,1745964615.407,105.08447337150574,1745964615.407,105.08447337150574,1745964615.407,105.08447337150574
1745964615.641,105.3185920715332,1745964615.641,105.3185920715332,1745964615.641,105.3185920715332,1745964615.641,105.3185920715332
1745964615.902,105.57978248596191,1745964615.902,105.57978248596191,1745964615.902,105.57978248596191,1745964615.902,105.57978248596191
1745964616.178,105.85496044158936,1745964616.178,105.85496044158936,1745964616.178,105.85496044158936,1745964616.178,105.85496044158936
1745964616.441,106.11832404136658,1745964616.441,106.11832404136658,1745964616.441,106.11832404136658,1745964616.441,106.11832404136658
1745964616.705,106.38199377059937,1745964616.705,106.38199377059937,1745964616.705,106.38199377059937,1745964616.705,106.38199377059937
1745964616.937,106.61391830444336,1745964616.937,106.61391830444336,1745964616.937,106.61391830444336,1745964616.937,106.61391830444336
1745964617.183,106.86000227928162,1745964617.183,106.86000227928162,1745964617.183,106.86000227928162,1745964617.183,106.86000227928162
1745964617.461,107.13822436332703,1745964617.461,107.13822436332703,1745964617.461,107.13822436332703,1745964617.461,107.13822436332703
1745964617.705,107.3827166557312,1745964617.705,107.3827166557312,1745964617.705,107.3827166557312,1745964617.705,107.3827166557312
1745964617.942,107.61940097808838,1745964617.942,107.61940097808838,1745964617.942,107.61940097808838,1745964617.942,107.61940097808838
1745964618.21,107.88763856887817,1745964618.21,107.88763856887817,1745964618.21,107.88763856887817,1745964618.21,107.88763856887817
1745964618.439,108.1160032749176,1745964618.439,108.1160032749176,1745964618.439,108.1160032749176,1745964618.439,108.1160032749176
1745964618.701,108.37780809402466,1745964618.701,108.37780809402466,1745964618.701,108.37780809402466,1745964618.701,108.37780809402466
1745964618.964,108.64087843894958,1745964618.964,108.64087843894958,1745964618.964,108.64087843894958,1745964618.964,108.64087843894958
