timestamp,time,timestamp6,time2,timestamp2,time3,timestamp3,time9
1745964626.054,0.0736074447631836,1745964626.054,0.0736074447631836,1745964626.054,0.0736074447631836,1745964626.054,0.0736074447631836
1745964626.291,0.31065988540649414,1745964626.291,0.31065988540649414,1745964626.291,0.31065988540649414,1745964626.291,0.31065988540649414
1745964626.569,0.5886228084564209,1745964626.569,0.5886228084564209,1745964626.569,0.5886228084564209,1745964626.569,0.5886228084564209
1745964626.832,0.851231575012207,1745964626.832,0.851231575012207,1745964626.832,0.851231575012207,1745964626.832,0.851231575012207
1745964627.092,1.1111741065979004,1745964627.092,1.1111741065979004,1745964627.092,1.1111741065979004,1745964627.092,1.1111741065979004
1745964627.34,1.3598792552947998,1745964627.34,1.3598792552947998,1745964627.34,1.3598792552947998,1745964627.34,1.3598792552947998
1745964627.619,1.638648271560669,1745964627.619,1.638648271560669,1745964627.619,1.638648271560669,1745964627.619,1.638648271560669
1745964627.899,1.9182007312774658,1745964627.899,1.9182007312774658,1745964627.899,1.9182007312774658,1745964627.899,1.9182007312774658
1745964628.159,2.178199291229248,1745964628.159,2.178199291229248,1745964628.159,2.178199291229248,1745964628.159,2.178199291229248
1745964628.42,2.439647912979126,1745964628.42,2.439647912979126,1745964628.42,2.439647912979126,1745964628.42,2.439647912979126
1745964628.684,2.7037465572357178,1745964628.684,2.7037465572357178,1745964628.684,2.7037465572357178,1745964628.684,2.7037465572357178
1745964628.948,2.967414379119873,1745964628.948,2.967414379119873,1745964628.948,2.967414379119873,1745964628.948,2.967414379119873
1745964629.196,3.2151782512664795,1745964629.196,3.2151782512664795,1745964629.196,3.2151782512664795,1745964629.196,3.2151782512664795
1745964629.457,3.4766907691955566,1745964629.457,3.4766907691955566,1745964629.457,3.4766907691955566,1745964629.457,3.4766907691955566
1745964629.689,3.7080183029174805,1745964629.689,3.7080183029174805,1745964629.689,3.7080183029174805,1745964629.689,3.7080183029174805
1745964629.95,3.9693069458007812,1745964629.95,3.9693069458007812,1745964629.95,3.9693069458007812,1745964629.95,3.9693069458007812
1745964630.226,4.245462417602539,1745964630.226,4.245462417602539,1745964630.226,4.245462417602539,1745964630.226,4.245462417602539
1745964630.488,4.507917404174805,1745964630.488,4.507917404174805,1745964630.488,4.507917404174805,1745964630.488,4.507917404174805
1745964630.751,4.770740270614624,1745964630.751,4.770740270614624,1745964630.751,4.770740270614624,1745964630.751,4.770740270614624
1745964630.998,5.017208814620972,1745964630.998,5.017208814620972,1745964630.998,5.017208814620972,1745964630.998,5.017208814620972
1745964631.261,5.280004501342773,1745964631.261,5.280004501342773,1745964631.261,5.280004501342773,1745964631.261,5.280004501342773
1745964631.54,5.55951452255249,1745964631.54,5.55951452255249,1745964631.54,5.55951452255249,1745964631.54,5.55951452255249
1745964631.8,5.819469451904297,1745964631.8,5.819469451904297,1745964631.8,5.819469451904297,1745964631.8,5.819469451904297
1745964632.047,6.06615424156189,1745964632.047,6.06615424156189,1745964632.047,6.06615424156189,1745964632.047,6.06615424156189
1745964632.31,6.329187870025635,1745964632.31,6.329187870025635,1745964632.31,6.329187870025635,1745964632.31,6.329187870025635
1745964632.586,6.605256080627441,1745964632.586,6.605256080627441,1745964632.586,6.605256080627441,1745964632.586,6.605256080627441
1745964632.828,6.847579479217529,1745964632.828,6.847579479217529,1745964632.828,6.847579479217529,1745964632.828,6.847579479217529
1745964633.093,7.112070083618164,1745964633.093,7.112070083618164,1745964633.093,7.112070083618164,1745964633.093,7.112070083618164
1745964633.353,7.372030973434448,1745964633.353,7.372030973434448,1745964633.353,7.372030973434448,1745964633.353,7.372030973434448
1745964633.601,7.620788335800171,1745964633.601,7.620788335800171,1745964633.601,7.620788335800171,1745964633.601,7.620788335800171
1745964633.862,7.881232261657715,1745964633.862,7.881232261657715,1745964633.862,7.881232261657715,1745964633.862,7.881232261657715
1745964634.122,8.14175796508789,1745964634.122,8.14175796508789,1745964634.122,8.14175796508789,1745964634.122,8.14175796508789
1745964634.386,8.405898094177246,1745964634.386,8.405898094177246,1745964634.386,8.405898094177246,1745964634.386,8.405898094177246
1745964634.653,8.672042846679688,1745964634.653,8.672042846679688,1745964634.653,8.672042846679688,1745964634.653,8.672042846679688
1745964634.926,8.945636749267578,1745964634.926,8.945636749267578,1745964634.926,8.945636749267578,1745964634.926,8.945636749267578
1745964635.188,9.207565069198608,1745964635.188,9.207565069198608,1745964635.188,9.207565069198608,1745964635.188,9.207565069198608
1745964635.448,9.467942953109741,1745964635.448,9.467942953109741,1745964635.448,9.467942953109741,1745964635.448,9.467942953109741
1745964635.688,9.707756042480469,1745964635.688,9.707756042480469,1745964635.688,9.707756042480469,1745964635.688,9.707756042480469
1745964635.957,9.976237058639526,1745964635.957,9.976237058639526,1745964635.957,9.976237058639526,1745964635.957,9.976237058639526
1745964636.203,10.22272276878357,1745964636.203,10.22272276878357,1745964636.203,10.22272276878357,1745964636.203,10.22272276878357
1745964636.465,10.484288930892944,1745964636.465,10.484288930892944,1745964636.465,10.484288930892944,1745964636.465,10.484288930892944
1745964636.728,10.747591018676758,1745964636.728,10.747591018676758,1745964636.728,10.747591018676758,1745964636.728,10.747591018676758
1745964636.991,11.010326147079468,1745964636.991,11.010326147079468,1745964636.991,11.010729789733887,1745964636.991,11.010729789733887
1745964637.252,11.271007299423218,1745964637.252,11.271007299423218,1745964637.252,11.271007299423218,1745964637.252,11.271007299423218
1745964637.481,11.500775814056396,1745964637.481,11.500775814056396,1745964637.481,11.500775814056396,1745964637.481,11.500775814056396
1745964637.742,11.761711359024048,1745964637.742,11.761711359024048,1745964637.742,11.761711359024048,1745964637.742,11.761711359024048
1745964638.007,12.026738405227661,1745964638.007,12.026738405227661,1745964638.007,12.026738405227661,1745964638.007,12.026738405227661
1745964638.268,12.287444353103638,1745964638.268,12.287444353103638,1745964638.268,12.287444353103638,1745964638.268,12.287444353103638
1745964638.528,12.547642707824707,1745964638.528,12.547642707824707,1745964638.528,12.547642707824707,1745964638.528,12.547642707824707
1745964638.791,12.810886859893799,1745964638.791,12.810886859893799,1745964638.791,12.810886859893799,1745964638.791,12.810886859893799
1745964639.066,13.08577275276184,1745964639.066,13.08577275276184,1745964639.066,13.08577275276184,1745964639.066,13.08577275276184
1745964639.329,13.348711013793945,1745964639.329,13.348711013793945,1745964639.329,13.348711013793945,1745964639.329,13.348711013793945
1745964639.592,13.611427783966064,1745964639.592,13.611427783966064,1745964639.592,13.611427783966064,1745964639.592,13.611427783966064
1745964639.854,13.873233318328857,1745964639.854,13.873233318328857,1745964639.854,13.873233318328857,1745964639.854,13.873233318328857
1745964640.116,14.135718822479248,1745964640.116,14.135718822479248,1745964640.116,14.135718822479248,1745964640.116,14.135718822479248
1745964640.379,14.398135662078857,1745964640.379,14.398135662078857,1745964640.379,14.398611783981323,1745964640.379,14.398611783981323
1745964640.626,14.645371913909912,1745964640.626,14.645371913909912,1745964640.626,14.645371913909912,1745964640.626,14.645371913909912
1745964640.855,14.874786615371704,1745964640.855,14.874786615371704,1745964640.855,14.874786615371704,1745964640.855,14.874786615371704
1745964641.117,15.136503458023071,1745964641.117,15.136503458023071,1745964641.117,15.136503458023071,1745964641.117,15.136503458023071
1745964641.379,15.398422241210938,1745964641.379,15.398422241210938,1745964641.379,15.398422241210938,1745964641.379,15.398422241210938
1745964641.626,15.64554738998413,1745964641.626,15.64554738998413,1745964641.626,15.64554738998413,1745964641.626,15.64554738998413
1745964641.888,15.907501935958862,1745964641.888,15.907501935958862,1745964641.888,15.907501935958862,1745964641.888,15.907501935958862
1745964642.15,16.169490814208984,1745964642.15,16.169490814208984,1745964642.15,16.169490814208984,1745964642.15,16.169490814208984
1745964642.426,16.445561170578003,1745964642.426,16.445561170578003,1745964642.426,16.445561170578003,1745964642.426,16.445561170578003
1745964642.688,16.707579612731934,1745964642.688,16.707579612731934,1745964642.688,16.707579612731934,1745964642.688,16.707579612731934
1745964642.949,16.96879005432129,1745964642.949,16.96879005432129,1745964642.949,16.96879005432129,1745964642.949,16.96879005432129
1745964643.225,17.244540214538574,1745964643.225,17.244540214538574,1745964643.225,17.244540214538574,1745964643.225,17.244540214538574
1745964643.488,17.507366180419922,1745964643.488,17.507366180419922,1745964643.488,17.507366180419922,1745964643.488,17.507366180419922
1745964643.748,17.76762580871582,1745964643.748,17.76762580871582,1745964643.748,17.76762580871582,1745964643.748,17.76762580871582
1745964643.993,18.01280164718628,1745964643.993,18.01280164718628,1745964643.993,18.01280164718628,1745964643.993,18.01280164718628
1745964644.255,18.274089574813843,1745964644.255,18.274089574813843,1745964644.255,18.274089574813843,1745964644.255,18.274089574813843
1745964644.499,18.51858615875244,1745964644.499,18.51858615875244,1745964644.499,18.51858615875244,1745964644.499,18.51858615875244
1745964644.729,18.74877619743347,1745964644.729,18.74877619743347,1745964644.729,18.74877619743347,1745964644.729,18.74877619743347
1745964645.008,19.02741289138794,1745964645.008,19.02741289138794,1745964645.008,19.02741289138794,1745964645.008,19.02741289138794
1745964645.269,19.288626432418823,1745964645.269,19.288626432418823,1745964645.269,19.288626432418823,1745964645.269,19.288626432418823
1745964645.534,19.553725957870483,1745964645.534,19.553725957870483,1745964645.534,19.553725957870483,1745964645.534,19.553725957870483
1745964645.794,19.81372380256653,1745964645.794,19.81372380256653,1745964645.794,19.81372380256653,1745964645.794,19.81372380256653
1745964646.07,20.08980679512024,1745964646.07,20.08980679512024,1745964646.07,20.08980679512024,1745964646.07,20.08980679512024
1745964646.333,20.352189779281616,1745964646.333,20.352189779281616,1745964646.333,20.352189779281616,1745964646.333,20.352189779281616
1745964646.596,20.615500450134277,1745964646.596,20.615500450134277,1745964646.596,20.615500450134277,1745964646.596,20.615500450134277
1745964646.846,20.86534333229065,1745964646.846,20.86534333229065,1745964646.846,20.86534333229065,1745964646.846,20.86534333229065
1745964647.118,21.13730216026306,1745964647.118,21.13730216026306,1745964647.118,21.13730216026306,1745964647.118,21.13730216026306
1745964647.379,21.397968530654907,1745964647.379,21.397968530654907,1745964647.379,21.397968530654907,1745964647.379,21.397968530654907
1745964647.626,21.645431518554688,1745964647.626,21.645431518554688,1745964647.626,21.645431518554688,1745964647.626,21.645431518554688
1745964647.858,21.877859830856323,1745964647.858,21.877859830856323,1745964647.858,21.877859830856323,1745964647.858,21.877859830856323
1745964648.106,22.125773668289185,1745964648.106,22.125773668289185,1745964648.106,22.125773668289185,1745964648.106,22.125773668289185
1745964648.369,22.38797640800476,1745964648.369,22.38797640800476,1745964648.369,22.38797640800476,1745964648.369,22.38797640800476
1745964648.617,22.636307954788208,1745964648.617,22.636307954788208,1745964648.617,22.636307954788208,1745964648.617,22.636307954788208
1745964648.879,22.898133277893066,1745964648.879,22.898133277893066,1745964648.879,22.898133277893066,1745964648.879,22.898133277893066
1745964649.144,23.16366982460022,1745964649.144,23.16366982460022,1745964649.144,23.16366982460022,1745964649.144,23.16366982460022
1745964649.405,23.424640417099,1745964649.405,23.424640417099,1745964649.405,23.424640417099,1745964649.405,23.424640417099
1745964649.668,23.68763303756714,1745964649.668,23.68763303756714,1745964649.668,23.68763303756714,1745964649.668,23.68763303756714
1745964649.932,23.95111107826233,1745964649.932,23.95111107826233,1745964649.932,23.95111107826233,1745964649.932,23.95111107826233
1745964650.195,24.21477198600769,1745964650.195,24.21477198600769,1745964650.195,24.21477198600769,1745964650.195,24.21477198600769
1745964650.458,24.47729516029358,1745964650.458,24.47729516029358,1745964650.458,24.47729516029358,1745964650.458,24.47729516029358
1745964650.706,24.72524070739746,1745964650.706,24.72524070739746,1745964650.706,24.72524070739746,1745964650.706,24.72524070739746
1745964650.968,24.987906217575073,1745964650.968,24.987906217575073,1745964650.968,24.987906217575073,1745964650.968,24.987906217575073
1745964651.232,25.251470804214478,1745964651.232,25.251470804214478,1745964651.232,25.251470804214478,1745964651.232,25.251470804214478
1745964651.508,25.5276038646698,1745964651.508,25.5276038646698,1745964651.508,25.5276038646698,1745964651.508,25.5276038646698
1745964651.743,25.762308835983276,1745964651.743,25.762308835983276,1745964651.743,25.762308835983276,1745964651.743,25.762308835983276
1745964652.0,26.01978349685669,1745964652.0,26.01978349685669,1745964652.0,26.01978349685669,1745964652.0,26.01978349685669
1745964652.247,26.266114950180054,1745964652.247,26.266114950180054,1745964652.247,26.26648259162903,1745964652.247,26.26648259162903
1745964652.494,26.51313018798828,1745964652.494,26.51313018798828,1745964652.494,26.51313018798828,1745964652.494,26.51313018798828
1745964652.743,26.76226305961609,1745964652.743,26.76226305961609,1745964652.743,26.76226305961609,1745964652.743,26.76226305961609
1745964653.002,27.02146315574646,1745964653.002,27.02146315574646,1745964653.002,27.02146315574646,1745964653.002,27.02146315574646
1745964653.232,27.251295566558838,1745964653.232,27.251295566558838,1745964653.232,27.251295566558838,1745964653.232,27.251295566558838
1745964653.494,27.513113975524902,1745964653.494,27.513113975524902,1745964653.494,27.513113975524902,1745964653.494,27.513113975524902
1745964653.743,27.76242971420288,1745964653.743,27.76242971420288,1745964653.743,27.76242971420288,1745964653.743,27.76242971420288
1745964654.002,28.021738529205322,1745964654.002,28.021738529205322,1745964654.002,28.021738529205322,1745964654.002,28.021738529205322
1745964654.264,28.283313989639282,1745964654.264,28.283313989639282,1745964654.264,28.283313989639282,1745964654.264,28.283313989639282
1745964654.54,28.55939531326294,1745964654.54,28.55939531326294,1745964654.54,28.55939531326294,1745964654.54,28.55939531326294
1745964654.784,28.803646326065063,1745964654.784,28.803646326065063,1745964654.784,28.803646326065063,1745964654.784,28.803646326065063
1745964655.044,29.063704013824463,1745964655.044,29.063704013824463,1745964655.044,29.063704013824463,1745964655.044,29.063704013824463
1745964655.305,29.324443101882935,1745964655.305,29.324443101882935,1745964655.305,29.324443101882935,1745964655.305,29.324443101882935
1745964655.566,29.585499048233032,1745964655.566,29.585499048233032,1745964655.566,29.585499048233032,1745964655.566,29.585499048233032
1745964655.826,29.845943689346313,1745964655.826,29.845943689346313,1745964655.826,29.845943689346313,1745964655.826,29.845943689346313
1745964656.089,30.108646631240845,1745964656.089,30.108646631240845,1745964656.089,30.108646631240845,1745964656.089,30.108646631240845
1745964656.367,30.38627529144287,1745964656.367,30.38627529144287,1745964656.367,30.38627529144287,1745964656.367,30.38627529144287
1745964656.625,30.6445369720459,1745964656.625,30.6445369720459,1745964656.625,30.6445369720459,1745964656.625,30.6445369720459
1745964656.888,30.90707516670227,1745964656.888,30.90707516670227,1745964656.888,30.90707516670227,1745964656.888,30.90707516670227
1745964657.163,31.182697057724,1745964657.163,31.182697057724,1745964657.163,31.182697057724,1745964657.163,31.182697057724
1745964657.41,31.429481029510498,1745964657.41,31.429481029510498,1745964657.41,31.429481029510498,1745964657.41,31.429481029510498
1745964657.671,31.690681219100952,1745964657.671,31.690681219100952,1745964657.671,31.690681219100952,1745964657.671,31.690681219100952
1745964657.933,31.952528715133667,1745964657.933,31.952528715133667,1745964657.933,31.952528715133667,1745964657.933,31.952528715133667
1745964658.196,32.21555829048157,1745964658.196,32.21555829048157,1745964658.196,32.21555829048157,1745964658.196,32.21555829048157
1745964658.459,32.47810220718384,1745964658.459,32.47810220718384,1745964658.459,32.47810220718384,1745964658.459,32.47810220718384
1745964658.723,32.742141008377075,1745964658.723,32.742141008377075,1745964658.723,32.742141008377075,1745964658.723,32.742141008377075
1745964658.986,33.00555968284607,1745964658.986,33.00555968284607,1745964658.986,33.00555968284607,1745964658.986,33.00555968284607
1745964659.218,33.237542390823364,1745964659.218,33.237542390823364,1745964659.218,33.237542390823364,1745964659.218,33.237542390823364
1745964659.479,33.49812364578247,1745964659.479,33.49812364578247,1745964659.479,33.49812364578247,1745964659.479,33.49812364578247
1745964659.753,33.77268719673157,1745964659.753,33.77268719673157,1745964659.753,33.77268719673157,1745964659.753,33.77268719673157
1745964659.99,34.00938391685486,1745964659.99,34.00938391685486,1745964659.99,34.00938391685486,1745964659.99,34.00938391685486
1745964660.246,34.265223264694214,1745964660.246,34.265223264694214,1745964660.246,34.265223264694214,1745964660.246,34.265223264694214
1745964660.508,34.52772879600525,1745964660.508,34.52772879600525,1745964660.508,34.52772879600525,1745964660.508,34.52772879600525
1745964660.769,34.788180112838745,1745964660.769,34.788180112838745,1745964660.769,34.788180112838745,1745964660.769,34.788180112838745
1745964661.013,35.03227496147156,1745964661.013,35.03227496147156,1745964661.013,35.03227496147156,1745964661.013,35.03227496147156
1745964661.277,35.29661679267883,1745964661.277,35.29661679267883,1745964661.277,35.29661679267883,1745964661.277,35.29661679267883
1745964661.522,35.54122471809387,1745964661.522,35.54122471809387,1745964661.522,35.54122471809387,1745964661.522,35.54122471809387
1745964661.771,35.790841817855835,1745964661.771,35.790841817855835,1745964661.771,35.790841817855835,1745964661.771,35.790841817855835
1745964662.03,36.05015158653259,1745964662.031,36.05015158653259,1745964662.031,36.05015158653259,1745964662.031,36.05015158653259
1745964662.28,36.299691915512085,1745964662.28,36.299691915512085,1745964662.28,36.299691915512085,1745964662.28,36.299691915512085
1745964662.527,36.54668116569519,1745964662.527,36.54668116569519,1745964662.527,36.54668116569519,1745964662.527,36.54668116569519
1745964662.778,36.79754638671875,1745964662.778,36.79754638671875,1745964662.778,36.798548221588135,1745964662.779,36.798548221588135
1745964663.048,37.06733250617981,1745964663.048,37.06733250617981,1745964663.048,37.06733250617981,1745964663.048,37.06733250617981
1745964663.311,37.33014702796936,1745964663.311,37.33014702796936,1745964663.311,37.33014702796936,1745964663.311,37.33014702796936
1745964663.57,37.58946895599365,1745964663.57,37.58946895599365,1745964663.57,37.58946895599365,1745964663.57,37.58946895599365
1745964663.815,37.83485817909241,1745964663.815,37.83485817909241,1745964663.815,37.83485817909241,1745964663.815,37.83485817909241
1745964664.065,38.084410429000854,1745964664.065,38.084410429000854,1745964664.065,38.084410429000854,1745964664.065,38.084410429000854
1745964664.321,38.3407084941864,1745964664.321,38.3407084941864,1745964664.321,38.3407084941864,1745964664.321,38.3407084941864
1745964664.57,38.58901023864746,1745964664.57,38.58901023864746,1745964664.57,38.58901023864746,1745964664.57,38.58901023864746
1745964664.819,38.83882784843445,1745964664.819,38.83882784843445,1745964664.819,38.83882784843445,1745964664.819,38.83882784843445
1745964665.063,39.08249759674072,1745964665.063,39.08249759674072,1745964665.063,39.08249759674072,1745964665.063,39.08249759674072
1745964665.32,39.339350938797,1745964665.32,39.339350938797,1745964665.32,39.339350938797,1745964665.32,39.339350938797
1745964665.582,39.601126194000244,1745964665.582,39.601126194000244,1745964665.582,39.601126194000244,1745964665.582,39.601126194000244
1745964665.832,39.85192036628723,1745964665.832,39.85192036628723,1745964665.832,39.85192036628723,1745964665.832,39.85192036628723
1745964666.061,40.080623626708984,1745964666.061,40.080623626708984,1745964666.061,40.080623626708984,1745964666.061,40.080623626708984
1745964666.333,40.352508306503296,1745964666.333,40.352508306503296,1745964666.333,40.352508306503296,1745964666.333,40.352508306503296
1745964666.595,40.61486554145813,1745964666.595,40.61486554145813,1745964666.595,40.61486554145813,1745964666.595,40.61486554145813
1745964666.844,40.86324143409729,1745964666.844,40.86324143409729,1745964666.844,40.86324143409729,1745964666.844,40.86324143409729
1745964667.103,41.12213969230652,1745964667.103,41.12213969230652,1745964667.103,41.12213969230652,1745964667.103,41.12213969230652
1745964667.368,41.38696217536926,1745964667.368,41.38696217536926,1745964667.368,41.38696217536926,1745964667.368,41.38696217536926
1745964667.629,41.64872622489929,1745964667.629,41.64872622489929,1745964667.629,41.64872622489929,1745964667.629,41.64872622489929
1745964667.865,41.884259939193726,1745964667.865,41.884259939193726,1745964667.865,41.884259939193726,1745964667.865,41.884259939193726
1745964668.122,42.14107370376587,1745964668.122,42.14107370376587,1745964668.122,42.14107370376587,1745964668.122,42.14107370376587
1745964668.398,42.41706204414368,1745964668.398,42.41706204414368,1745964668.398,42.41706204414368,1745964668.398,42.41706204414368
1745964668.646,42.66496777534485,1745964668.646,42.66496777534485,1745964668.646,42.66496777534485,1745964668.646,42.66496777534485
1745964668.905,42.92492699623108,1745964668.905,42.92492699623108,1745964668.905,42.92492699623108,1745964668.905,42.92492699623108
1745964669.167,43.18694090843201,1745964669.167,43.18694090843201,1745964669.167,43.18694090843201,1745964669.167,43.18694090843201
1745964669.442,43.46132040023804,1745964669.442,43.46132040023804,1745964669.442,43.46132040023804,1745964669.442,43.46132040023804
1745964669.703,43.72220015525818,1745964669.703,43.72220015525818,1745964669.703,43.72220015525818,1745964669.703,43.72220015525818
1745964669.966,43.98540782928467,1745964669.966,43.98540782928467,1745964669.966,43.98540782928467,1745964669.966,43.98540782928467
1745964670.226,44.245930194854736,1745964670.226,44.245930194854736,1745964670.226,44.245930194854736,1745964670.226,44.245930194854736
1745964670.492,44.511127948760986,1745964670.492,44.511127948760986,1745964670.492,44.511127948760986,1745964670.492,44.511127948760986
1745964670.753,44.77247595787048,1745964670.753,44.77247595787048,1745964670.753,44.77247595787048,1745964670.753,44.77247595787048
1745964670.989,45.008360385894775,1745964670.989,45.008360385894775,1745964670.989,45.008360385894775,1745964670.989,45.008360385894775
1745964671.243,45.262343883514404,1745964671.243,45.262343883514404,1745964671.243,45.262343883514404,1745964671.243,45.262343883514404
1745964671.505,45.524380922317505,1745964671.505,45.524380922317505,1745964671.505,45.524380922317505,1745964671.505,45.524380922317505
1745964671.767,45.78610348701477,1745964671.767,45.78610348701477,1745964671.767,45.78610348701477,1745964671.767,45.78610348701477
1745964672.03,46.0495171546936,1745964672.03,46.0495171546936,1745964672.03,46.0495171546936,1745964672.03,46.0495171546936
1745964672.278,46.29744029045105,1745964672.278,46.29744029045105,1745964672.278,46.29744029045105,1745964672.278,46.29744029045105
1745964672.524,46.54345750808716,1745964672.524,46.54345750808716,1745964672.524,46.54345750808716,1745964672.524,46.54345750808716
1745964672.789,46.80796957015991,1745964672.789,46.80796957015991,1745964672.789,46.80796957015991,1745964672.789,46.80796957015991
1745964673.019,47.03812289237976,1745964673.019,47.03812289237976,1745964673.019,47.03812289237976,1745964673.019,47.03812289237976
1745964673.281,47.300843238830566,1745964673.281,47.300843238830566,1745964673.281,47.300843238830566,1745964673.281,47.300843238830566
1745964673.527,47.54640817642212,1745964673.527,47.54640817642212,1745964673.527,47.54640817642212,1745964673.527,47.54640817642212
1745964673.787,47.80656433105469,1745964673.787,47.80656433105469,1745964673.787,47.80656433105469,1745964673.787,47.80656433105469
1745964674.049,48.0684015750885,1745964674.049,48.0684015750885,1745964674.049,48.0684015750885,1745964674.049,48.0684015750885
1745964674.295,48.3144268989563,1745964674.295,48.3144268989563,1745964674.295,48.3144268989563,1745964674.295,48.3144268989563
1745964674.558,48.577250719070435,1745964674.558,48.577250719070435,1745964674.558,48.577250719070435,1745964674.558,48.577250719070435
1745964674.835,48.85442805290222,1745964674.835,48.85442805290222,1745964674.835,48.85442805290222,1745964674.835,48.85442805290222
1745964675.095,49.11442542076111,1745964675.095,49.11442542076111,1745964675.095,49.11442542076111,1745964675.095,49.11442542076111
1745964675.359,49.37871599197388,1745964675.359,49.37871599197388,1745964675.36,49.37909126281738,1745964675.36,49.37909126281738
1745964675.62,49.63966083526611,1745964675.62,49.63966083526611,1745964675.62,49.63966083526611,1745964675.62,49.63966083526611
1745964675.885,49.90422439575195,1745964675.885,49.90422439575195,1745964675.885,49.90422439575195,1745964675.885,49.90422439575195
1745964676.119,50.139490842819214,1745964676.12,50.139490842819214,1745964676.12,50.139490842819214,1745964676.12,50.139490842819214
1745964676.378,50.397746324539185,1745964676.378,50.397746324539185,1745964676.378,50.397746324539185,1745964676.378,50.397746324539185
1745964676.627,50.64653038978577,1745964676.627,50.64653038978577,1745964676.627,50.64653038978577,1745964676.627,50.64653038978577
1745964676.857,50.87677717208862,1745964676.857,50.87677717208862,1745964676.857,50.87677717208862,1745964676.857,50.87677717208862
1745964677.108,51.12792229652405,1745964677.108,51.12792229652405,1745964677.108,51.12792229652405,1745964677.108,51.12792229652405
1745964677.382,51.40117406845093,1745964677.382,51.40117406845093,1745964677.382,51.40117406845093,1745964677.382,51.40117406845093
1745964677.646,51.665616273880005,1745964677.646,51.665616273880005,1745964677.646,51.665616273880005,1745964677.646,51.665616273880005
1745964677.892,51.91159462928772,1745964677.892,51.91159462928772,1745964677.892,51.91159462928772,1745964677.892,51.91159462928772
1745964678.153,52.17281103134155,1745964678.153,52.17281103134155,1745964678.153,52.17281103134155,1745964678.153,52.17281103134155
1745964678.417,52.43642067909241,1745964678.417,52.43642067909241,1745964678.417,52.43642067909241,1745964678.417,52.43642067909241
1745964678.694,52.71340036392212,1745964678.694,52.71340036392212,1745964678.694,52.71340036392212,1745964678.694,52.71340036392212
1745964678.943,52.96278142929077,1745964678.943,52.96278142929077,1745964678.943,52.96278142929077,1745964678.943,52.96278142929077
1745964679.207,53.22603702545166,1745964679.207,53.22603702545166,1745964679.207,53.22603702545166,1745964679.207,53.22603702545166
1745964679.469,53.488433599472046,1745964679.469,53.488433599472046,1745964679.469,53.488433599472046,1745964679.469,53.488433599472046
1745964679.729,53.74871897697449,1745964679.729,53.74871897697449,1745964679.729,53.74871897697449,1745964679.729,53.74871897697449
1745964679.994,54.01386046409607,1745964679.994,54.01386046409607,1745964679.994,54.01386046409607,1745964679.994,54.01386046409607
1745964680.263,54.28200435638428,1745964680.263,54.28200435638428,1745964680.263,54.28200435638428,1745964680.263,54.28200435638428
1745964680.517,54.5368914604187,1745964680.517,54.5368914604187,1745964680.517,54.5368914604187,1745964680.517,54.5368914604187
1745964680.781,54.800169229507446,1745964680.781,54.800169229507446,1745964680.781,54.800169229507446,1745964680.781,54.800169229507446
1745964681.017,55.036683320999146,1745964681.017,55.036683320999146,1745964681.017,55.036683320999146,1745964681.017,55.036683320999146
1745964681.265,55.284202575683594,1745964681.265,55.284202575683594,1745964681.265,55.284202575683594,1745964681.265,55.284202575683594
1745964681.539,55.55895209312439,1745964681.539,55.55895209312439,1745964681.539,55.55895209312439,1745964681.539,55.55895209312439
1745964681.802,55.821447134017944,1745964681.802,55.822067737579346,1745964681.803,55.822067737579346,1745964681.803,55.822067737579346
1745964682.064,56.08380842208862,1745964682.064,56.08380842208862,1745964682.064,56.08380842208862,1745964682.064,56.08380842208862
1745964682.328,56.34739351272583,1745964682.328,56.34739351272583,1745964682.328,56.34739351272583,1745964682.328,56.34739351272583
1745964682.589,56.6082022190094,1745964682.589,56.6082022190094,1745964682.589,56.6082022190094,1745964682.589,56.6082022190094
1745964682.865,56.88427734375,1745964682.865,56.88427734375,1745964682.865,56.88427734375,1745964682.865,56.88427734375
1745964683.116,57.13511538505554,1745964683.116,57.13511538505554,1745964683.116,57.13511538505554,1745964683.116,57.13511538505554
1745964683.373,57.39270567893982,1745964683.373,57.39270567893982,1745964683.373,57.39270567893982,1745964683.373,57.39270567893982
1745964683.636,57.655447006225586,1745964683.636,57.655447006225586,1745964683.636,57.655447006225586,1745964683.636,57.655447006225586
1745964683.912,57.931225538253784,1745964683.912,57.931225538253784,1745964683.912,57.931225538253784,1745964683.912,57.931225538253784
1745964684.174,58.19322395324707,1745964684.174,58.19322395324707,1745964684.174,58.19322395324707,1745964684.174,58.19322395324707
1745964684.435,58.45486402511597,1745964684.435,58.45486402511597,1745964684.435,58.45486402511597,1745964684.435,58.45486402511597
1745964684.698,58.717324018478394,1745964684.698,58.717324018478394,1745964684.698,58.717324018478394,1745964684.698,58.717324018478394
1745964684.975,58.99444055557251,1745964684.975,58.99444055557251,1745964684.975,58.99444055557251,1745964684.975,58.99444055557251
1745964685.237,59.25639224052429,1745964685.237,59.25639224052429,1745964685.237,59.25639224052429,1745964685.237,59.25639224052429
1745964685.499,59.51847004890442,1745964685.499,59.51847004890442,1745964685.499,59.51847004890442,1745964685.499,59.51847004890442
1745964685.763,59.78211998939514,1745964685.763,59.78211998939514,1745964685.763,59.78211998939514,1745964685.763,59.78211998939514
1745964686.026,60.044994592666626,1745964686.026,60.044994592666626,1745964686.026,60.044994592666626,1745964686.026,60.044994592666626
1745964686.277,60.29635190963745,1745964686.277,60.297353744506836,1745964686.278,60.297353744506836,1745964686.278,60.297353744506836
1745964686.534,60.553945541381836,1745964686.534,60.553945541381836,1745964686.534,60.553945541381836,1745964686.534,60.553945541381836
1745964686.797,60.8162739276886,1745964686.797,60.8162739276886,1745964686.797,60.8162739276886,1745964686.797,60.8162739276886
1745964687.062,61.08189105987549,1745964687.062,61.08189105987549,1745964687.062,61.08189105987549,1745964687.062,61.08189105987549
1745964687.325,61.34399223327637,1745964687.325,61.34399223327637,1745964687.325,61.34399223327637,1745964687.325,61.34399223327637
1745964687.585,61.60474610328674,1745964687.585,61.60474610328674,1745964687.585,61.60474610328674,1745964687.585,61.60474610328674
1745964687.846,61.86545753479004,1745964687.846,61.86545753479004,1745964687.846,61.86545753479004,1745964687.846,61.86545753479004
1745964688.108,62.12700176239014,1745964688.108,62.12700176239014,1745964688.108,62.12700176239014,1745964688.108,62.12700176239014
1745964688.37,62.389803409576416,1745964688.37,62.389803409576416,1745964688.37,62.389803409576416,1745964688.37,62.389803409576416
1745964688.633,62.65233254432678,1745964688.633,62.65233254432678,1745964688.633,62.65233254432678,1745964688.633,62.65233254432678
1745964688.893,62.9128520488739,1745964688.893,62.9128520488739,1745964688.893,62.9128520488739,1745964688.893,62.9128520488739
1745964689.138,63.157695293426514,1745964689.138,63.157695293426514,1745964689.138,63.157695293426514,1745964689.138,63.157695293426514
1745964689.401,63.42061185836792,1745964689.401,63.42061185836792,1745964689.401,63.42061185836792,1745964689.401,63.42061185836792
1745964689.678,63.69736313819885,1745964689.678,63.69736313819885,1745964689.678,63.69736313819885,1745964689.678,63.69736313819885
1745964689.941,63.9605827331543,1745964689.941,63.9605827331543,1745964689.941,63.9605827331543,1745964689.941,63.9605827331543
1745964690.19,64.20980644226074,1745964690.19,64.20980644226074,1745964690.19,64.20980644226074,1745964690.19,64.20980644226074
1745964690.449,64.4689245223999,1745964690.449,64.4689245223999,1745964690.449,64.4689245223999,1745964690.449,64.4689245223999
1745964690.711,64.73064994812012,1745964690.711,64.73064994812012,1745964690.711,64.73064994812012,1745964690.711,64.73064994812012
1745964690.974,64.99339008331299,1745964690.974,64.99339008331299,1745964690.974,64.99339008331299,1745964690.974,64.99339008331299
1745964691.219,65.23862314224243,1745964691.219,65.23862314224243,1745964691.219,65.23862314224243,1745964691.219,65.23862314224243
1745964691.482,65.50114178657532,1745964691.482,65.50114178657532,1745964691.482,65.50114178657532,1745964691.482,65.50114178657532
1745964691.743,65.76217460632324,1745964691.743,65.76217460632324,1745964691.743,65.76217460632324,1745964691.743,65.76217460632324
1745964692.004,66.02363777160645,1745964692.004,66.02363777160645,1745964692.004,66.02363777160645,1745964692.004,66.02363777160645
1745964692.267,66.28691625595093,1745964692.267,66.28691625595093,1745964692.267,66.28691625595093,1745964692.267,66.28691625595093
1745964692.53,66.54963636398315,1745964692.53,66.54963636398315,1745964692.53,66.54963636398315,1745964692.53,66.54963636398315
1745964692.781,66.8000717163086,1745964692.781,66.8000717163086,1745964692.781,66.8000717163086,1745964692.781,66.8000717163086
1745964693.04,67.05928707122803,1745964693.04,67.05928707122803,1745964693.04,67.05928707122803,1745964693.04,67.05928707122803
1745964693.278,67.29733228683472,1745964693.278,67.29733228683472,1745964693.278,67.29733228683472,1745964693.278,67.29733228683472
1745964693.549,67.56884527206421,1745964693.549,67.56884527206421,1745964693.549,67.56884527206421,1745964693.549,67.56884527206421
1745964693.796,67.81542778015137,1745964693.796,67.81542778015137,1745964693.796,67.81542778015137,1745964693.796,67.81542778015137
1745964694.056,68.07595014572144,1745964694.056,68.07595014572144,1745964694.056,68.07595014572144,1745964694.056,68.07595014572144
1745964694.303,68.32263541221619,1745964694.303,68.32263541221619,1745964694.303,68.32263541221619,1745964694.303,68.32263541221619
1745964694.565,68.58399987220764,1745964694.565,68.58399987220764,1745964694.565,68.58399987220764,1745964694.565,68.58399987220764
1745964694.828,68.8474633693695,1745964694.828,68.8474633693695,1745964694.828,68.8474633693695,1745964694.828,68.8474633693695
1745964695.091,69.11071872711182,1745964695.091,69.11071872711182,1745964695.091,69.11071872711182,1745964695.091,69.11071872711182
1745964695.352,69.37179327011108,1745964695.352,69.37179327011108,1745964695.352,69.37179327011108,1745964695.352,69.37179327011108
1745964695.614,69.63343858718872,1745964695.614,69.63343858718872,1745964695.614,69.63343858718872,1745964695.614,69.63343858718872
1745964695.875,69.89413833618164,1745964695.875,69.89413833618164,1745964695.875,69.89413833618164,1745964695.875,69.89413833618164
1745964696.104,70.12329649925232,1745964696.104,70.12329649925232,1745964696.104,70.12329649925232,1745964696.104,70.12329649925232
1745964696.369,70.38886404037476,1745964696.369,70.38886404037476,1745964696.369,70.38886404037476,1745964696.369,70.38886404037476
1745964696.615,70.63418984413147,1745964696.615,70.63418984413147,1745964696.615,70.63418984413147,1745964696.615,70.63418984413147
1745964696.876,70.89538908004761,1745964696.876,70.89538908004761,1745964696.876,70.89538908004761,1745964696.876,70.89538908004761
1745964697.138,71.15753698348999,1745964697.138,71.15753698348999,1745964697.138,71.15753698348999,1745964697.138,71.15753698348999
1745964697.4,71.41970562934875,1745964697.4,71.41970562934875,1745964697.4,71.41970562934875,1745964697.4,71.41970562934875
1745964697.664,71.68370914459229,1745964697.664,71.68370914459229,1745964697.664,71.68385314941406,1745964697.664,71.68385314941406
1745964697.898,71.91699981689453,1745964697.898,71.91699981689453,1745964697.898,71.91699981689453,1745964697.898,71.91699981689453
1745964698.149,72.16882491111755,1745964698.149,72.16882491111755,1745964698.149,72.16882491111755,1745964698.149,72.16882491111755
1745964698.407,72.42617869377136,1745964698.407,72.42617869377136,1745964698.407,72.42617869377136,1745964698.407,72.42617869377136
1745964698.669,72.68814826011658,1745964698.669,72.68814826011658,1745964698.669,72.68814826011658,1745964698.669,72.68814826011658
1745964698.932,72.95113134384155,1745964698.932,72.95113134384155,1745964698.932,72.95113134384155,1745964698.932,72.95113134384155
1745964699.21,73.22963571548462,1745964699.21,73.22963571548462,1745964699.21,73.22963571548462,1745964699.21,73.22963571548462
1745964699.458,73.47793006896973,1745964699.458,73.47793006896973,1745964699.458,73.47793006896973,1745964699.458,73.47793006896973
1745964699.721,73.74006342887878,1745964699.721,73.74006342887878,1745964699.721,73.74006342887878,1745964699.721,73.74006342887878
1745964699.981,74.00058507919312,1745964699.981,74.00058507919312,1745964699.981,74.00058507919312,1745964699.981,74.00058507919312
1745964700.246,74.26513361930847,1745964700.246,74.26513361930847,1745964700.246,74.26513361930847,1745964700.246,74.26513361930847
1745964700.491,74.51073098182678,1745964700.491,74.51073098182678,1745964700.491,74.51073098182678,1745964700.491,74.51073098182678
1745964700.751,74.77081179618835,1745964700.751,74.77081179618835,1745964700.751,74.77081179618835,1745964700.751,74.77081179618835
1745964701.014,75.03320169448853,1745964701.014,75.03320169448853,1745964701.014,75.03320169448853,1745964701.014,75.03320169448853
1745964701.276,75.2959463596344,1745964701.276,75.2959463596344,1745964701.276,75.2959463596344,1745964701.276,75.2959463596344
1745964701.523,75.54261541366577,1745964701.523,75.54261541366577,1745964701.523,75.54261541366577,1745964701.523,75.54261541366577
1745964701.773,75.79242658615112,1745964701.773,75.79242658615112,1745964701.773,75.79242658615112,1745964701.773,75.79242658615112
1745964702.037,76.05655264854431,1745964702.037,76.05655264854431,1745964702.037,76.05655264854431,1745964702.037,76.05655264854431
1745964702.285,76.30407357215881,1745964702.285,76.30407357215881,1745964702.285,76.30407357215881,1745964702.285,76.30407357215881
1745964702.546,76.56515145301819,1745964702.546,76.56515145301819,1745964702.546,76.56515145301819,1745964702.546,76.56515145301819
1745964702.805,76.82488083839417,1745964702.805,76.82488083839417,1745964702.805,76.82488083839417,1745964702.805,76.82488083839417
1745964703.068,77.08792471885681,1745964703.068,77.08792471885681,1745964703.068,77.08792471885681,1745964703.068,77.08792471885681
1745964703.313,77.33217811584473,1745964703.313,77.33217811584473,1745964703.313,77.33217811584473,1745964703.313,77.33217811584473
1745964703.575,77.594233751297,1745964703.575,77.594233751297,1745964703.575,77.594233751297,1745964703.575,77.594233751297
1745964703.853,77.87210392951965,1745964703.853,77.87210392951965,1745964703.853,77.87210392951965,1745964703.853,77.87210392951965
1745964704.113,78.13279175758362,1745964704.113,78.13279175758362,1745964704.113,78.13279175758362,1745964704.113,78.13279175758362
1745964704.362,78.38185477256775,1745964704.362,78.38185477256775,1745964704.362,78.38185477256775,1745964704.362,78.38185477256775
1745964704.622,78.64134359359741,1745964704.622,78.64134359359741,1745964704.622,78.64134359359741,1745964704.622,78.64134359359741
1745964704.882,78.9016056060791,1745964704.882,78.9016056060791,1745964704.882,78.9016056060791,1745964704.882,78.9016056060791
1745964705.147,79.16652750968933,1745964705.147,79.16652750968933,1745964705.147,79.16652750968933,1745964705.147,79.16652750968933
1745964705.395,79.41439700126648,1745964705.395,79.41439700126648,1745964705.395,79.41439700126648,1745964705.395,79.41439700126648
1745964705.658,79.67741703987122,1745964705.658,79.67741703987122,1745964705.658,79.67741703987122,1745964705.658,79.67741703987122
1745964705.906,79.9251492023468,1745964705.906,79.9251492023468,1745964705.906,79.9251492023468,1745964705.906,79.9251492023468
1745964706.166,80.184987783432,1745964706.166,80.184987783432,1745964706.166,80.184987783432,1745964706.166,80.184987783432
1745964706.385,80.40540647506714,1745964706.386,80.40540647506714,1745964706.386,80.40540647506714,1745964706.386,80.40540647506714
1745964706.643,80.66291117668152,1745964706.643,80.66291117668152,1745964706.643,80.66291117668152,1745964706.643,80.66291117668152
1745964706.908,80.92736101150513,1745964706.908,80.92736101150513,1745964706.908,80.92736101150513,1745964706.908,80.92736101150513
1745964707.172,81.19170093536377,1745964707.172,81.19170093536377,1745964707.172,81.19170093536377,1745964707.172,81.19170093536377
1745964707.437,81.4560341835022,1745964707.437,81.4560341835022,1745964707.437,81.4560341835022,1745964707.437,81.4560341835022
1745964707.698,81.71705436706543,1745964707.698,81.71705436706543,1745964707.698,81.71705436706543,1745964707.698,81.71705436706543
1745964707.974,81.99390292167664,1745964707.974,81.99390292167664,1745964707.974,81.99390292167664,1745964707.974,81.99390292167664
1745964708.221,82.24078321456909,1745964708.221,82.24078321456909,1745964708.221,82.24078321456909,1745964708.221,82.24078321456909
1745964708.482,82.50170516967773,1745964708.482,82.50170516967773,1745964708.482,82.50170516967773,1745964708.482,82.50170516967773
1745964708.759,82.77819180488586,1745964708.759,82.77819180488586,1745964708.759,82.77819180488586,1745964708.759,82.77819180488586
1745964709.019,83.03831624984741,1745964709.019,83.03831624984741,1745964709.019,83.03831624984741,1745964709.019,83.03831624984741
1745964709.281,83.30068469047546,1745964709.281,83.30068469047546,1745964709.281,83.30068469047546,1745964709.281,83.30068469047546
1745964709.52,83.53970456123352,1745964709.52,83.53970456123352,1745964709.52,83.53970456123352,1745964709.52,83.53970456123352
1745964709.79,83.80948877334595,1745964709.79,83.80948877334595,1745964709.79,83.80948877334595,1745964709.79,83.80948877334595
1745964710.053,84.07240796089172,1745964710.053,84.07240796089172,1745964710.053,84.07240796089172,1745964710.053,84.07240796089172
1745964710.315,84.33485817909241,1745964710.315,84.33485817909241,1745964710.315,84.33485817909241,1745964710.315,84.33485817909241
1745964710.575,84.59475111961365,1745964710.575,84.59475111961365,1745964710.575,84.59475111961365,1745964710.575,84.59475111961365
1745964710.837,84.85669708251953,1745964710.837,84.85669708251953,1745964710.837,84.85669708251953,1745964710.837,84.85669708251953
1745964711.101,85.12042212486267,1745964711.101,85.12042212486267,1745964711.101,85.12042212486267,1745964711.101,85.12042212486267
1745964711.362,85.38147449493408,1745964711.362,85.38147449493408,1745964711.362,85.38147449493408,1745964711.362,85.38147449493408
1745964711.621,85.64064621925354,1745964711.621,85.64064621925354,1745964711.621,85.64064621925354,1745964711.621,85.64064621925354
1745964711.885,85.9043300151825,1745964711.885,85.9043300151825,1745964711.885,85.9043300151825,1745964711.885,85.9043300151825
1745964712.161,86.18032169342041,1745964712.161,86.18032169342041,1745964712.161,86.18032169342041,1745964712.161,86.18032169342041
1745964712.423,86.44228506088257,1745964712.423,86.44228506088257,1745964712.423,86.44228506088257,1745964712.423,86.44228506088257
1745964712.684,86.70377254486084,1745964712.684,86.70377254486084,1745964712.684,86.70377254486084,1745964712.684,86.70377254486084
1745964712.949,86.96812391281128,1745964712.949,86.96812391281128,1745964712.949,86.96812391281128,1745964712.949,86.96812391281128
1745964713.225,87.24453544616699,1745964713.225,87.24453544616699,1745964713.225,87.24453544616699,1745964713.225,87.24453544616699
1745964713.488,87.50767469406128,1745964713.488,87.50767469406128,1745964713.488,87.50767469406128,1745964713.488,87.50767469406128
1745964713.75,87.76984071731567,1745964713.75,87.76984071731567,1745964713.75,87.76984071731567,1745964713.75,87.77010107040405
1745964714.014,88.03333759307861,1745964714.014,88.03333759307861,1745964714.014,88.03333759307861,1745964714.014,88.03333759307861
1745964714.269,88.28851699829102,1745964714.269,88.28851699829102,1745964714.269,88.28851699829102,1745964714.269,88.28851699829102
1745964714.524,88.54323363304138,1745964714.524,88.54323363304138,1745964714.524,88.54323363304138,1745964714.524,88.54323363304138
1745964714.787,88.80653190612793,1745964714.787,88.80653190612793,1745964714.787,88.80653190612793,1745964714.787,88.80653190612793
1745964715.05,89.07010173797607,1745964715.051,89.07010173797607,1745964715.051,89.07010173797607,1745964715.051,89.07010173797607
1745964715.313,89.33275532722473,1745964715.313,89.33275532722473,1745964715.313,89.33275532722473,1745964715.313,89.33275532722473
1745964715.565,89.58473467826843,1745964715.565,89.58473467826843,1745964715.565,89.58473467826843,1745964715.565,89.58473467826843
1745964715.836,89.85580706596375,1745964715.836,89.85580706596375,1745964715.836,89.85618495941162,1745964715.837,89.85618495941162
1745964716.069,90.08809852600098,1745964716.069,90.08809852600098,1745964716.069,90.08809852600098,1745964716.069,90.08809852600098
1745964716.33,90.34915280342102,1745964716.33,90.34915280342102,1745964716.33,90.34915280342102,1745964716.33,90.34915280342102
1745964716.567,90.58744978904724,1745964716.568,90.58744978904724,1745964716.568,90.58744978904724,1745964716.568,90.58744978904724
1745964716.796,90.8156099319458,1745964716.796,90.8156099319458,1745964716.796,90.8156099319458,1745964716.796,90.8156099319458
1745964717.06,91.07990837097168,1745964717.06,91.07990837097168,1745964717.06,91.07990837097168,1745964717.06,91.07990837097168
1745964717.324,91.34312438964844,1745964717.324,91.34312438964844,1745964717.324,91.34312438964844,1745964717.324,91.34312438964844
1745964717.586,91.60535478591919,1745964717.586,91.60535478591919,1745964717.586,91.60535478591919,1745964717.586,91.60535478591919
1745964717.847,91.866770029068,1745964717.847,91.866770029068,1745964717.847,91.866770029068,1745964717.847,91.866770029068
1745964718.108,92.12744116783142,1745964718.108,92.12744116783142,1745964718.108,92.12744116783142,1745964718.108,92.12744116783142
1745964718.368,92.38791394233704,1745964718.368,92.38791394233704,1745964718.368,92.38791394233704,1745964718.368,92.38791394233704
1745964718.605,92.62419176101685,1745964718.605,92.62419176101685,1745964718.605,92.62419176101685,1745964718.605,92.62419176101685
1745964718.877,92.8962869644165,1745964718.877,92.8962869644165,1745964718.877,92.8962869644165,1745964718.877,92.8962869644165
1745964719.124,93.1429934501648,1745964719.124,93.1429934501648,1745964719.124,93.1429934501648,1745964719.124,93.1429934501648
1745964719.372,93.39169025421143,1745964719.372,93.39169025421143,1745964719.372,93.39169025421143,1745964719.372,93.39169025421143
1745964719.619,93.63814949989319,1745964719.619,93.63814949989319,1745964719.619,93.63814949989319,1745964719.619,93.63814949989319
1745964719.882,93.90127420425415,1745964719.882,93.90127420425415,1745964719.882,93.90127420425415,1745964719.882,93.90127420425415
1745964720.146,94.16525721549988,1745964720.146,94.16525721549988,1745964720.146,94.16525721549988,1745964720.146,94.16525721549988
1745964720.409,94.42866230010986,1745964720.409,94.42866230010986,1745964720.409,94.42866230010986,1745964720.409,94.42866230010986
1745964720.672,94.69116425514221,1745964720.672,94.69116425514221,1745964720.672,94.69116425514221,1745964720.672,94.69116425514221
1745964720.919,94.93883228302002,1745964720.919,94.93883228302002,1745964720.919,94.93883228302002,1745964720.919,94.93883228302002
1745964721.181,95.19997072219849,1745964721.181,95.19997072219849,1745964721.181,95.19997072219849,1745964721.181,95.19997072219849
1745964721.444,95.46322894096375,1745964721.444,95.46322894096375,1745964721.444,95.46322894096375,1745964721.444,95.46322894096375
1745964721.707,95.72676515579224,1745964721.707,95.72676515579224,1745964721.707,95.72676515579224,1745964721.707,95.72676515579224
1745964721.97,95.98970532417297,1745964721.97,95.98970532417297,1745964721.97,95.98970532417297,1745964721.97,95.98970532417297
1745964722.231,96.2503457069397,1745964722.231,96.2503457069397,1745964722.231,96.2503457069397,1745964722.231,96.2503457069397
1745964722.495,96.51449847221375,1745964722.495,96.51449847221375,1745964722.495,96.51449847221375,1745964722.495,96.51449847221375
1745964722.754,96.77389287948608,1745964722.754,96.77389287948608,1745964722.754,96.77389287948608,1745964722.754,96.77389287948608
1745964723.017,97.0364670753479,1745964723.017,97.0364670753479,1745964723.017,97.0364670753479,1745964723.017,97.0364670753479
1745964723.279,97.2982771396637,1745964723.279,97.2982771396637,1745964723.279,97.2982771396637,1745964723.279,97.2982771396637
1745964723.54,97.55898427963257,1745964723.54,97.55898427963257,1745964723.54,97.55898427963257,1745964723.54,97.55898427963257
1745964723.802,97.82103872299194,1745964723.802,97.82103872299194,1745964723.802,97.82103872299194,1745964723.802,97.82103872299194
1745964724.063,98.08200788497925,1745964724.063,98.08200788497925,1745964724.063,98.08200788497925,1745964724.063,98.08200788497925
1745964724.325,98.34476780891418,1745964724.325,98.34476780891418,1745964724.325,98.34476780891418,1745964724.325,98.34476780891418
1745964724.592,98.61167168617249,1745964724.592,98.61167168617249,1745964724.592,98.61167168617249,1745964724.592,98.61167168617249
1745964724.863,98.88283967971802,1745964724.863,98.88283967971802,1745964724.863,98.88283967971802,1745964724.863,98.88283967971802
1745964725.126,99.14541745185852,1745964725.126,99.14541745185852,1745964725.126,99.14541745185852,1745964725.126,99.14541745185852
1745964725.361,99.38074660301208,1745964725.361,99.38074660301208,1745964725.361,99.38074660301208,1745964725.361,99.38074660301208
1745964725.604,99.62346649169922,1745964725.604,99.62346649169922,1745964725.604,99.62346649169922,1745964725.604,99.62346649169922
1745964725.881,99.90031051635742,1745964725.881,99.90031051635742,1745964725.881,99.90031051635742,1745964725.881,99.90031051635742
1745964726.128,100.14744019508362,1745964726.128,100.14744019508362,1745964726.128,100.14744019508362,1745964726.128,100.14744019508362
1745964726.362,100.38186120986938,1745964726.362,100.38186120986938,1745964726.362,100.38186120986938,1745964726.362,100.38186120986938
1745964726.61,100.62909984588623,1745964726.61,100.62909984588623,1745964726.61,100.62909984588623,1745964726.61,100.62909984588623
1745964726.869,100.88863039016724,1745964726.869,100.88863039016724,1745964726.869,100.88863039016724,1745964726.869,100.88863039016724
1745964727.149,101.16894030570984,1745964727.149,101.16894030570984,1745964727.149,101.16894030570984,1745964727.149,101.16894030570984
1745964727.396,101.41551661491394,1745964727.396,101.41551661491394,1745964727.396,101.41551661491394,1745964727.396,101.41551661491394
1745964727.645,101.66411423683167,1745964727.645,101.66411423683167,1745964727.645,101.66411423683167,1745964727.645,101.66411423683167
1745964727.907,101.92652344703674,1745964727.907,101.9267110824585,1745964727.907,101.9267110824585,1745964727.907,101.9267110824585
1745964728.169,102.18800139427185,1745964728.169,102.18800139427185,1745964728.169,102.18800139427185,1745964728.169,102.18800139427185
1745964728.432,102.4514000415802,1745964728.432,102.4514000415802,1745964728.432,102.4514000415802,1745964728.432,102.4514000415802
1745964728.711,102.73065400123596,1745964728.711,102.73065400123596,1745964728.711,102.73065400123596,1745964728.711,102.73065400123596
1745964728.973,102.99216628074646,1745964728.973,102.99216628074646,1745964728.973,102.99216628074646,1745964728.973,102.99216628074646
1745964729.233,103.2527403831482,1745964729.233,103.2527403831482,1745964729.233,103.2527403831482,1745964729.233,103.2527403831482
1745964729.498,103.51772594451904,1745964729.498,103.51772594451904,1745964729.498,103.51772594451904,1745964729.498,103.51772594451904
1745964729.734,103.75381422042847,1745964729.734,103.75381422042847,1745964729.734,103.75381422042847,1745964729.734,103.75381422042847
1745964729.994,104.01377296447754,1745964729.994,104.01377296447754,1745964729.994,104.01377296447754,1745964729.994,104.01377296447754
1745964730.259,104.27828860282898,1745964730.259,104.27828860282898,1745964730.259,104.27828860282898,1745964730.259,104.27828860282898
1745964730.52,104.5392415523529,1745964730.52,104.5392415523529,1745964730.52,104.5392415523529,1745964730.52,104.5392415523529
1745964730.768,104.78697443008423,1745964730.768,104.78697443008423,1745964730.768,104.78697443008423,1745964730.768,104.78697443008423
1745964731.03,105.04958510398865,1745964731.03,105.04958510398865,1745964731.03,105.04958510398865,1745964731.03,105.04958510398865
1745964731.292,105.31142377853394,1745964731.292,105.31142377853394,1745964731.292,105.31142377853394,1745964731.292,105.31142377853394
1745964731.556,105.57515788078308,1745964731.556,105.57515788078308,1745964731.556,105.57515788078308,1745964731.556,105.57515788078308
1745964731.805,105.82461428642273,1745964731.805,105.82461428642273,1745964731.805,105.82461428642273,1745964731.805,105.82461428642273
1745964732.066,106.08555936813354,1745964732.066,106.08555936813354,1745964732.066,106.08555936813354,1745964732.066,106.08555936813354
1745964732.33,106.34910011291504,1745964732.33,106.34910011291504,1745964732.33,106.34945917129517,1745964732.33,106.34945917129517
1745964732.593,106.61276888847351,1745964732.593,106.61276888847351,1745964732.593,106.61276888847351,1745964732.593,106.61276888847351
1745964732.856,106.87539172172546,1745964732.856,106.87539172172546,1745964732.856,106.87539172172546,1745964732.856,106.87539172172546
1745964733.132,107.1512885093689,1745964733.132,107.1512885093689,1745964733.132,107.1512885093689,1745964733.132,107.1512885093689
1745964733.393,107.41210341453552,1745964733.393,107.41210341453552,1745964733.393,107.41210341453552,1745964733.393,107.41210341453552
1745964733.643,107.66383790969849,1745964733.644,107.66383790969849,1745964733.644,107.66383790969849,1745964733.644,107.66383790969849
1745964733.886,107.90506768226624,1745964733.886,107.90506768226624,1745964733.886,107.90506768226624,1745964733.886,107.90506768226624
1745964734.163,108.18248534202576,1745964734.163,108.18248534202576,1745964734.163,108.18248534202576,1745964734.163,108.18248534202576
1745964734.425,108.44418048858643,1745964734.425,108.44418048858643,1745964734.425,108.44418048858643,1745964734.425,108.44418048858643
1745964734.67,108.68935346603394,1745964734.67,108.68935346603394,1745964734.67,108.68935346603394,1745964734.67,108.68973779678345
1745964734.933,108.95254564285278,1745964734.933,108.95254564285278,1745964734.933,108.95254564285278,1745964734.933,108.95254564285278
1745964735.198,109.21747994422913,1745964735.198,109.21747994422913,1745964735.198,109.21747994422913,1745964735.198,109.21747994422913
1745964735.477,109.49632930755615,1745964735.477,109.49632930755615,1745964735.477,109.49632930755615,1745964735.477,109.49632930755615
1745964735.742,109.76165771484375,1745964735.742,109.76165771484375,1745964735.742,109.76165771484375,1745964735.742,109.76165771484375
1745964736.005,110.02446699142456,1745964736.005,110.02446699142456,1745964736.005,110.02446699142456,1745964736.005,110.02446699142456
1745964736.264,110.28335976600647,1745964736.264,110.28335976600647,1745964736.264,110.28335976600647,1745964736.264,110.28335976600647
1745964736.526,110.54549789428711,1745964736.526,110.54549789428711,1745964736.526,110.54549789428711,1745964736.526,110.54549789428711
1745964736.761,110.78054189682007,1745964736.761,110.78054189682007,1745964736.761,110.78054189682007,1745964736.761,110.78054189682007
1745964737.038,111.057621717453,1745964737.038,111.057621717453,1745964737.038,111.057621717453,1745964737.038,111.057621717453
1745964737.299,111.31874895095825,1745964737.299,111.31874895095825,1745964737.299,111.31874895095825,1745964737.299,111.31874895095825
1745964737.547,111.56624293327332,1745964737.547,111.56624293327332,1745964737.547,111.56624293327332,1745964737.547,111.56624293327332
1745964737.806,111.82546830177307,1745964737.806,111.82546830177307,1745964737.806,111.82546830177307,1745964737.806,111.82546830177307
1745964738.071,112.09086322784424,1745964738.071,112.09086322784424,1745964738.071,112.09086322784424,1745964738.071,112.09086322784424
1745964738.335,112.35435366630554,1745964738.335,112.35435366630554,1745964738.335,112.35435366630554,1745964738.335,112.35435366630554
1745964738.569,112.58816289901733,1745964738.569,112.58816289901733,1745964738.569,112.58816289901733,1745964738.569,112.58816289901733
1745964738.827,112.84639167785645,1745964738.827,112.84639167785645,1745964738.827,112.84639167785645,1745964738.827,112.84639167785645
1745964739.091,113.1107988357544,1745964739.091,113.1107988357544,1745964739.091,113.1107988357544,1745964739.091,113.1107988357544
1745964739.339,113.35887908935547,1745964739.339,113.35887908935547,1745964739.339,113.35887908935547,1745964739.339,113.35887908935547
1745964739.604,113.62321496009827,1745964739.604,113.62321496009827,1745964739.604,113.62321496009827,1745964739.604,113.62321496009827
1745964739.864,113.88372373580933,1745964739.864,113.88372373580933,1745964739.864,113.88372373580933,1745964739.864,113.88372373580933
1745964740.126,114.14511442184448,1745964740.126,114.14511442184448,1745964740.126,114.14511442184448,1745964740.126,114.14511442184448
1745964740.356,114.37497091293335,1745964740.356,114.37497091293335,1745964740.356,114.37497091293335,1745964740.356,114.37497091293335
1745964740.607,114.6262137889862,1745964740.607,114.6262137889862,1745964740.607,114.6262137889862,1745964740.607,114.6262137889862
1745964740.876,114.895578622818,1745964740.876,114.895578622818,1745964740.876,114.895578622818,1745964740.876,114.895578622818
1745964741.141,115.16056656837463,1745964741.141,115.16056656837463,1745964741.141,115.16056656837463,1745964741.141,115.16056656837463
1745964741.403,115.42281866073608,1745964741.403,115.42281866073608,1745964741.403,115.42281866073608,1745964741.403,115.42281866073608
1745964741.664,115.68300724029541,1745964741.664,115.68300724029541,1745964741.664,115.68300724029541,1745964741.664,115.68300724029541
1745964741.908,115.92727637290955,1745964741.908,115.92727637290955,1745964741.908,115.92727637290955,1745964741.908,115.92727637290955
1745964742.156,116.17504668235779,1745964742.156,116.17504668235779,1745964742.156,116.17504668235779,1745964742.156,116.17504668235779
1745964742.419,116.43890857696533,1745964742.419,116.43890857696533,1745964742.419,116.43890857696533,1745964742.419,116.43890857696533
1745964742.683,116.70217251777649,1745964742.683,116.70217251777649,1745964742.683,116.70217251777649,1745964742.683,116.70217251777649
1745964742.959,116.97868728637695,1745964742.959,116.97868728637695,1745964742.959,116.97868728637695,1745964742.959,116.97868728637695
1745964743.207,117.2260570526123,1745964743.207,117.2260570526123,1745964743.207,117.2260570526123,1745964743.207,117.2260570526123
1745964743.469,117.48868536949158,1745964743.469,117.48868536949158,1745964743.469,117.48868536949158,1745964743.469,117.48868536949158
1745964743.729,117.74869728088379,1745964743.729,117.74869728088379,1745964743.729,117.74869728088379,1745964743.729,117.74869728088379
1745964744.007,118.0259747505188,1745964744.007,118.0259747505188,1745964744.007,118.0259747505188,1745964744.007,118.0259747505188
1745964744.255,118.27479147911072,1745964744.255,118.27479147911072,1745964744.255,118.27479147911072,1745964744.255,118.27479147911072
1745964744.517,118.5362639427185,1745964744.517,118.5362639427185,1745964744.517,118.5362639427185,1745964744.517,118.5362639427185
1745964744.78,118.79953908920288,1745964744.78,118.79953908920288,1745964744.78,118.79953908920288,1745964744.78,118.79953908920288
1745964745.043,119.06289505958557,1745964745.043,119.06289505958557,1745964745.043,119.06289505958557,1745964745.043,119.06289505958557
1745964745.32,119.33929395675659,1745964745.32,119.33929395675659,1745964745.32,119.33929395675659,1745964745.32,119.33929395675659
1745964745.584,119.60394144058228,1745964745.584,119.60394144058228,1745964745.584,119.60394144058228,1745964745.584,119.60394144058228
1745964745.833,119.85272812843323,1745964745.833,119.85272812843323,1745964745.833,119.85272812843323,1745964745.833,119.85272812843323
1745964746.096,120.11555051803589,1745964746.096,120.11555051803589,1745964746.096,120.11555051803589,1745964746.096,120.11587452888489
1745964746.357,120.37667226791382,1745964746.357,120.37710118293762,1745964746.358,120.37710118293762,1745964746.358,120.37710118293762
1745964746.589,120.60857820510864,1745964746.589,120.60857820510864,1745964746.589,120.60857820510864,1745964746.589,120.60857820510864
1745964746.869,120.8885281085968,1745964746.869,120.8885281085968,1745964746.869,120.8885281085968,1745964746.869,120.8885281085968
1745964747.131,121.15078806877136,1745964747.131,121.15078806877136,1745964747.131,121.15078806877136,1745964747.131,121.15078806877136
1745964747.391,121.41090369224548,1745964747.391,121.41090369224548,1745964747.391,121.41090369224548,1745964747.391,121.41090369224548
1745964747.643,121.66227316856384,1745964747.643,121.66227316856384,1745964747.643,121.66227316856384,1745964747.643,121.66227316856384
1745964747.902,121.92123627662659,1745964747.902,121.92123627662659,1745964747.902,121.92123627662659,1745964747.902,121.92123627662659
1745964748.176,122.19557166099548,1745964748.176,122.19557166099548,1745964748.176,122.19557166099548,1745964748.176,122.19557166099548
1745964748.44,122.45897650718689,1745964748.44,122.45897650718689,1745964748.44,122.45897650718689,1745964748.44,122.45897650718689
1745964748.7,122.71948671340942,1745964748.7,122.71948671340942,1745964748.7,122.71948671340942,1745964748.7,122.71948671340942
1745964748.937,122.95634055137634,1745964748.937,122.95634055137634,1745964748.937,122.95634055137634,1745964748.937,122.95634055137634
1745964749.207,123.2270176410675,1745964749.208,123.2270176410675,1745964749.208,123.2270176410675,1745964749.208,123.2270176410675
1745964749.468,123.4872829914093,1745964749.468,123.4872829914093,1745964749.468,123.4872829914093,1745964749.468,123.4872829914093
1745964749.728,123.7478940486908,1745964749.728,123.7478940486908,1745964749.728,123.7478940486908,1745964749.728,123.7478940486908
1745964749.977,123.99645185470581,1745964749.977,123.99645185470581,1745964749.977,123.99645185470581,1745964749.977,123.99645185470581
1745964750.226,124.24555802345276,1745964750.226,124.24555802345276,1745964750.226,124.24555802345276,1745964750.226,124.24555802345276
1745964750.488,124.50735306739807,1745964750.488,124.50735306739807,1745964750.488,124.50735306739807,1745964750.488,124.50735306739807
1745964750.742,124.76162981987,1745964750.742,124.76162981987,1745964750.742,124.76162981987,1745964750.742,124.76162981987
1745964750.998,125.01702952384949,1745964750.998,125.01702952384949,1745964750.998,125.01702952384949,1745964750.998,125.01702952384949
1745964751.259,125.27862167358398,1745964751.259,125.27862167358398,1745964751.259,125.27862167358398,1745964751.259,125.27862167358398
1745964751.504,125.52353501319885,1745964751.504,125.52353501319885,1745964751.504,125.52353501319885,1745964751.504,125.52353501319885
1745964751.744,125.76337814331055,1745964751.744,125.76337814331055,1745964751.744,125.76337814331055,1745964751.744,125.76337814331055
1745964751.991,126.0105767250061,1745964751.991,126.0105767250061,1745964751.991,126.0105767250061,1745964751.991,126.0105767250061
1745964752.247,126.26669454574585,1745964752.247,126.26669454574585,1745964752.247,126.26669454574585,1745964752.247,126.26669454574585
1745964752.511,126.53066444396973,1745964752.511,126.53066444396973,1745964752.511,126.53066444396973,1745964752.511,126.53066444396973
1745964752.775,126.79413914680481,1745964752.775,126.79413914680481,1745964752.775,126.79413914680481,1745964752.775,126.79413914680481
1745964753.012,127.03177690505981,1745964753.012,127.03177690505981,1745964753.012,127.03177690505981,1745964753.012,127.03177690505981
1745964753.285,127.30467176437378,1745964753.285,127.30467176437378,1745964753.285,127.30467176437378,1745964753.285,127.30467176437378
1745964753.548,127.56779909133911,1745964753.548,127.56779909133911,1745964753.549,127.56819033622742,1745964753.549,127.56819033622742
1745964753.811,127.8302149772644,1745964753.811,127.8302149772644,1745964753.811,127.8302149772644,1745964753.811,127.8302149772644
1745964754.074,128.093101978302,1745964754.074,128.093101978302,1745964754.074,128.093101978302,1745964754.074,128.093101978302
1745964754.35,128.36993980407715,1745964754.35,128.36993980407715,1745964754.35,128.36993980407715,1745964754.35,128.36993980407715
1745964754.613,128.6324656009674,1745964754.613,128.6324656009674,1745964754.613,128.6324656009674,1745964754.613,128.6324656009674
1745964754.858,128.87717032432556,1745964754.858,128.87717032432556,1745964754.858,128.87717032432556,1745964754.858,128.87717032432556
1745964755.121,129.1400327682495,1745964755.121,129.1400327682495,1745964755.121,129.1400327682495,1745964755.121,129.1400327682495
1745964755.397,129.41606426239014,1745964755.397,129.41606426239014,1745964755.397,129.41606426239014,1745964755.397,129.41606426239014
1745964755.657,129.67666482925415,1745964755.657,129.67666482925415,1745964755.657,129.67666482925415,1745964755.657,129.67666482925415
1745964755.919,129.938472032547,1745964755.919,129.938472032547,1745964755.919,129.938472032547,1745964755.919,129.938472032547
1745964756.181,130.2007257938385,1745964756.181,130.2007257938385,1745964756.181,130.2007257938385,1745964756.181,130.2007257938385
1745964756.443,130.46197986602783,1745964756.443,130.46197986602783,1745964756.443,130.46197986602783,1745964756.443,130.46197986602783
1745964756.706,130.7252802848816,1745964756.706,130.7252802848816,1745964756.706,130.7252802848816,1745964756.706,130.7252802848816
1745964756.968,130.98759531974792,1745964756.968,130.98759531974792,1745964756.968,130.98759531974792,1745964756.968,130.98759531974792
1745964757.231,131.2501757144928,1745964757.231,131.2501757144928,1745964757.231,131.2501757144928,1745964757.231,131.25051879882812
1745964757.494,131.51339149475098,1745964757.494,131.51339149475098,1745964757.494,131.51339149475098,1745964757.494,131.51339149475098
1745964757.755,131.77398204803467,1745964757.755,131.77398204803467,1745964757.755,131.77398204803467,1745964757.755,131.77398204803467
1745964758.021,132.04047203063965,1745964758.021,132.04047203063965,1745964758.021,132.04047203063965,1745964758.021,132.04047203063965
1745964758.285,132.30404210090637,1745964758.285,132.30404210090637,1745964758.285,132.30404210090637,1745964758.285,132.30404210090637
1745964758.547,132.56630158424377,1745964758.547,132.56630158424377,1745964758.547,132.56630158424377,1745964758.547,132.56630158424377
1745964758.798,132.81719255447388,1745964758.798,132.81719255447388,1745964758.798,132.81719255447388,1745964758.798,132.81719255447388
1745964759.056,133.0752227306366,1745964759.056,133.0752227306366,1745964759.056,133.0752227306366,1745964759.056,133.0752830505371
1745964759.315,133.3346517086029,1745964759.315,133.3346517086029,1745964759.315,133.3346517086029,1745964759.315,133.3346517086029
1745964759.577,133.59608817100525,1745964759.577,133.59608817100525,1745964759.577,133.59608817100525,1745964759.577,133.59608817100525
1745964759.816,133.83557152748108,1745964759.816,133.83557152748108,1745964759.816,133.83557152748108,1745964759.816,133.83557152748108
1745964760.06,134.07935452461243,1745964760.06,134.07935452461243,1745964760.06,134.07935452461243,1745964760.06,134.07935452461243
1745964760.322,134.34187865257263,1745964760.322,134.34187865257263,1745964760.322,134.34187865257263,1745964760.322,134.34187865257263
1745964760.57,134.58960890769958,1745964760.57,134.58960890769958,1745964760.57,134.58960890769958,1745964760.57,134.58960890769958
1745964760.832,134.85132336616516,1745964760.832,134.85132336616516,1745964760.832,134.85132336616516,1745964760.832,134.85132336616516
1745964761.067,135.08634662628174,1745964761.067,135.08634662628174,1745964761.067,135.08634662628174,1745964761.067,135.08634662628174
1745964761.328,135.34718418121338,1745964761.328,135.34718418121338,1745964761.328,135.34718418121338,1745964761.328,135.34718418121338
1745964761.589,135.60837841033936,1745964761.589,135.60837841033936,1745964761.589,135.60837841033936,1745964761.589,135.60837841033936
1745964761.856,135.87651753425598,1745964761.857,135.87654948234558,1745964761.857,135.87654948234558,1745964761.857,135.87654948234558
1745964762.092,136.11190629005432,1745964762.092,136.11190629005432,1745964762.092,136.11190629005432,1745964762.092,136.11190629005432
1745964762.363,136.3824760913849,1745964762.363,136.3824760913849,1745964762.363,136.3824760913849,1745964762.363,136.3824760913849
1745964762.623,136.64223504066467,1745964762.623,136.64223504066467,1745964762.623,136.64223504066467,1745964762.623,136.64223504066467
1745964762.861,136.88035464286804,1745964762.861,136.88035464286804,1745964762.861,136.88035464286804,1745964762.861,136.88035464286804
1745964763.107,137.12675595283508,1745964763.107,137.12675595283508,1745964763.107,137.12675595283508,1745964763.107,137.12675595283508
1745964763.365,137.38401317596436,1745964763.365,137.38401317596436,1745964763.365,137.38401317596436,1745964763.365,137.38401317596436
1745964763.627,137.64691591262817,1745964763.627,137.64691591262817,1745964763.627,137.64691591262817,1745964763.627,137.64691591262817
1745964763.869,137.8879783153534,1745964763.869,137.8879783153534,1745964763.869,137.8879783153534,1745964763.869,137.8879783153534
1745964764.112,138.13170409202576,1745964764.112,138.13170409202576,1745964764.112,138.13170409202576,1745964764.113,138.13216519355774
1745964764.373,138.39252710342407,1745964764.373,138.39252710342407,1745964764.373,138.39252710342407,1745964764.373,138.39252710342407
1745964764.635,138.65410542488098,1745964764.635,138.65410542488098,1745964764.635,138.65410542488098,1745964764.635,138.65410542488098
1745964764.872,138.89097619056702,1745964764.872,138.89097619056702,1745964764.872,138.89097619056702,1745964764.872,138.89097619056702
1745964765.118,139.13707399368286,1745964765.118,139.13707399368286,1745964765.118,139.13707399368286,1745964765.118,139.13707399368286
1745964765.372,139.39123463630676,1745964765.372,139.39123463630676,1745964765.372,139.39123463630676,1745964765.372,139.39123463630676
1745964765.635,139.6539797782898,1745964765.635,139.6539797782898,1745964765.635,139.6539797782898,1745964765.635,139.6539797782898
1745964765.888,139.9072027206421,1745964765.888,139.9072027206421,1745964765.888,139.9072027206421,1745964765.888,139.9072027206421
1745964766.139,140.15828943252563,1745964766.139,140.15828943252563,1745964766.139,140.15828943252563,1745964766.139,140.15828943252563
1745964766.41,140.4294159412384,1745964766.41,140.4294159412384,1745964766.41,140.4294159412384,1745964766.41,140.4294159412384
1745964766.656,140.6752007007599,1745964766.656,140.6752007007599,1745964766.656,140.6752007007599,1745964766.656,140.6752007007599
1745964766.888,140.90703225135803,1745964766.888,140.90703225135803,1745964766.888,140.90703225135803,1745964766.888,140.90802884101868
1745964767.136,141.15547108650208,1745964767.136,141.15547108650208,1745964767.136,141.15547108650208,1745964767.136,141.15547108650208
1745964767.397,141.41613459587097,1745964767.397,141.41613459587097,1745964767.397,141.41613459587097,1745964767.397,141.41613459587097
1745964767.657,141.67609453201294,1745964767.657,141.67609453201294,1745964767.657,141.67609453201294,1745964767.657,141.67609453201294
1745964767.894,141.91303634643555,1745964767.894,141.91303634643555,1745964767.894,141.91303634643555,1745964767.894,141.91303634643555
1745964768.14,142.15936946868896,1745964768.14,142.15936946868896,1745964768.14,142.15936946868896,1745964768.14,142.15936946868896
1745964768.403,142.42238402366638,1745964768.403,142.42238402366638,1745964768.403,142.42238402366638,1745964768.403,142.42238402366638
1745964768.665,142.68465900421143,1745964768.665,142.68465900421143,1745964768.665,142.68465900421143,1745964768.665,142.68465900421143
1745964768.897,142.91666054725647,1745964768.897,142.91666054725647,1745964768.897,142.91666054725647,1745964768.897,142.91666054725647
1745964769.139,143.15869188308716,1745964769.139,143.15869188308716,1745964769.139,143.15869188308716,1745964769.139,143.15869188308716
1745964769.404,143.42343616485596,1745964769.404,143.42343616485596,1745964769.404,143.42343616485596,1745964769.404,143.42343616485596
1745964769.667,143.68632793426514,1745964769.667,143.68632793426514,1745964769.667,143.68632793426514,1745964769.667,143.68632793426514
1745964769.934,143.9534420967102,1745964769.934,143.9534420967102,1745964769.934,143.9534420967102,1745964769.934,143.9534420967102
1745964770.204,144.22388529777527,1745964770.204,144.22388529777527,1745964770.204,144.22388529777527,1745964770.204,144.22388529777527
1745964770.436,144.45522904396057,1745964770.436,144.45522904396057,1745964770.436,144.45522904396057,1745964770.436,144.45522904396057
1745964770.709,144.7285430431366,1745964770.709,144.7285430431366,1745964770.709,144.7285430431366,1745964770.709,144.7285430431366
1745964770.946,144.96495485305786,1745964770.946,144.96495485305786,1745964770.946,144.96495485305786,1745964770.946,144.96495485305786
1745964771.204,145.22300505638123,1745964771.204,145.22300505638123,1745964771.204,145.22300505638123,1745964771.204,145.22300505638123
1745964771.465,145.48472905158997,1745964771.465,145.48472905158997,1745964771.465,145.48472905158997,1745964771.465,145.48472905158997
1745964771.713,145.73266196250916,1745964771.713,145.73266196250916,1745964771.713,145.73266196250916,1745964771.713,145.73266196250916
1745964771.976,145.99534678459167,1745964771.976,145.99534678459167,1745964771.976,145.99534678459167,1745964771.976,145.99534678459167
1745964772.223,146.2429223060608,1745964772.223,146.2429223060608,1745964772.223,146.2429223060608,1745964772.223,146.2429223060608
1745964772.468,146.48795175552368,1745964772.468,146.48795175552368,1745964772.468,146.48795175552368,1745964772.468,146.48795175552368
1745964772.733,146.7523319721222,1745964772.733,146.7523319721222,1745964772.733,146.7523319721222,1745964772.733,146.7523319721222
1745964772.997,147.01633715629578,1745964772.997,147.01633715629578,1745964772.997,147.01633715629578,1745964772.997,147.01633715629578
1745964773.259,147.27819991111755,1745964773.259,147.27819991111755,1745964773.259,147.27819991111755,1745964773.259,147.27819991111755
1745964773.52,147.53983211517334,1745964773.52,147.53983211517334,1745964773.52,147.53983211517334,1745964773.52,147.53983211517334
1745964773.783,147.80263566970825,1745964773.783,147.80263566970825,1745964773.783,147.80263566970825,1745964773.783,147.80263566970825
1745964774.03,148.0498034954071,1745964774.03,148.0498034954071,1745964774.03,148.0498034954071,1745964774.03,148.0498034954071
1745964774.278,148.2970883846283,1745964774.278,148.2970883846283,1745964774.278,148.2970883846283,1745964774.278,148.2970883846283
1745964774.554,148.5730106830597,1745964774.554,148.5730106830597,1745964774.554,148.5730106830597,1745964774.554,148.5730106830597
1745964774.815,148.8346643447876,1745964774.815,148.8346643447876,1745964774.815,148.8346643447876,1745964774.815,148.8346643447876
1745964775.076,149.0959348678589,1745964775.076,149.0959348678589,1745964775.076,149.0959348678589,1745964775.076,149.0959348678589
1745964775.338,149.35768818855286,1745964775.338,149.35768818855286,1745964775.338,149.35768818855286,1745964775.338,149.35768818855286
1745964775.616,149.63563561439514,1745964775.616,149.63563561439514,1745964775.616,149.63563561439514,1745964775.616,149.63563561439514
1745964775.881,149.9002332687378,1745964775.881,149.9002332687378,1745964775.881,149.9002332687378,1745964775.881,149.9002332687378
1745964776.116,150.13502264022827,1745964776.116,150.13502264022827,1745964776.116,150.13502264022827,1745964776.116,150.13502264022827
1745964776.377,150.3963372707367,1745964776.377,150.3963372707367,1745964776.377,150.3963372707367,1745964776.377,150.3963372707367
1745964776.64,150.65978503227234,1745964776.64,150.65978503227234,1745964776.64,150.65978503227234,1745964776.64,150.65978503227234
1745964776.903,150.92239809036255,1745964776.903,150.92239809036255,1745964776.903,150.92239809036255,1745964776.903,150.92239809036255
1745964777.167,151.18687462806702,1745964777.167,151.18687462806702,1745964777.167,151.18687462806702,1745964777.167,151.18687462806702
1745964777.444,151.46386909484863,1745964777.444,151.46386909484863,1745964777.444,151.46386909484863,1745964777.444,151.46386909484863
1745964777.706,151.72558188438416,1745964777.706,151.72558188438416,1745964777.706,151.72558188438416,1745964777.706,151.72558188438416
1745964777.968,151.98698663711548,1745964777.968,151.98698663711548,1745964777.968,151.98698663711548,1745964777.968,151.98698663711548
1745964778.231,152.2502191066742,1745964778.231,152.2502191066742,1745964778.231,152.2502191066742,1745964778.231,152.2502191066742
1745964778.509,152.528639793396,1745964778.509,152.528639793396,1745964778.509,152.528639793396,1745964778.509,152.528639793396
1745964778.769,152.7887828350067,1745964778.769,152.7887828350067,1745964778.769,152.7887828350067,1745964778.769,152.7887828350067
1745964779.033,153.0522735118866,1745964779.033,153.0522735118866,1745964779.033,153.0522735118866,1745964779.033,153.0522735118866
1745964779.295,153.31441283226013,1745964779.295,153.31441283226013,1745964779.295,153.31441283226013,1745964779.295,153.31441283226013
1745964779.556,153.575909614563,1745964779.556,153.575909614563,1745964779.556,153.575909614563,1745964779.556,153.575909614563
1745964779.806,153.82529520988464,1745964779.806,153.82529520988464,1745964779.806,153.82529520988464,1745964779.806,153.82529520988464
1745964780.052,154.07129549980164,1745964780.052,154.07129549980164,1745964780.052,154.07129549980164,1745964780.052,154.07129549980164
1745964780.314,154.33333277702332,1745964780.314,154.33333277702332,1745964780.314,154.33333277702332,1745964780.314,154.33333277702332
1745964780.56,154.57922410964966,1745964780.56,154.57922410964966,1745964780.56,154.57922410964966,1745964780.56,154.57922410964966
1745964780.823,154.84235835075378,1745964780.823,154.84235835075378,1745964780.823,154.84235835075378,1745964780.823,154.84235835075378
1745964781.084,155.10380673408508,1745964781.084,155.10380673408508,1745964781.084,155.10380673408508,1745964781.084,155.10380673408508
1745964781.347,155.36651468276978,1745964781.347,155.36651468276978,1745964781.347,155.36651468276978,1745964781.347,155.36651468276978
1745964781.607,155.6262547969818,1745964781.607,155.6262547969818,1745964781.607,155.6262547969818,1745964781.607,155.6262547969818
1745964781.868,155.88776421546936,1745964781.868,155.88776421546936,1745964781.868,155.88776421546936,1745964781.868,155.88776421546936
1745964782.131,156.1503882408142,1745964782.131,156.1503882408142,1745964782.131,156.1503882408142,1745964782.131,156.1503882408142
1745964782.366,156.38547348976135,1745964782.366,156.38547348976135,1745964782.367,156.38647389411926,1745964782.367,156.38647389411926
1745964782.609,156.6283986568451,1745964782.609,156.6283986568451,1745964782.609,156.6283986568451,1745964782.609,156.6283986568451
1745964782.884,156.90325498580933,1745964782.884,156.90325498580933,1745964782.884,156.90325498580933,1745964782.884,156.90325498580933
1745964783.13,157.14937353134155,1745964783.13,157.14937353134155,1745964783.13,157.14937353134155,1745964783.13,157.14937353134155
1745964783.365,157.38445782661438,1745964783.365,157.38445782661438,1745964783.365,157.38445782661438,1745964783.365,157.38445782661438
1745964783.619,157.6389343738556,1745964783.619,157.6389343738556,1745964783.619,157.6389343738556,1745964783.619,157.6389343738556
1745964783.883,157.90270519256592,1745964783.883,157.90270519256592,1745964783.883,157.90270519256592,1745964783.883,157.90270519256592
1745964784.145,158.16492891311646,1745964784.145,158.16492891311646,1745964784.145,158.16492891311646,1745964784.145,158.16492891311646
1745964784.391,158.41048407554626,1745964784.391,158.41048407554626,1745964784.391,158.41048407554626,1745964784.391,158.41048407554626
1745964784.652,158.67134261131287,1745964784.652,158.67134261131287,1745964784.652,158.67134261131287,1745964784.652,158.67134261131287
1745964784.916,158.93500590324402,1745964784.916,158.93500590324402,1745964784.916,158.93500590324402,1745964784.916,158.93500590324402
1745964785.167,159.18743133544922,1745964785.168,159.18743133544922,1745964785.168,159.18743133544922,1745964785.168,159.18743133544922
1745964785.437,159.4563491344452,1745964785.437,159.4563491344452,1745964785.437,159.4563491344452,1745964785.437,159.4563491344452
1745964785.698,159.71788883209229,1745964785.698,159.71788883209229,1745964785.698,159.71788883209229,1745964785.698,159.71788883209229
1745964785.948,159.96746802330017,1745964785.948,159.96746802330017,1745964785.948,159.96746802330017,1745964785.948,159.96746802330017
1745964786.209,160.2281847000122,1745964786.209,160.2281847000122,1745964786.209,160.2281847000122,1745964786.209,160.2281847000122
1745964786.471,160.49012112617493,1745964786.471,160.49012112617493,1745964786.471,160.49012112617493,1745964786.471,160.49012112617493
1745964786.73,160.74956059455872,1745964786.73,160.74956059455872,1745964786.73,160.74956059455872,1745964786.73,160.74956059455872
1745964786.993,161.01285791397095,1745964786.993,161.01285791397095,1745964786.993,161.01285791397095,1745964786.993,161.01285791397095
1745964787.238,161.25785565376282,1745964787.238,161.25785565376282,1745964787.238,161.25785565376282,1745964787.238,161.25785565376282
1745964787.487,161.50648307800293,1745964787.487,161.50648307800293,1745964787.487,161.50648307800293,1745964787.487,161.50648307800293
1745964787.749,161.76820468902588,1745964787.749,161.76820468902588,1745964787.749,161.76820468902588,1745964787.749,161.76820468902588
1745964788.014,162.03311252593994,1745964788.014,162.03311252593994,1745964788.014,162.03311252593994,1745964788.014,162.03311252593994
1745964788.274,162.29357933998108,1745964788.274,162.29357933998108,1745964788.274,162.29357933998108,1745964788.274,162.29357933998108
1745964788.536,162.5552761554718,1745964788.536,162.5552761554718,1745964788.536,162.5552761554718,1745964788.536,162.5552761554718
1745964788.781,162.80075931549072,1745964788.781,162.80075931549072,1745964788.781,162.80075931549072,1745964788.781,162.80075931549072
1745964789.012,163.03141808509827,1745964789.012,163.03141808509827,1745964789.012,163.03141808509827,1745964789.012,163.03141808509827
1745964789.275,163.29540872573853,1745964789.276,163.29540872573853,1745964789.276,163.29540872573853,1745964789.276,163.29540872573853
1745964789.537,163.5560266971588,1745964789.537,163.5560266971588,1745964789.537,163.5560266971588,1745964789.537,163.5560266971588
1745964789.798,163.81776595115662,1745964789.798,163.81776595115662,1745964789.798,163.81776595115662,1745964789.798,163.81776595115662
1745964790.061,164.08076906204224,1745964790.061,164.08076906204224,1745964790.061,164.08076906204224,1745964790.061,164.08076906204224
1745964790.319,164.33833932876587,1745964790.319,164.33833932876587,1745964790.319,164.33833932876587,1745964790.319,164.33833932876587
1745964790.574,164.59305906295776,1745964790.574,164.59305906295776,1745964790.574,164.59305906295776,1745964790.574,164.59305906295776
1745964790.851,164.87080121040344,1745964790.851,164.87080121040344,1745964790.851,164.87080121040344,1745964790.851,164.87080121040344
1745964791.097,165.11677289009094,1745964791.097,165.11677289009094,1745964791.097,165.11677289009094,1745964791.097,165.11677289009094
1745964791.356,165.3752281665802,1745964791.356,165.3752281665802,1745964791.356,165.3752281665802,1745964791.356,165.3752281665802
1745964791.617,165.63679027557373,1745964791.617,165.63679027557373,1745964791.617,165.63679027557373,1745964791.617,165.63679027557373
1745964791.88,165.89904284477234,1745964791.88,165.89904284477234,1745964791.88,165.89904284477234,1745964791.88,165.89904284477234
1745964792.141,166.16049981117249,1745964792.141,166.16049981117249,1745964792.141,166.16049981117249,1745964792.141,166.16049981117249
1745964792.405,166.4244728088379,1745964792.405,166.4244728088379,1745964792.405,166.4244728088379,1745964792.405,166.4244728088379
1745964792.666,166.6855390071869,1745964792.666,166.6855390071869,1745964792.666,166.6855390071869,1745964792.666,166.6855390071869
1745964792.943,166.9625964164734,1745964792.943,166.9625964164734,1745964792.943,166.9625964164734,1745964792.943,166.9625964164734
1745964793.202,167.22184348106384,1745964793.202,167.22184348106384,1745964793.202,167.22184348106384,1745964793.202,167.22184348106384
1745964793.466,167.48593020439148,1745964793.466,167.48593020439148,1745964793.466,167.48593020439148,1745964793.466,167.48593020439148
1745964793.728,167.7475402355194,1745964793.728,167.7475402355194,1745964793.728,167.7475402355194,1745964793.728,167.7475402355194
1745964793.99,168.00937271118164,1745964793.99,168.00937271118164,1745964793.99,168.00937271118164,1745964793.99,168.00937271118164
1745964794.253,168.27241039276123,1745964794.253,168.27241039276123,1745964794.253,168.27241039276123,1745964794.253,168.27241039276123
1745964794.5,168.5190670490265,1745964794.5,168.5190670490265,1745964794.5,168.5190670490265,1745964794.5,168.5190670490265
1745964794.761,168.7805986404419,1745964794.761,168.7805986404419,1745964794.761,168.7805986404419,1745964794.761,168.7805986404419
1745964795.037,169.05679392814636,1745964795.037,169.05679392814636,1745964795.037,169.05679392814636,1745964795.037,169.05679392814636
1745964795.269,169.28833985328674,1745964795.269,169.28833985328674,1745964795.269,169.28833985328674,1745964795.269,169.28833985328674
1745964795.529,169.5485019683838,1745964795.529,169.5485019683838,1745964795.529,169.5485019683838,1745964795.529,169.5485019683838
1745964795.792,169.81164479255676,1745964795.792,169.81164479255676,1745964795.792,169.81164479255676,1745964795.792,169.81164479255676
1745964796.061,170.08079266548157,1745964796.061,170.08079266548157,1745964796.061,170.08079266548157,1745964796.061,170.08079266548157
1745964796.331,170.3507525920868,1745964796.331,170.3507525920868,1745964796.331,170.3507525920868,1745964796.331,170.3507525920868
1745964796.591,170.6104667186737,1745964796.591,170.6104667186737,1745964796.591,170.6104667186737,1745964796.591,170.6104667186737
1745964796.868,170.8873462677002,1745964796.868,170.8873462677002,1745964796.868,170.8873462677002,1745964796.868,170.8873462677002
