timestamp,time,timestamp6,time2,timestamp2,time3,timestamp3,time9
1745964873.527,0.07399821281433105,1745964873.527,0.07399821281433105,1745964873.527,0.07399821281433105,1745964873.527,0.07399821281433105
1745964873.761,0.3086223602294922,1745964873.761,0.3086223602294922,1745964873.761,0.3086223602294922,1745964873.761,0.3086223602294922
1745964874.037,0.5844254493713379,1745964874.037,0.5844254493713379,1745964874.037,0.5844254493713379,1745964874.037,0.5844254493713379
1745964874.304,0.8506820201873779,1745964874.304,0.8506820201873779,1745964874.304,0.8506820201873779,1745964874.304,0.8506820201873779
1745964874.548,1.0947821140289307,1745964874.548,1.0947821140289307,1745964874.548,1.0947821140289307,1745964874.548,1.0947821140289307
1745964874.808,1.3554625511169434,1745964874.808,1.3554625511169434,1745964874.808,1.3554625511169434,1745964874.808,1.3554625511169434
1745964875.083,1.630312204360962,1745964875.083,1.630312204360962,1745964875.083,1.630312204360962,1745964875.083,1.630312204360962
1745964875.331,1.8783137798309326,1745964875.331,1.8783137798309326,1745964875.331,1.8783137798309326,1745964875.331,1.8783137798309326
1745964875.58,2.127650737762451,1745964875.58,2.127650737762451,1745964875.58,2.127650737762451,1745964875.58,2.127650737762451
1745964875.845,2.3919920921325684,1745964875.845,2.3919920921325684,1745964875.845,2.3919920921325684,1745964875.845,2.3919920921325684
1745964876.092,2.639122247695923,1745964876.092,2.639122247695923,1745964876.092,2.639122247695923,1745964876.092,2.639122247695923
1745964876.367,2.914438486099243,1745964876.367,2.914438486099243,1745964876.367,2.914438486099243,1745964876.367,2.914438486099243
1745964876.632,3.1788270473480225,1745964876.632,3.1788270473480225,1745964876.632,3.1788270473480225,1745964876.632,3.1788270473480225
1745964876.893,3.4403624534606934,1745964876.893,3.4403624534606934,1745964876.893,3.4403624534606934,1745964876.893,3.4403624534606934
1745964877.154,3.700876474380493,1745964877.154,3.700876474380493,1745964877.154,3.700876474380493,1745964877.154,3.700876474380493
1745964877.415,3.962231397628784,1745964877.415,3.962231397628784,1745964877.415,3.962231397628784,1745964877.415,3.962231397628784
1745964877.676,4.222942352294922,1745964877.676,4.222942352294922,1745964877.676,4.222942352294922,1745964877.676,4.222942352294922
1745964877.941,4.487800598144531,1745964877.941,4.487800598144531,1745964877.941,4.487800598144531,1745964877.941,4.487800598144531
1745964878.202,4.749261379241943,1745964878.202,4.749261379241943,1745964878.202,4.749261379241943,1745964878.202,4.749261379241943
1745964878.464,5.011043071746826,1745964878.464,5.011043071746826,1745964878.464,5.011043071746826,1745964878.464,5.011043071746826
1745964878.739,5.286238670349121,1745964878.739,5.286238670349121,1745964878.739,5.286238670349121,1745964878.739,5.286238670349121
1745964879.001,5.547674894332886,1745964879.001,5.547674894332886,1745964879.001,5.547674894332886,1745964879.001,5.547674894332886
1745964879.245,5.792630910873413,1745964879.245,5.792630910873413,1745964879.245,5.792630910873413,1745964879.245,5.792630910873413
1745964879.507,6.053865194320679,1745964879.507,6.053865194320679,1745964879.507,6.053865194320679,1745964879.507,6.053865194320679
1745964879.768,6.315438985824585,1745964879.768,6.315438985824585,1745964879.768,6.315438985824585,1745964879.768,6.315438985824585
1745964880.029,6.575841426849365,1745964880.029,6.575841426849365,1745964880.029,6.575841426849365,1745964880.029,6.575841426849365
1745964880.306,6.8533101081848145,1745964880.306,6.8533101081848145,1745964880.306,6.8533101081848145,1745964880.306,6.8533101081848145
1745964880.567,7.114117383956909,1745964880.567,7.114117383956909,1745964880.567,7.114117383956909,1745964880.567,7.114117383956909
1745964880.813,7.360612630844116,1745964880.813,7.360612630844116,1745964880.813,7.360612630844116,1745964880.813,7.360612630844116
1745964881.062,7.60966157913208,1745964881.062,7.60966157913208,1745964881.062,7.60966157913208,1745964881.062,7.60966157913208
1745964881.334,7.881107807159424,1745964881.334,7.881107807159424,1745964881.334,7.881107807159424,1745964881.334,7.881107807159424
1745964881.594,8.14106297492981,1745964881.594,8.14106297492981,1745964881.594,8.14106297492981,1745964881.594,8.14106297492981
1745964881.856,8.402669668197632,1745964881.856,8.403005361557007,1745964881.856,8.403005361557007,1745964881.856,8.403005361557007
1745964882.119,8.666162014007568,1745964882.119,8.666162014007568,1745964882.119,8.666162014007568,1745964882.119,8.666162014007568
1745964882.378,8.924834728240967,1745964882.378,8.924834728240967,1745964882.378,8.924834728240967,1745964882.378,8.924834728240967
1745964882.627,9.174111604690552,1745964882.627,9.174485445022583,1745964882.627,9.174485445022583,1745964882.627,9.174485445022583
1745964882.887,9.434468269348145,1745964882.887,9.434468269348145,1745964882.887,9.434468269348145,1745964882.887,9.434468269348145
1745964883.162,9.70962929725647,1745964883.162,9.70962929725647,1745964883.162,9.70962929725647,1745964883.162,9.70962929725647
1745964883.41,9.957569360733032,1745964883.41,9.957569360733032,1745964883.41,9.957569360733032,1745964883.41,9.957569360733032
1745964883.674,10.220890283584595,1745964883.674,10.220890283584595,1745964883.674,10.220890283584595,1745964883.674,10.220890283584595
1745964883.922,10.468902587890625,1745964883.922,10.468902587890625,1745964883.922,10.468902587890625,1745964883.922,10.468902587890625
1745964884.185,10.731664180755615,1745964884.185,10.731664180755615,1745964884.185,10.731664180755615,1745964884.185,10.731664180755615
1745964884.46,11.007150650024414,1745964884.46,11.007150650024414,1745964884.46,11.007150650024414,1745964884.46,11.007150650024414
1745964884.722,11.269047021865845,1745964884.722,11.269047021865845,1745964884.722,11.269047021865845,1745964884.722,11.269047021865845
1745964884.984,11.530861616134644,1745964884.984,11.530861616134644,1745964884.984,11.530861616134644,1745964884.984,11.530861616134644
1745964885.245,11.791899681091309,1745964885.245,11.791899681091309,1745964885.245,11.791899681091309,1745964885.245,11.791899681091309
1745964885.52,12.06686782836914,1745964885.52,12.06686782836914,1745964885.52,12.06686782836914,1745964885.52,12.06686782836914
1745964885.783,12.329685688018799,1745964885.783,12.329685688018799,1745964885.783,12.329685688018799,1745964885.783,12.329685688018799
1745964886.044,12.590947389602661,1745964886.044,12.590947389602661,1745964886.044,12.590947389602661,1745964886.044,12.590947389602661
1745964886.32,12.866875171661377,1745964886.32,12.866875171661377,1745964886.32,12.866875171661377,1745964886.32,12.866875171661377
1745964886.578,13.12503433227539,1745964886.578,13.12503433227539,1745964886.578,13.12503433227539,1745964886.578,13.12503433227539
1745964886.841,13.388558387756348,1745964886.841,13.388558387756348,1745964886.841,13.388558387756348,1745964886.841,13.388558387756348
1745964887.092,13.639194250106812,1745964887.092,13.639194250106812,1745964887.092,13.639194250106812,1745964887.092,13.639194250106812
1745964887.365,13.91257095336914,1745964887.365,13.91257095336914,1745964887.365,13.91257095336914,1745964887.365,13.91257095336914
1745964887.626,14.173370122909546,1745964887.626,14.173370122909546,1745964887.626,14.173370122909546,1745964887.626,14.173370122909546
1745964887.887,14.433702230453491,1745964887.887,14.433702230453491,1745964887.887,14.433702230453491,1745964887.887,14.433702230453491
1745964888.149,14.696356296539307,1745964888.149,14.696356296539307,1745964888.149,14.696356296539307,1745964888.149,14.696356296539307
1745964888.41,14.957229375839233,1745964888.41,14.957229375839233,1745964888.41,14.957229375839233,1745964888.41,14.957229375839233
1745964888.658,15.204930543899536,1745964888.658,15.204930543899536,1745964888.658,15.204930543899536,1745964888.658,15.204930543899536
1745964888.92,15.467401504516602,1745964888.92,15.467401504516602,1745964888.92,15.467401504516602,1745964888.92,15.467401504516602
1745964889.182,15.729389429092407,1745964889.182,15.729389429092407,1745964889.182,15.729389429092407,1745964889.182,15.729389429092407
1745964889.46,16.00761604309082,1745964889.46,16.00761604309082,1745964889.46,16.00761604309082,1745964889.46,16.00761604309082
1745964889.709,16.256423711776733,1745964889.709,16.256423711776733,1745964889.709,16.256423711776733,1745964889.709,16.256423711776733
1745964889.972,16.518664836883545,1745964889.972,16.518664836883545,1745964889.972,16.518664836883545,1745964889.972,16.518664836883545
1745964890.219,16.76616907119751,1745964890.219,16.76616907119751,1745964890.219,16.76616907119751,1745964890.219,16.76616907119751
1745964890.479,17.02663826942444,1745964890.479,17.02663826942444,1745964890.479,17.02663826942444,1745964890.479,17.02663826942444
1745964890.758,17.304914236068726,1745964890.758,17.304914236068726,1745964890.758,17.304914236068726,1745964890.758,17.304914236068726
1745964891.017,17.564213037490845,1745964891.017,17.564213037490845,1745964891.017,17.564213037490845,1745964891.017,17.564213037490845
1745964891.264,17.81114149093628,1745964891.264,17.81114149093628,1745964891.264,17.81114149093628,1745964891.264,17.81114149093628
1745964891.54,18.086720943450928,1745964891.54,18.086720943450928,1745964891.54,18.086720943450928,1745964891.54,18.086720943450928
1745964891.801,18.34807252883911,1745964891.801,18.34807252883911,1745964891.801,18.34807252883911,1745964891.801,18.34807252883911
1745964892.06,18.607627868652344,1745964892.06,18.607627868652344,1745964892.06,18.607627868652344,1745964892.06,18.607627868652344
1745964892.321,18.868221282958984,1745964892.321,18.868221282958984,1745964892.321,18.868221282958984,1745964892.321,18.868221282958984
1745964892.584,19.13120198249817,1745964892.584,19.13120198249817,1745964892.584,19.13120198249817,1745964892.584,19.131592512130737
1745964892.808,19.35524082183838,1745964892.808,19.35524082183838,1745964892.808,19.35524082183838,1745964892.808,19.35524082183838
1745964893.076,19.622738361358643,1745964893.076,19.622738361358643,1745964893.076,19.622738361358643,1745964893.076,19.622738361358643
1745964893.32,19.866883754730225,1745964893.32,19.866883754730225,1745964893.32,19.866883754730225,1745964893.32,19.866883754730225
1745964893.568,20.115036725997925,1745964893.568,20.115036725997925,1745964893.568,20.115036725997925,1745964893.568,20.115036725997925
1745964893.829,20.376450061798096,1745964893.829,20.376450061798096,1745964893.829,20.376450061798096,1745964893.829,20.376450061798096
1745964894.091,20.63834238052368,1745964894.091,20.63834238052368,1745964894.091,20.63834238052368,1745964894.091,20.63834238052368
1745964894.366,20.913411378860474,1745964894.366,20.913411378860474,1745964894.366,20.913411378860474,1745964894.366,20.913411378860474
1745964894.629,21.176335096359253,1745964894.629,21.176335096359253,1745964894.629,21.176335096359253,1745964894.629,21.176335096359253
1745964894.891,21.437983989715576,1745964894.891,21.437983989715576,1745964894.891,21.437983989715576,1745964894.891,21.437983989715576
1745964895.141,21.688470363616943,1745964895.141,21.688470363616943,1745964895.141,21.688470363616943,1745964895.141,21.688470363616943
1745964895.399,21.946651458740234,1745964895.399,21.946651458740234,1745964895.399,21.946651458740234,1745964895.399,21.946651458740234
1745964895.66,22.20747947692871,1745964895.66,22.20747947692871,1745964895.66,22.20747947692871,1745964895.66,22.20747947692871
1745964895.921,22.46787691116333,1745964895.921,22.46787691116333,1745964895.921,22.46787691116333,1745964895.921,22.46787691116333
1745964896.183,22.72994065284729,1745964896.183,22.72994065284729,1745964896.183,22.72994065284729,1745964896.183,22.72994065284729
1745964896.459,23.006301879882812,1745964896.459,23.006301879882812,1745964896.459,23.006301879882812,1745964896.459,23.006301879882812
1745964896.704,23.250945806503296,1745964896.704,23.250945806503296,1745964896.704,23.250945806503296,1745964896.704,23.250945806503296
1745964896.966,23.513196229934692,1745964896.966,23.513196229934692,1745964896.966,23.513196229934692,1745964896.966,23.513196229934692
1745964897.227,23.774096727371216,1745964897.227,23.774096727371216,1745964897.227,23.774096727371216,1745964897.227,23.774096727371216
1745964897.491,24.03785538673401,1745964897.491,24.03811264038086,1745964897.491,24.03811264038086,1745964897.491,24.03811264038086
1745964897.753,24.300013303756714,1745964897.753,24.300013303756714,1745964897.753,24.300013303756714,1745964897.753,24.300013303756714
1745964898.016,24.563307285308838,1745964898.016,24.563307285308838,1745964898.016,24.563307285308838,1745964898.016,24.563307285308838
1745964898.279,24.82620143890381,1745964898.279,24.82620143890381,1745964898.279,24.82620143890381,1745964898.279,24.82620143890381
1745964898.541,25.088199377059937,1745964898.541,25.088199377059937,1745964898.541,25.088199377059937,1745964898.541,25.088199377059937
1745964898.803,25.350220203399658,1745964898.803,25.350220203399658,1745964898.803,25.350220203399658,1745964898.803,25.350220203399658
1745964899.043,25.59017825126648,1745964899.043,25.59017825126648,1745964899.043,25.59017825126648,1745964899.043,25.59017825126648
1745964899.312,25.85953688621521,1745964899.312,25.85953688621521,1745964899.312,25.85953688621521,1745964899.312,25.85953688621521
1745964899.575,26.12222719192505,1745964899.575,26.12222719192505,1745964899.575,26.12222719192505,1745964899.575,26.12222719192505
1745964899.837,26.383853673934937,1745964899.837,26.383853673934937,1745964899.837,26.383853673934937,1745964899.837,26.383853673934937
1745964900.096,26.64352536201477,1745964900.096,26.64352536201477,1745964900.096,26.64352536201477,1745964900.096,26.64352536201477
1745964900.358,26.904773950576782,1745964900.358,26.904773950576782,1745964900.358,26.904773950576782,1745964900.358,26.904773950576782
1745964900.633,27.1798734664917,1745964900.633,27.1798734664917,1745964900.633,27.1798734664917,1745964900.633,27.1798734664917
1745964900.895,27.44182777404785,1745964900.895,27.44182777404785,1745964900.895,27.44182777404785,1745964900.895,27.44182777404785
1745964901.145,27.691810846328735,1745964901.145,27.691810846328735,1745964901.145,27.691810846328735,1745964901.145,27.691810846328735
1745964901.403,27.95028257369995,1745964901.403,27.95028257369995,1745964901.403,27.95028257369995,1745964901.403,27.95028257369995
1745964901.653,28.20004439353943,1745964901.653,28.20004439353943,1745964901.653,28.20004439353943,1745964901.653,28.20004439353943
1745964901.929,28.47640872001648,1745964901.929,28.47640872001648,1745964901.929,28.47640872001648,1745964901.929,28.47640872001648
1745964902.177,28.724262952804565,1745964902.177,28.724262952804565,1745964902.177,28.724262952804565,1745964902.177,28.724262952804565
1745964902.425,28.97208857536316,1745964902.425,28.97208857536316,1745964902.425,28.97208857536316,1745964902.425,28.97208857536316
1745964902.687,29.234569787979126,1745964902.687,29.234569787979126,1745964902.687,29.234569787979126,1745964902.687,29.234569787979126
1745964902.95,29.4971182346344,1745964902.95,29.4971182346344,1745964902.95,29.4971182346344,1745964902.95,29.4971182346344
1745964903.213,29.76064705848694,1745964903.213,29.76064705848694,1745964903.213,29.76064705848694,1745964903.213,29.76064705848694
1745964903.476,30.023054838180542,1745964903.476,30.023054838180542,1745964903.476,30.023054838180542,1745964903.476,30.023054838180542
1745964903.723,30.270077228546143,1745964903.723,30.270077228546143,1745964903.723,30.270077228546143,1745964903.723,30.270077228546143
1745964903.987,30.533750534057617,1745964903.987,30.533750534057617,1745964903.987,30.533750534057617,1745964903.987,30.533750534057617
1745964904.235,30.782201290130615,1745964904.235,30.782201290130615,1745964904.235,30.782201290130615,1745964904.235,30.782201290130615
1745964904.496,31.042984008789062,1745964904.496,31.042984008789062,1745964904.496,31.042984008789062,1745964904.496,31.042984008789062
1745964904.757,31.304441452026367,1745964904.757,31.304441452026367,1745964904.757,31.304441452026367,1745964904.757,31.304441452026367
1745964905.021,31.567803859710693,1745964905.021,31.567803859710693,1745964905.021,31.567803859710693,1745964905.021,31.567803859710693
1745964905.266,31.813436031341553,1745964905.266,31.813436031341553,1745964905.266,31.813436031341553,1745964905.266,31.813436031341553
1745964905.527,32.07423782348633,1745964905.527,32.07423782348633,1745964905.527,32.07423782348633,1745964905.527,32.07423782348633
1745964905.79,32.336777448654175,1745964905.79,32.336777448654175,1745964905.79,32.336777448654175,1745964905.79,32.336777448654175
1745964906.053,32.600303649902344,1745964906.053,32.600303649902344,1745964906.053,32.600303649902344,1745964906.053,32.600303649902344
1745964906.3,32.8469455242157,1745964906.3,32.8469455242157,1745964906.3,32.8469455242157,1745964906.3,32.8469455242157
1745964906.559,33.10634708404541,1745964906.559,33.10634708404541,1745964906.559,33.10634708404541,1745964906.559,33.106762647628784
1745964906.836,33.383098125457764,1745964906.836,33.383098125457764,1745964906.836,33.383098125457764,1745964906.836,33.383098125457764
1745964907.095,33.64236402511597,1745964907.095,33.64236402511597,1745964907.095,33.64236402511597,1745964907.095,33.64236402511597
1745964907.347,33.89449620246887,1745964907.347,33.89449620246887,1745964907.347,33.89449620246887,1745964907.347,33.89449620246887
1745964907.605,34.151936292648315,1745964907.605,34.151936292648315,1745964907.605,34.151936292648315,1745964907.605,34.151936292648315
1745964907.882,34.428934812545776,1745964907.882,34.428934812545776,1745964907.882,34.428934812545776,1745964907.882,34.428934812545776
1745964908.144,34.69073700904846,1745964908.144,34.69073700904846,1745964908.144,34.69073700904846,1745964908.144,34.69073700904846
1745964908.404,34.95150017738342,1745964908.404,34.95150017738342,1745964908.404,34.95150017738342,1745964908.404,34.95150017738342
1745964908.666,35.212756872177124,1745964908.666,35.212756872177124,1745964908.666,35.212756872177124,1745964908.666,35.212756872177124
1745964908.929,35.47601294517517,1745964908.929,35.47601294517517,1745964908.929,35.47601294517517,1745964908.929,35.47601294517517
1745964909.19,35.73723340034485,1745964909.19,35.73723340034485,1745964909.19,35.73723340034485,1745964909.19,35.73723340034485
1745964909.441,35.987687826156616,1745964909.441,35.987687826156616,1745964909.441,35.987687826156616,1745964909.441,35.987687826156616
1745964909.697,36.24460768699646,1745964909.697,36.24460768699646,1745964909.697,36.24460768699646,1745964909.697,36.24460768699646
1745964909.957,36.504597663879395,1745964909.957,36.504597663879395,1745964909.957,36.504597663879395,1745964909.957,36.504597663879395
1745964910.21,36.75671863555908,1745964910.21,36.75671863555908,1745964910.21,36.75671863555908,1745964910.21,36.75671863555908
1745964910.445,36.99251961708069,1745964910.445,36.99251961708069,1745964910.445,36.99251961708069,1745964910.445,36.99251961708069
1745964910.702,37.2489070892334,1745964910.702,37.2489070892334,1745964910.702,37.2489070892334,1745964910.702,37.2489070892334
1745964910.949,37.496376514434814,1745964910.949,37.496376514434814,1745964910.949,37.496376514434814,1745964910.949,37.496376514434814
1745964911.212,37.759148836135864,1745964911.212,37.759148836135864,1745964911.212,37.759148836135864,1745964911.212,37.759148836135864
1745964911.447,37.99392557144165,1745964911.447,37.99392557144165,1745964911.447,37.99392557144165,1745964911.447,37.99392557144165
1745964911.704,38.251575231552124,1745964911.704,38.251575231552124,1745964911.704,38.251575231552124,1745964911.705,38.2519268989563
1745964911.952,38.49881911277771,1745964911.952,38.49881911277771,1745964911.952,38.49881911277771,1745964911.952,38.49881911277771
1745964912.217,38.76424551010132,1745964912.217,38.76424551010132,1745964912.217,38.76424551010132,1745964912.217,38.76424551010132
1745964912.478,39.02557873725891,1745964912.478,39.02557873725891,1745964912.478,39.02557873725891,1745964912.478,39.02557873725891
1745964912.742,39.289132833480835,1745964912.742,39.289132833480835,1745964912.742,39.289132833480835,1745964912.742,39.289132833480835
1745964912.981,39.528494119644165,1745964912.981,39.528494119644165,1745964912.981,39.528494119644165,1745964912.981,39.528494119644165
1745964913.23,39.776790380477905,1745964913.23,39.776790380477905,1745964913.23,39.776790380477905,1745964913.23,39.776790380477905
1745964913.49,40.03683853149414,1745964913.49,40.03683853149414,1745964913.49,40.03683853149414,1745964913.49,40.03683853149414
1745964913.754,40.301257610321045,1745964913.754,40.301257610321045,1745964913.754,40.301257610321045,1745964913.754,40.301257610321045
1745964914.017,40.56420922279358,1745964914.017,40.56420922279358,1745964914.017,40.56420922279358,1745964914.017,40.56420922279358
1745964914.281,40.827701807022095,1745964914.281,40.827701807022095,1745964914.281,40.827701807022095,1745964914.281,40.827701807022095
1745964914.541,41.087854862213135,1745964914.541,41.087854862213135,1745964914.541,41.087854862213135,1745964914.541,41.087854862213135
1745964914.773,41.32008910179138,1745964914.773,41.32008910179138,1745964914.773,41.32008910179138,1745964914.773,41.32008910179138
1745964915.033,41.580111503601074,1745964915.033,41.580111503601074,1745964915.033,41.580111503601074,1745964915.033,41.580111503601074
1745964915.296,41.84331250190735,1745964915.296,41.84331250190735,1745964915.296,41.84331250190735,1745964915.296,41.84331250190735
1745964915.543,42.09024000167847,1745964915.543,42.09024000167847,1745964915.543,42.09024000167847,1745964915.543,42.09024000167847
1745964915.807,42.35443878173828,1745964915.807,42.35443878173828,1745964915.807,42.35443878173828,1745964915.807,42.35443878173828
1745964916.085,42.632277488708496,1745964916.085,42.632277488708496,1745964916.085,42.632277488708496,1745964916.085,42.632277488708496
1745964916.331,42.8781259059906,1745964916.331,42.8781259059906,1745964916.331,42.8781259059906,1745964916.331,42.8781259059906
1745964916.591,43.13837695121765,1745964916.591,43.13837695121765,1745964916.591,43.13837695121765,1745964916.591,43.13837695121765
1745964916.84,43.38747262954712,1745964916.84,43.38747262954712,1745964916.84,43.38747262954712,1745964916.84,43.38747262954712
1745964917.116,43.66339063644409,1745964917.116,43.66339063644409,1745964917.116,43.66339063644409,1745964917.116,43.66339063644409
1745964917.363,43.910120725631714,1745964917.363,43.910120725631714,1745964917.363,43.910120725631714,1745964917.363,43.910120725631714
1745964917.625,44.171812295913696,1745964917.625,44.171812295913696,1745964917.625,44.171812295913696,1745964917.625,44.171812295913696
1745964917.885,44.43257665634155,1745964917.885,44.43257665634155,1745964917.885,44.43257665634155,1745964917.885,44.43257665634155
1745964918.164,44.71126461029053,1745964918.164,44.71126461029053,1745964918.164,44.71126461029053,1745964918.164,44.71126461029053
1745964918.396,44.94348216056824,1745964918.396,44.94348216056824,1745964918.396,44.94348216056824,1745964918.396,44.94348216056824
1745964918.644,45.19092535972595,1745964918.644,45.19092535972595,1745964918.644,45.19092535972595,1745964918.644,45.19092535972595
1745964918.904,45.45115423202515,1745964918.904,45.45115423202515,1745964918.904,45.45115423202515,1745964918.904,45.45115423202515
1745964919.15,45.69728326797485,1745964919.15,45.69728326797485,1745964919.15,45.69728326797485,1745964919.15,45.69728326797485
1745964919.397,45.94413781166077,1745964919.397,45.94413781166077,1745964919.397,45.94413781166077,1745964919.397,45.94413781166077
1745964919.66,46.2068145275116,1745964919.66,46.2068145275116,1745964919.66,46.2068145275116,1745964919.66,46.2068145275116
1745964919.924,46.47113919258118,1745964919.924,46.47113919258118,1745964919.924,46.47113919258118,1745964919.924,46.47113919258118
1745964920.183,46.73052787780762,1745964920.183,46.73052787780762,1745964920.183,46.73052787780762,1745964920.183,46.73052787780762
1745964920.447,46.99395561218262,1745964920.447,46.99395561218262,1745964920.447,46.99395561218262,1745964920.447,46.99395561218262
1745964920.684,47.23068046569824,1745964920.684,47.23068046569824,1745964920.684,47.23068046569824,1745964920.684,47.23068046569824
1745964920.951,47.49804925918579,1745964920.951,47.49804925918579,1745964920.951,47.49804925918579,1745964920.951,47.49804925918579
1745964921.213,47.76046538352966,1745964921.213,47.76046538352966,1745964921.213,47.76046538352966,1745964921.213,47.76046538352966
1745964921.476,48.02270555496216,1745964921.476,48.02270555496216,1745964921.476,48.02270555496216,1745964921.476,48.02270555496216
1745964921.738,48.28544592857361,1745964921.738,48.28544592857361,1745964921.738,48.28544592857361,1745964921.738,48.28544592857361
1745964922.001,48.54855132102966,1745964922.001,48.54855132102966,1745964922.001,48.54855132102966,1745964922.001,48.54855132102966
1745964922.248,48.794859170913696,1745964922.248,48.794859170913696,1745964922.248,48.794859170913696,1745964922.248,48.794859170913696
1745964922.482,49.02893829345703,1745964922.482,49.02893829345703,1745964922.482,49.02893829345703,1745964922.482,49.02893829345703
1745964922.738,49.285417795181274,1745964922.738,49.285417795181274,1745964922.738,49.285417795181274,1745964922.738,49.285417795181274
1745964922.999,49.54659676551819,1745964922.999,49.54659676551819,1745964922.999,49.54659676551819,1745964922.999,49.54659676551819
1745964923.229,49.77601099014282,1745964923.229,49.77601099014282,1745964923.229,49.77601099014282,1745964923.229,49.77601099014282
1745964923.493,50.03985571861267,1745964923.493,50.03985571861267,1745964923.493,50.03985571861267,1745964923.493,50.03985571861267
1745964923.751,50.297889709472656,1745964923.751,50.297889709472656,1745964923.751,50.297889709472656,1745964923.751,50.297889709472656
1745964923.996,50.5430269241333,1745964923.996,50.5430269241333,1745964923.996,50.5430269241333,1745964923.996,50.5430269241333
1745964924.259,50.806076526641846,1745964924.259,50.806076526641846,1745964924.259,50.806076526641846,1745964924.259,50.806076526641846
1745964924.493,51.03982138633728,1745964924.493,51.03982138633728,1745964924.493,51.03982138633728,1745964924.493,51.03982138633728
1745964924.74,51.28718662261963,1745964924.74,51.28718662261963,1745964924.74,51.28718662261963,1745964924.74,51.28718662261963
1745964924.969,51.516502141952515,1745964924.969,51.516502141952515,1745964924.969,51.516502141952515,1745964924.969,51.516502141952515
1745964925.234,51.78105640411377,1745964925.234,51.78105640411377,1745964925.234,51.78105640411377,1745964925.234,51.78105640411377
1745964925.485,52.03212523460388,1745964925.485,52.03212523460388,1745964925.485,52.03212523460388,1745964925.485,52.03212523460388
1745964925.743,52.290329694747925,1745964925.743,52.290329694747925,1745964925.743,52.290329694747925,1745964925.743,52.290329694747925
1745964926.005,52.551963567733765,1745964926.005,52.551963567733765,1745964926.005,52.551963567733765,1745964926.005,52.551963567733765
1745964926.267,52.81421446800232,1745964926.267,52.81421446800232,1745964926.267,52.81421446800232,1745964926.267,52.81421446800232
1745964926.527,53.073894739151,1745964926.527,53.073894739151,1745964926.527,53.073894739151,1745964926.527,53.073894739151
1745964926.763,53.310227394104004,1745964926.763,53.310227394104004,1745964926.763,53.310227394104004,1745964926.763,53.310227394104004
1745964927.034,53.581204652786255,1745964927.034,53.581204652786255,1745964927.034,53.581204652786255,1745964927.034,53.581204652786255
1745964927.294,53.8412983417511,1745964927.294,53.8412983417511,1745964927.294,53.8412983417511,1745964927.294,53.8412983417511
1745964927.543,54.090351819992065,1745964927.543,54.090351819992065,1745964927.543,54.090351819992065,1745964927.543,54.090351819992065
1745964927.809,54.35591197013855,1745964927.809,54.35591197013855,1745964927.809,54.35591197013855,1745964927.809,54.35591197013855
1745964928.072,54.61871552467346,1745964928.072,54.61887335777283,1745964928.072,54.61887335777283,1745964928.072,54.61887335777283
1745964928.334,54.88088798522949,1745964928.334,54.88088798522949,1745964928.334,54.88088798522949,1745964928.334,54.88088798522949
1745964928.596,55.14281463623047,1745964928.596,55.14281463623047,1745964928.596,55.142998933792114,1745964928.596,55.142998933792114
1745964928.857,55.403953552246094,1745964928.857,55.403953552246094,1745964928.857,55.403953552246094,1745964928.857,55.403953552246094
1745964929.119,55.666075468063354,1745964929.119,55.666075468063354,1745964929.119,55.666075468063354,1745964929.119,55.666075468063354
1745964929.381,55.92807340621948,1745964929.381,55.92807340621948,1745964929.381,55.92807340621948,1745964929.381,55.92807340621948
1745964929.613,56.160237550735474,1745964929.613,56.160237550735474,1745964929.613,56.160237550735474,1745964929.613,56.160237550735474
1745964929.862,56.40872073173523,1745964929.862,56.40872073173523,1745964929.862,56.40872073173523,1745964929.862,56.40872073173523
1745964930.108,56.65528631210327,1745964930.108,56.65528631210327,1745964930.108,56.65528631210327,1745964930.108,56.65528631210327
1745964930.37,56.917553424835205,1745964930.37,56.917553424835205,1745964930.37,56.917553424835205,1745964930.37,56.917553424835205
1745964930.618,57.1655547618866,1745964930.618,57.1655547618866,1745964930.618,57.1655547618866,1745964930.618,57.1655547618866
1745964930.862,57.408772468566895,1745964930.862,57.408772468566895,1745964930.862,57.408772468566895,1745964930.862,57.408772468566895
1745964931.109,57.65656876564026,1745964931.109,57.65656876564026,1745964931.109,57.65656876564026,1745964931.109,57.65656876564026
1745964931.371,57.91842007637024,1745964931.371,57.91842007637024,1745964931.371,57.91842007637024,1745964931.371,57.91842007637024
1745964931.621,58.16801643371582,1745964931.621,58.16801643371582,1745964931.621,58.16801643371582,1745964931.621,58.16801643371582
1745964931.892,58.43907117843628,1745964931.892,58.43907117843628,1745964931.892,58.43907117843628,1745964931.892,58.43907117843628
1745964932.153,58.7000629901886,1745964932.153,58.7000629901886,1745964932.153,58.7000629901886,1745964932.153,58.7000629901886
1745964932.427,58.97432899475098,1745964932.427,58.97432899475098,1745964932.427,58.97432899475098,1745964932.427,58.97432899475098
1745964932.672,59.21910881996155,1745964932.672,59.21910881996155,1745964932.672,59.21910881996155,1745964932.672,59.21910881996155
1745964932.934,59.481605052948,1745964932.934,59.481605052948,1745964932.934,59.481605052948,1745964932.934,59.481605052948
1745964933.195,59.74240279197693,1745964933.195,59.74240279197693,1745964933.195,59.74240279197693,1745964933.195,59.74240279197693
1745964933.457,60.004515647888184,1745964933.457,60.004515647888184,1745964933.457,60.004515647888184,1745964933.457,60.004515647888184
1745964933.72,60.2673716545105,1745964933.72,60.2673716545105,1745964933.72,60.2673716545105,1745964933.72,60.2673716545105
1745964933.98,60.52759122848511,1745964933.98,60.52759122848511,1745964933.98,60.52759122848511,1745964933.98,60.52759122848511
1745964934.242,60.789198875427246,1745964934.242,60.789198875427246,1745964934.242,60.789198875427246,1745964934.242,60.789198875427246
1745964934.501,61.048500061035156,1745964934.501,61.048500061035156,1745964934.501,61.048500061035156,1745964934.501,61.048500061035156
1745964934.74,61.287416219711304,1745964934.74,61.287416219711304,1745964934.74,61.287416219711304,1745964934.74,61.287416219711304
1745964934.995,61.54245185852051,1745964934.995,61.54245185852051,1745964934.995,61.54245185852051,1745964934.995,61.54245185852051
1745964935.271,61.8177330493927,1745964935.271,61.8177330493927,1745964935.271,61.8177330493927,1745964935.271,61.8177330493927
1745964935.516,62.06334328651428,1745964935.516,62.06334328651428,1745964935.516,62.06334328651428,1745964935.516,62.06334328651428
1745964935.778,62.32564616203308,1745964935.778,62.32564616203308,1745964935.778,62.32564616203308,1745964935.778,62.32564616203308
1745964936.039,62.586663007736206,1745964936.039,62.586663007736206,1745964936.039,62.586663007736206,1745964936.039,62.586663007736206
1745964936.3,62.84669613838196,1745964936.3,62.84669613838196,1745964936.3,62.84669613838196,1745964936.3,62.84669613838196
1745964936.562,63.10946202278137,1745964936.562,63.10946202278137,1745964936.563,63.10980749130249,1745964936.563,63.10980749130249
1745964936.822,63.369564056396484,1745964936.822,63.369564056396484,1745964936.822,63.369564056396484,1745964936.822,63.369564056396484
1745964937.07,63.61733078956604,1745964937.07,63.61733078956604,1745964937.07,63.61733078956604,1745964937.07,63.61733078956604
1745964937.331,63.878281354904175,1745964937.331,63.878281354904175,1745964937.331,63.878281354904175,1745964937.331,63.878281354904175
1745964937.564,64.1111958026886,1745964937.564,64.1111958026886,1745964937.564,64.1111958026886,1745964937.564,64.1111958026886
1745964937.824,64.37075233459473,1745964937.824,64.37075233459473,1745964937.824,64.37075233459473,1745964937.824,64.37075233459473
1745964938.1,64.64703440666199,1745964938.1,64.64703440666199,1745964938.1,64.64703440666199,1745964938.1,64.64703440666199
1745964938.346,64.8934383392334,1745964938.346,64.8934383392334,1745964938.346,64.8934383392334,1745964938.346,64.8934383392334
1745964938.608,65.15485906600952,1745964938.608,65.15485906600952,1745964938.608,65.15485906600952,1745964938.608,65.15485906600952
1745964938.869,65.41583013534546,1745964938.869,65.41583013534546,1745964938.869,65.41583013534546,1745964938.869,65.41583013534546
1745964939.129,65.67633748054504,1745964939.129,65.67633748054504,1745964939.129,65.67633748054504,1745964939.129,65.67633748054504
1745964939.39,65.93760180473328,1745964939.39,65.93760180473328,1745964939.39,65.93760180473328,1745964939.39,65.93760180473328
1745964939.65,66.19712281227112,1745964939.65,66.19712281227112,1745964939.65,66.19712281227112,1745964939.65,66.19712281227112
1745964939.91,66.45684838294983,1745964939.91,66.45684838294983,1745964939.91,66.45684838294983,1745964939.91,66.45684838294983
1745964940.17,66.71757197380066,1745964940.17,66.71757197380066,1745964940.17,66.71757197380066,1745964940.17,66.71757197380066
1745964940.432,66.97958254814148,1745964940.432,66.97958254814148,1745964940.432,66.97958254814148,1745964940.432,66.97958254814148
1745964940.685,67.2319004535675,1745964940.685,67.2319004535675,1745964940.685,67.2319004535675,1745964940.685,67.2319004535675
1745964940.947,67.49461531639099,1745964940.947,67.49461531639099,1745964940.947,67.49461531639099,1745964940.947,67.49461531639099
1745964941.222,67.76918816566467,1745964941.222,67.76918816566467,1745964941.222,67.76918816566467,1745964941.222,67.76918816566467
1745964941.483,68.02988076210022,1745964941.483,68.02988076210022,1745964941.483,68.02988076210022,1745964941.483,68.02988076210022
1745964941.744,68.29111695289612,1745964941.744,68.29111695289612,1745964941.744,68.29111695289612,1745964941.744,68.29111695289612
1745964941.992,68.53884196281433,1745964941.992,68.53884196281433,1745964941.992,68.53884196281433,1745964941.992,68.53884196281433
1745964942.256,68.80306625366211,1745964942.256,68.80322003364563,1745964942.256,68.80322003364563,1745964942.256,68.80322003364563
1745964942.52,69.06742143630981,1745964942.52,69.06742143630981,1745964942.52,69.06742143630981,1745964942.52,69.06742143630981
1745964942.767,69.31399488449097,1745964942.767,69.31399488449097,1745964942.767,69.31399488449097,1745964942.767,69.31399488449097
1745964943.028,69.57563376426697,1745964943.028,69.57563376426697,1745964943.028,69.57563376426697,1745964943.028,69.57563376426697
1745964943.276,69.82316160202026,1745964943.276,69.82316160202026,1745964943.276,69.82316160202026,1745964943.276,69.82316160202026
1745964943.552,70.09961438179016,1745964943.552,70.09961438179016,1745964943.552,70.09961438179016,1745964943.552,70.09961438179016
1745964943.8,70.34698963165283,1745964943.8,70.34698963165283,1745964943.8,70.34698963165283,1745964943.8,70.34698963165283
1745964944.063,70.61060428619385,1745964944.063,70.61060428619385,1745964944.063,70.61060428619385,1745964944.063,70.61060428619385
1745964944.324,70.87138342857361,1745964944.324,70.87138342857361,1745964944.324,70.87138342857361,1745964944.324,70.87138342857361
1745964944.572,71.11872386932373,1745964944.572,71.11872386932373,1745964944.572,71.11872386932373,1745964944.572,71.11872386932373
1745964944.815,71.36241888999939,1745964944.815,71.36241888999939,1745964944.815,71.36241888999939,1745964944.815,71.36341190338135
1745964945.072,71.61937546730042,1745964945.072,71.61937546730042,1745964945.072,71.61937546730042,1745964945.072,71.61937546730042
1745964945.335,71.88245964050293,1745964945.335,71.88245964050293,1745964945.335,71.88245964050293,1745964945.335,71.88282656669617
1745964945.568,72.11474466323853,1745964945.568,72.11474466323853,1745964945.568,72.11474466323853,1745964945.568,72.11474466323853
1745964945.819,72.36571860313416,1745964945.819,72.36571860313416,1745964945.819,72.36571860313416,1745964945.819,72.36571860313416
1745964946.077,72.6240782737732,1745964946.077,72.6240782737732,1745964946.077,72.6240782737732,1745964946.077,72.6240782737732
1745964946.337,72.88424873352051,1745964946.337,72.88424873352051,1745964946.337,72.88424873352051,1745964946.337,72.88424873352051
1745964946.573,73.11971473693848,1745964946.573,73.11971473693848,1745964946.573,73.11971473693848,1745964946.573,73.11971473693848
1745964946.818,73.36474251747131,1745964946.818,73.36474251747131,1745964946.818,73.3657546043396,1745964946.819,73.3657546043396
1745964947.044,73.59114861488342,1745964947.044,73.59114861488342,1745964947.044,73.59114861488342,1745964947.044,73.59114861488342
1745964947.292,73.83903217315674,1745964947.292,73.83903217315674,1745964947.292,73.83903217315674,1745964947.292,73.83903217315674
1745964947.554,74.10163474082947,1745964947.554,74.10163474082947,1745964947.554,74.10163474082947,1745964947.554,74.10163474082947
1745964947.819,74.36617040634155,1745964947.819,74.36617040634155,1745964947.819,74.36617040634155,1745964947.819,74.36617040634155
1745964948.078,74.62535047531128,1745964948.078,74.62535047531128,1745964948.078,74.62535047531128,1745964948.078,74.62535047531128
1745964948.324,74.87084746360779,1745964948.324,74.87084746360779,1745964948.324,74.87084746360779,1745964948.324,74.87084746360779
1745964948.594,75.14080286026001,1745964948.594,75.14080286026001,1745964948.594,75.14080286026001,1745964948.594,75.14080286026001
1745964948.839,75.38644433021545,1745964948.839,75.38744568824768,1745964948.84,75.38744568824768,1745964948.84,75.38744568824768
1745964949.093,75.6403923034668,1745964949.093,75.6403923034668,1745964949.093,75.6403923034668,1745964949.093,75.6403923034668
1745964949.352,75.89964818954468,1745964949.352,75.89964818954468,1745964949.352,75.89964818954468,1745964949.352,75.89964818954468
1745964949.601,76.14850354194641,1745964949.601,76.14850354194641,1745964949.601,76.14850354194641,1745964949.601,76.14850354194641
1745964949.848,76.39534521102905,1745964949.848,76.39534521102905,1745964949.848,76.39534521102905,1745964949.848,76.39534521102905
1745964950.11,76.65783309936523,1745964950.111,76.65783309936523,1745964950.111,76.65783309936523,1745964950.111,76.65783309936523
1745964950.372,76.9193344116211,1745964950.372,76.9193344116211,1745964950.372,76.9193344116211,1745964950.372,76.9193344116211
1745964950.609,77.15599489212036,1745964950.609,77.15599489212036,1745964950.609,77.15599489212036,1745964950.609,77.15599489212036
1745964950.857,77.40422201156616,1745964950.857,77.40422201156616,1745964950.857,77.40422201156616,1745964950.857,77.40422201156616
1745964951.113,77.66001725196838,1745964951.113,77.66001725196838,1745964951.113,77.66001725196838,1745964951.113,77.66001725196838
1745964951.377,77.92416024208069,1745964951.377,77.92416024208069,1745964951.377,77.92416024208069,1745964951.377,77.92416024208069
1745964951.613,78.16025471687317,1745964951.613,78.16025471687317,1745964951.613,78.16025471687317,1745964951.613,78.16025471687317
1745964951.869,78.41600799560547,1745964951.869,78.41600799560547,1745964951.869,78.41600799560547,1745964951.869,78.41600799560547
1745964952.149,78.69608688354492,1745964952.149,78.69608688354492,1745964952.149,78.69608688354492,1745964952.149,78.69608688354492
1745964952.409,78.95639777183533,1745964952.409,78.95639777183533,1745964952.409,78.95639777183533,1745964952.409,78.95639777183533
1745964952.669,79.2166440486908,1745964952.669,79.2166440486908,1745964952.669,79.2166440486908,1745964952.669,79.2166440486908
1745964952.929,79.47573924064636,1745964952.929,79.47573924064636,1745964952.929,79.47573924064636,1745964952.929,79.47573924064636
1745964953.192,79.73942279815674,1745964953.192,79.73942279815674,1745964953.192,79.73942279815674,1745964953.192,79.73942279815674
1745964953.453,80.00064778327942,1745964953.453,80.00064778327942,1745964953.453,80.00064778327942,1745964953.453,80.00064778327942
1745964953.716,80.26349997520447,1745964953.716,80.26349997520447,1745964953.716,80.26349997520447,1745964953.716,80.26349997520447
1745964953.978,80.52493500709534,1745964953.978,80.52493500709534,1745964953.978,80.52493500709534,1745964953.978,80.52493500709534
1745964954.238,80.78544068336487,1745964954.238,80.78544068336487,1745964954.238,80.78544068336487,1745964954.238,80.78544068336487
1745964954.498,81.04548692703247,1745964954.498,81.04548692703247,1745964954.498,81.04548692703247,1745964954.498,81.04548692703247
1745964954.774,81.32151770591736,1745964954.774,81.32151770591736,1745964954.774,81.32151770591736,1745964954.774,81.32151770591736
1745964955.024,81.57074475288391,1745964955.024,81.57074475288391,1745964955.024,81.57074475288391,1745964955.024,81.57074475288391
1745964955.282,81.82895088195801,1745964955.282,81.82895088195801,1745964955.282,81.82895088195801,1745964955.282,81.82895088195801
1745964955.543,82.08988618850708,1745964955.543,82.08988618850708,1745964955.543,82.08988618850708,1745964955.543,82.08988618850708
1745964955.805,82.35193037986755,1745964955.805,82.35193037986755,1745964955.805,82.35193037986755,1745964955.805,82.35193037986755
1745964956.066,82.613516330719,1745964956.066,82.613516330719,1745964956.066,82.613516330719,1745964956.066,82.613516330719
1745964956.33,82.87672924995422,1745964956.33,82.87672924995422,1745964956.33,82.87672924995422,1745964956.33,82.87672924995422
1745964956.593,83.14025855064392,1745964956.593,83.14025855064392,1745964956.593,83.14025855064392,1745964956.593,83.14025855064392
1745964956.852,83.39964461326599,1745964956.852,83.39964461326599,1745964956.852,83.39964461326599,1745964956.852,83.39964461326599
1745964957.1,83.64712238311768,1745964957.1,83.64712238311768,1745964957.1,83.64712238311768,1745964957.1,83.64712238311768
1745964957.348,83.89523386955261,1745964957.348,83.89523386955261,1745964957.348,83.89523386955261,1745964957.348,83.89523386955261
1745964957.611,84.15779209136963,1745964957.611,84.15779209136963,1745964957.611,84.15779209136963,1745964957.611,84.15779209136963
1745964957.873,84.42054462432861,1745964957.873,84.42054462432861,1745964957.873,84.42054462432861,1745964957.873,84.42054462432861
1745964958.135,84.68219017982483,1745964958.135,84.68219017982483,1745964958.135,84.68219017982483,1745964958.135,84.68219017982483
1745964958.414,84.96145510673523,1745964958.414,84.96145510673523,1745964958.414,84.96145510673523,1745964958.414,84.96145510673523
1745964958.675,85.22739791870117,1745964958.68,85.22739791870117,1745964958.68,85.22739791870117,1745964958.68,85.22741985321045
1745964958.921,85.46815538406372,1745964958.921,85.46815538406372,1745964958.921,85.46815538406372,1745964958.921,85.46815538406372
1745964959.183,85.73006391525269,1745964959.183,85.73006391525269,1745964959.183,85.73006391525269,1745964959.183,85.73006391525269
1745964959.461,86.00857853889465,1745964959.461,86.00857853889465,1745964959.461,86.00857853889465,1745964959.461,86.00857853889465
1745964959.696,86.24351286888123,1745964959.696,86.24351286888123,1745964959.696,86.24351286888123,1745964959.696,86.24351286888123
1745964959.943,86.49023079872131,1745964959.943,86.49023079872131,1745964959.943,86.49023079872131,1745964959.943,86.49023079872131
1745964960.202,86.74885153770447,1745964960.202,86.74885153770447,1745964960.202,86.74885153770447,1745964960.202,86.74885153770447
1745964960.463,87.01056051254272,1745964960.463,87.01056051254272,1745964960.463,87.01056051254272,1745964960.463,87.01056051254272
1745964960.726,87.27311491966248,1745964960.726,87.27311491966248,1745964960.726,87.27311491966248,1745964960.726,87.27311491966248
1745964960.987,87.53419780731201,1745964960.987,87.53419780731201,1745964960.987,87.53419780731201,1745964960.987,87.53419780731201
1745964961.232,87.77949404716492,1745964961.232,87.77949404716492,1745964961.232,87.77949404716492,1745964961.232,87.77949404716492
1745964961.508,88.05563998222351,1745964961.508,88.05563998222351,1745964961.508,88.05563998222351,1745964961.508,88.05563998222351
1745964961.729,88.2761001586914,1745964961.729,88.2761001586914,1745964961.729,88.2761001586914,1745964961.729,88.2761001586914
1745964961.985,88.53176856040955,1745964961.985,88.53176856040955,1745964961.985,88.53176856040955,1745964961.985,88.53176856040955
1745964962.249,88.79591298103333,1745964962.249,88.79591298103333,1745964962.249,88.79591298103333,1745964962.249,88.79591298103333
1745964962.513,89.05984926223755,1745964962.513,89.05984926223755,1745964962.513,89.05984926223755,1745964962.513,89.05984926223755
1745964962.776,89.32313418388367,1745964962.776,89.32313418388367,1745964962.776,89.32313418388367,1745964962.776,89.32313418388367
1745964963.042,89.58938455581665,1745964963.042,89.58938455581665,1745964963.042,89.58938455581665,1745964963.042,89.58938455581665
1745964963.32,89.86674046516418,1745964963.32,89.86674046516418,1745964963.32,89.86674046516418,1745964963.32,89.86674046516418
1745964963.565,90.1123263835907,1745964963.565,90.1123263835907,1745964963.565,90.1123263835907,1745964963.565,90.1123263835907
1745964963.828,90.37476897239685,1745964963.828,90.37476897239685,1745964963.828,90.37476897239685,1745964963.828,90.37476897239685
1745964964.064,90.61081504821777,1745964964.064,90.61081504821777,1745964964.064,90.61081504821777,1745964964.064,90.61081504821777
1745964964.323,90.87014555931091,1745964964.323,90.87014555931091,1745964964.323,90.87014555931091,1745964964.323,90.87014555931091
1745964964.6,91.14727520942688,1745964964.6,91.14727520942688,1745964964.6,91.14739179611206,1745964964.6,91.14739179611206
1745964964.847,91.39437484741211,1745964964.847,91.39437484741211,1745964964.847,91.39437484741211,1745964964.847,91.39437484741211
1745964965.108,91.6546721458435,1745964965.108,91.6546721458435,1745964965.108,91.6546721458435,1745964965.108,91.6546721458435
1745964965.371,91.9184000492096,1745964965.371,91.9184000492096,1745964965.371,91.9184000492096,1745964965.371,91.9184000492096
1745964965.62,92.16705656051636,1745964965.62,92.16705656051636,1745964965.62,92.16705656051636,1745964965.62,92.16705656051636
1745964965.899,92.44647979736328,1745964965.899,92.44647979736328,1745964965.899,92.44647979736328,1745964965.899,92.44647979736328
1745964966.148,92.69509601593018,1745964966.148,92.69509601593018,1745964966.148,92.69509601593018,1745964966.148,92.69509601593018
1745964966.395,92.94186520576477,1745964966.395,92.94186520576477,1745964966.395,92.94186520576477,1745964966.395,92.94186520576477
1745964966.659,93.20630502700806,1745964966.659,93.20630502700806,1745964966.659,93.20630502700806,1745964966.659,93.20630502700806
1745964966.92,93.46728181838989,1745964966.92,93.46728181838989,1745964966.92,93.46728181838989,1745964966.92,93.46728181838989
1745964967.182,93.72883582115173,1745964967.182,93.72883582115173,1745964967.182,93.72883582115173,1745964967.182,93.72883582115173
1745964967.458,94.00526165962219,1745964967.458,94.00526165962219,1745964967.458,94.00526165962219,1745964967.458,94.00526165962219
1745964967.689,94.23642301559448,1745964967.689,94.23642301559448,1745964967.689,94.23642301559448,1745964967.689,94.23642301559448
1745964967.95,94.49704694747925,1745964967.95,94.49704694747925,1745964967.95,94.49704694747925,1745964967.95,94.49704694747925
1745964968.189,94.73618960380554,1745964968.189,94.73618960380554,1745964968.189,94.73618960380554,1745964968.189,94.73618960380554
1745964968.46,95.00717115402222,1745964968.46,95.00717115402222,1745964968.46,95.00717115402222,1745964968.46,95.00717115402222
1745964968.707,95.25457286834717,1745964968.707,95.25457286834717,1745964968.707,95.25457286834717,1745964968.707,95.25457286834717
1745964968.968,95.51510953903198,1745964968.968,95.51510953903198,1745964968.968,95.51510953903198,1745964968.968,95.51510953903198
1745964969.229,95.77623915672302,1745964969.229,95.77623915672302,1745964969.229,95.77623915672302,1745964969.229,95.77623915672302
1745964969.502,96.04959273338318,1745964969.502,96.04959273338318,1745964969.502,96.04959273338318,1745964969.502,96.04959273338318
1745964969.762,96.30958032608032,1745964969.762,96.30958032608032,1745964969.762,96.30958032608032,1745964969.762,96.30958032608032
1745964970.023,96.57027840614319,1745964970.023,96.57027840614319,1745964970.023,96.57027840614319,1745964970.023,96.57027840614319
1745964970.284,96.83124613761902,1745964970.284,96.83124613761902,1745964970.284,96.83124613761902,1745964970.284,96.83124613761902
1745964970.546,97.09342789649963,1745964970.546,97.09342789649963,1745964970.546,97.09342789649963,1745964970.546,97.09342789649963
1745964970.797,97.34446835517883,1745964970.797,97.34446835517883,1745964970.797,97.34446835517883,1745964970.797,97.34446835517883
1745964971.046,97.59320020675659,1745964971.046,97.59320020675659,1745964971.046,97.59320020675659,1745964971.046,97.59320020675659
1745964971.306,97.85297083854675,1745964971.306,97.85297083854675,1745964971.306,97.85297083854675,1745964971.306,97.85297083854675
1745964971.569,98.11615705490112,1745964971.569,98.11615705490112,1745964971.569,98.11615705490112,1745964971.569,98.11615705490112
1745964971.832,98.37925815582275,1745964971.832,98.37925815582275,1745964971.832,98.37925815582275,1745964971.832,98.37925815582275
1745964972.067,98.61408925056458,1745964972.067,98.61408925056458,1745964972.067,98.61408925056458,1745964972.067,98.61408925056458
1745964972.327,98.87464690208435,1745964972.327,98.87464690208435,1745964972.327,98.87464690208435,1745964972.327,98.87464690208435
1745964972.587,99.13455438613892,1745964972.587,99.13455438613892,1745964972.587,99.13455438613892,1745964972.587,99.13455438613892
1745964972.849,99.39573812484741,1745964972.849,99.39573812484741,1745964972.849,99.39573812484741,1745964972.849,99.39573812484741
1745964973.097,99.64452934265137,1745964973.097,99.64452934265137,1745964973.097,99.64452934265137,1745964973.097,99.64452934265137
1745964973.342,99.88950085639954,1745964973.342,99.88950085639954,1745964973.342,99.88950085639954,1745964973.342,99.88950085639954
1745964973.617,100.16448664665222,1745964973.617,100.16448664665222,1745964973.617,100.16448664665222,1745964973.617,100.16448664665222
1745964973.865,100.41166949272156,1745964973.865,100.41166949272156,1745964973.865,100.41166949272156,1745964973.865,100.41166949272156
1745964974.126,100.67296195030212,1745964974.126,100.67308568954468,1745964974.126,100.67308568954468,1745964974.126,100.67308568954468
1745964974.387,100.93445134162903,1745964974.387,100.93445134162903,1745964974.387,100.93445134162903,1745964974.387,100.93445134162903
1745964974.666,101.21277904510498,1745964974.666,101.21277904510498,1745964974.666,101.21277904510498,1745964974.666,101.21277904510498
1745964974.886,101.43295764923096,1745964974.886,101.43295764923096,1745964974.886,101.43295764923096,1745964974.886,101.43295764923096
1745964975.144,101.6909568309784,1745964975.144,101.6909568309784,1745964975.144,101.6909568309784,1745964975.144,101.6909568309784
1745964975.407,101.95386719703674,1745964975.407,101.95386719703674,1745964975.407,101.95386719703674,1745964975.407,101.95386719703674
1745964975.67,102.2168333530426,1745964975.67,102.2168333530426,1745964975.67,102.2168333530426,1745964975.67,102.2168333530426
1745964975.931,102.47836256027222,1745964975.931,102.47836256027222,1745964975.931,102.47836256027222,1745964975.931,102.47836256027222
1745964976.178,102.72469115257263,1745964976.178,102.72469115257263,1745964976.178,102.72469115257263,1745964976.178,102.72469115257263
1745964976.44,102.98715400695801,1745964976.44,102.98715400695801,1745964976.44,102.98715400695801,1745964976.44,102.98715400695801
1745964976.704,103.25118780136108,1745964976.704,103.25118780136108,1745964976.704,103.25118780136108,1745964976.704,103.25118780136108
1745964976.954,103.50144934654236,1745964976.954,103.50144934654236,1745964976.954,103.50144934654236,1745964976.954,103.50165128707886
1745964977.203,103.75030755996704,1745964977.203,103.75030755996704,1745964977.203,103.75030755996704,1745964977.203,103.75030755996704
1745964977.477,104.02394652366638,1745964977.477,104.02394652366638,1745964977.477,104.02394652366638,1745964977.477,104.02394652366638
1745964977.738,104.28553199768066,1745964977.738,104.28553199768066,1745964977.738,104.28553199768066,1745964977.738,104.28553199768066
1745964977.987,104.53406119346619,1745964977.987,104.53406119346619,1745964977.987,104.53406119346619,1745964977.987,104.53406119346619
1745964978.236,104.78300595283508,1745964978.236,104.78300595283508,1745964978.236,104.78300595283508,1745964978.236,104.78300595283508
1745964978.497,105.04398703575134,1745964978.497,105.04398703575134,1745964978.497,105.04398703575134,1745964978.497,105.04398703575134
1745964978.745,105.29206681251526,1745964978.745,105.29206681251526,1745964978.745,105.29206681251526,1745964978.745,105.29206681251526
1745964979.006,105.55276226997375,1745964979.006,105.55276226997375,1745964979.006,105.55276226997375,1745964979.006,105.55276226997375
1745964979.242,105.7889711856842,1745964979.242,105.7889711856842,1745964979.242,105.7889711856842,1745964979.242,105.7889711856842
1745964979.498,106.04517960548401,1745964979.498,106.04517960548401,1745964979.498,106.04517960548401,1745964979.498,106.04517960548401
1745964979.759,106.30660009384155,1745964979.759,106.30660009384155,1745964979.759,106.30660009384155,1745964979.759,106.30660009384155
1745964980.007,106.55400848388672,1745964980.007,106.55400848388672,1745964980.007,106.55400848388672,1745964980.007,106.55400848388672
1745964980.251,106.79785394668579,1745964980.251,106.79785394668579,1745964980.251,106.79785394668579,1745964980.251,106.79785394668579
1745964980.515,107.06214833259583,1745964980.515,107.06214833259583,1745964980.515,107.06214833259583,1745964980.515,107.06214833259583
1745964980.778,107.32527542114258,1745964980.778,107.32527542114258,1745964980.778,107.32527542114258,1745964980.778,107.32527542114258
1745964981.041,107.5882716178894,1745964981.041,107.5882716178894,1745964981.041,107.5882716178894,1745964981.041,107.5882716178894
1745964981.304,107.8512499332428,1745964981.304,107.8512499332428,1745964981.304,107.8512499332428,1745964981.304,107.8512499332428
1745964981.565,108.11209416389465,1745964981.565,108.11209416389465,1745964981.565,108.11209416389465,1745964981.565,108.11209416389465
1745964981.829,108.37638592720032,1745964981.829,108.37638592720032,1745964981.829,108.37638592720032,1745964981.829,108.37638592720032
1745964982.093,108.63970804214478,1745964982.093,108.63970804214478,1745964982.093,108.63970804214478,1745964982.093,108.63970804214478
1745964982.351,108.89828562736511,1745964982.351,108.89828562736511,1745964982.351,108.89828562736511,1745964982.351,108.89828562736511
1745964982.616,109.16320490837097,1745964982.616,109.16320490837097,1745964982.616,109.16320490837097,1745964982.616,109.16320490837097
