timestamp,time,timestamp6,time2,timestamp2,time3,timestamp3,time9
1745966853.647,0.04700040817260742,1745966853.647,0.04700040817260742,1745966853.647,0.04700040817260742,1745966853.647,0.04700040817260742
1745966853.894,0.29399991035461426,1745966853.894,0.29399991035461426,1745966853.894,0.29399991035461426,1745966853.894,0.29399991035461426
1745966854.158,0.557999849319458,1745966854.158,0.557999849319458,1745966854.158,0.557999849319458,1745966854.158,0.557999849319458
1745966854.41,0.8110044002532959,1745966854.411,0.8110044002532959,1745966854.411,0.8110044002532959,1745966854.411,0.8110044002532959
1745966854.673,1.0729987621307373,1745966854.673,1.0729987621307373,1745966854.673,1.0729987621307373,1745966854.673,1.0729987621307373
1745966854.935,1.3349993228912354,1745966854.935,1.3349993228912354,1745966854.935,1.3349993228912354,1745966854.935,1.3349993228912354
1745966855.199,1.5990002155303955,1745966855.199,1.5990002155303955,1745966855.199,1.5990002155303955,1745966855.199,1.5990002155303955
1745966855.432,1.832005500793457,1745966855.432,1.832005500793457,1745966855.432,1.832005500793457,1745966855.432,1.832005500793457
1745966855.682,2.0819649696350098,1745966855.682,2.0819649696350098,1745966855.682,2.0819649696350098,1745966855.682,2.0819649696350098
1745966855.959,2.359226942062378,1745966855.959,2.359226942062378,1745966855.959,2.359226942062378,1745966855.959,2.359226942062378
1745966856.223,2.622738838195801,1745966856.223,2.622738838195801,1745966856.223,2.622738838195801,1745966856.223,2.622738838195801
1745966856.487,2.887406826019287,1745966856.487,2.887406826019287,1745966856.487,2.887406826019287,1745966856.487,2.887406826019287
1745966856.734,3.134085178375244,1745966856.734,3.134085178375244,1745966856.734,3.134085178375244,1745966856.734,3.134085178375244
1745966856.996,3.3964056968688965,1745966856.996,3.3964056968688965,1745966856.996,3.3964056968688965,1745966856.996,3.3964056968688965
1745966857.273,3.6733381748199463,1745966857.273,3.6733381748199463,1745966857.273,3.6733381748199463,1745966857.273,3.6733381748199463
1745966857.523,3.9233386516571045,1745966857.523,3.9233386516571045,1745966857.523,3.9233386516571045,1745966857.523,3.9233386516571045
1745966857.772,4.172454118728638,1745966857.772,4.172454118728638,1745966857.772,4.172454118728638,1745966857.772,4.172454118728638
1745966858.022,4.422037363052368,1745966858.022,4.422037363052368,1745966858.022,4.422037363052368,1745966858.022,4.422037363052368
1745966858.284,4.684504747390747,1745966858.284,4.684504747390747,1745966858.284,4.684504747390747,1745966858.284,4.684504747390747
1745966858.546,4.945913553237915,1745966858.546,4.945913553237915,1745966858.546,4.945913553237915,1745966858.546,4.945913553237915
1745966858.811,5.2105536460876465,1745966858.811,5.2105536460876465,1745966858.811,5.2105536460876465,1745966858.811,5.2105536460876465
1745966859.073,5.4733216762542725,1745966859.073,5.4733216762542725,1745966859.073,5.4733216762542725,1745966859.073,5.4733216762542725
1745966859.351,5.751027584075928,1745966859.351,5.751027584075928,1745966859.351,5.751027584075928,1745966859.351,5.751027584075928
1745966859.613,6.012827396392822,1745966859.613,6.012827396392822,1745966859.613,6.012827396392822,1745966859.613,6.012827396392822
1745966859.874,6.274114608764648,1745966859.874,6.274114608764648,1745966859.874,6.274114608764648,1745966859.874,6.274114608764648
1745966860.123,6.523026943206787,1745966860.123,6.523026943206787,1745966860.123,6.523026943206787,1745966860.123,6.523026943206787
1745966860.371,6.770878791809082,1745966860.371,6.770878791809082,1745966860.371,6.770878791809082,1745966860.371,6.770878791809082
1745966860.635,7.035204172134399,1745966860.635,7.035204172134399,1745966860.635,7.035204172134399,1745966860.635,7.035204172134399
1745966860.898,7.298034429550171,1745966860.898,7.298034429550171,1745966860.898,7.298034429550171,1745966860.898,7.298034429550171
1745966861.16,7.560350656509399,1745966861.16,7.560350656509399,1745966861.16,7.560350656509399,1745966861.16,7.560350656509399
1745966861.409,7.809450626373291,1745966861.409,7.809450626373291,1745966861.409,7.809450626373291,1745966861.409,7.809450626373291
1745966861.671,8.071473836898804,1745966861.671,8.071473836898804,1745966861.671,8.071473836898804,1745966861.671,8.071473836898804
1745966861.933,8.333362340927124,1745966861.933,8.333362340927124,1745966861.933,8.333362340927124,1745966861.933,8.333362340927124
1745966862.21,8.609920501708984,1745966862.21,8.609920501708984,1745966862.21,8.609920501708984,1745966862.21,8.609920501708984
1745966862.473,8.872627258300781,1745966862.473,8.872627258300781,1745966862.473,8.872627258300781,1745966862.473,8.872627258300781
1745966862.725,9.124809503555298,1745966862.725,9.124809503555298,1745966862.725,9.124809503555298,1745966862.725,9.124809503555298
1745966862.988,9.387518882751465,1745966862.988,9.387518882751465,1745966862.988,9.387518882751465,1745966862.988,9.387518882751465
1745966863.251,9.651400804519653,1745966863.251,9.651400804519653,1745966863.251,9.651400804519653,1745966863.251,9.651400804519653
1745966863.512,9.911966323852539,1745966863.512,9.911966323852539,1745966863.512,9.911966323852539,1745966863.512,9.911966323852539
1745966863.775,10.175230503082275,1745966863.775,10.175230503082275,1745966863.775,10.175230503082275,1745966863.775,10.175230503082275
1745966864.051,10.451424837112427,1745966864.051,10.451424837112427,1745966864.051,10.451424837112427,1745966864.051,10.451424837112427
1745966864.299,10.69888973236084,1745966864.299,10.69888973236084,1745966864.299,10.69888973236084,1745966864.299,10.69888973236084
1745966864.561,10.960975646972656,1745966864.561,10.960975646972656,1745966864.561,10.960975646972656,1745966864.561,10.960975646972656
1745966864.809,11.208581924438477,1745966864.809,11.208581924438477,1745966864.809,11.208581924438477,1745966864.809,11.208581924438477
1745966865.087,11.486661195755005,1745966865.087,11.486661195755005,1745966865.087,11.486661195755005,1745966865.087,11.486661195755005
1745966865.333,11.732660293579102,1745966865.333,11.732660293579102,1745966865.333,11.732660293579102,1745966865.333,11.732660293579102
1745966865.598,11.997659921646118,1745966865.598,11.997659921646118,1745966865.598,11.997659921646118,1745966865.598,11.997659921646118
1745966865.843,12.242714405059814,1745966865.843,12.242714405059814,1745966865.843,12.242714405059814,1745966865.843,12.242714405059814
1745966866.091,12.49151062965393,1745966866.091,12.49151062965393,1745966866.091,12.49151062965393,1745966866.091,12.49151062965393
1745966866.355,12.755365371704102,1745966866.355,12.755365371704102,1745966866.355,12.755365371704102,1745966866.355,12.755365371704102
1745966866.631,13.03140377998352,1745966866.631,13.03140377998352,1745966866.631,13.03140377998352,1745966866.631,13.03140377998352
1745966866.856,13.255685329437256,1745966866.856,13.255685329437256,1745966866.856,13.255685329437256,1745966866.856,13.255685329437256
1745966867.125,13.525093078613281,1745966867.125,13.525093078613281,1745966867.125,13.525093078613281,1745966867.125,13.525093078613281
1745966867.387,13.787078380584717,1745966867.387,13.787078380584717,1745966867.387,13.787078380584717,1745966867.387,13.787078380584717
1745966867.653,14.053083419799805,1745966867.653,14.053083419799805,1745966867.653,14.053083419799805,1745966867.653,14.053083419799805
1745966867.915,14.314889907836914,1745966867.915,14.314889907836914,1745966867.915,14.314889907836914,1745966867.915,14.314889907836914
1745966868.176,14.575785160064697,1745966868.176,14.575785160064697,1745966868.176,14.575785160064697,1745966868.176,14.575785160064697
1745966868.437,14.836854696273804,1745966868.437,14.836854696273804,1745966868.437,14.836854696273804,1745966868.437,14.836854696273804
1745966868.696,15.09626579284668,1745966868.696,15.09626579284668,1745966868.696,15.09626579284668,1745966868.696,15.09626579284668
1745966868.945,15.344539880752563,1745966868.945,15.344539880752563,1745966868.945,15.344539880752563,1745966868.945,15.344539880752563
1745966869.208,15.608109951019287,1745966869.208,15.608109951019287,1745966869.208,15.608109951019287,1745966869.208,15.608109951019287
1745966869.471,15.870550394058228,1745966869.471,15.870550394058228,1745966869.471,15.870550394058228,1745966869.471,15.870550394058228
1745966869.734,16.133623838424683,1745966869.734,16.133623838424683,1745966869.734,16.133623838424683,1745966869.734,16.133623838424683
1745966869.992,16.392512798309326,1745966869.992,16.392512798309326,1745966869.992,16.392512798309326,1745966869.992,16.392512798309326
1745966870.251,16.65134358406067,1745966870.251,16.65134358406067,1745966870.251,16.65134358406067,1745966870.251,16.65134358406067
1745966870.499,16.89881944656372,1745966870.499,16.89881944656372,1745966870.499,16.89881944656372,1745966870.499,16.89881944656372
1745966870.762,17.162071466445923,1745966870.762,17.162071466445923,1745966870.762,17.162071466445923,1745966870.762,17.162071466445923
1745966871.024,17.423966884613037,1745966871.024,17.423966884613037,1745966871.024,17.423966884613037,1745966871.024,17.423966884613037
1745966871.271,17.67131233215332,1745966871.271,17.67131233215332,1745966871.271,17.67131233215332,1745966871.271,17.67131233215332
1745966871.534,17.93400812149048,1745966871.534,17.93400812149048,1745966871.534,17.93400812149048,1745966871.534,17.93400812149048
1745966871.783,18.183002710342407,1745966871.783,18.183002710342407,1745966871.783,18.183002710342407,1745966871.783,18.183002710342407
1745966872.048,18.44834613800049,1745966872.048,18.44834613800049,1745966872.048,18.44834613800049,1745966872.048,18.44834613800049
1745966872.313,18.713146924972534,1745966872.313,18.713146924972534,1745966872.313,18.713146924972534,1745966872.313,18.713146924972534
1745966872.577,18.977097749710083,1745966872.577,18.977097749710083,1745966872.577,18.977097749710083,1745966872.577,18.977097749710083
1745966872.823,19.223098039627075,1745966872.823,19.223098039627075,1745966872.823,19.223098039627075,1745966872.823,19.223098039627075
1745966873.102,19.502135276794434,1745966873.102,19.502135276794434,1745966873.102,19.502135276794434,1745966873.102,19.502135276794434
1745966873.347,19.747437238693237,1745966873.347,19.747437238693237,1745966873.347,19.747437238693237,1745966873.347,19.747437238693237
1745966873.608,20.008493185043335,1745966873.608,20.008493185043335,1745966873.608,20.008493185043335,1745966873.608,20.008493185043335
1745966873.868,20.26821255683899,1745966873.868,20.26821255683899,1745966873.868,20.26821255683899,1745966873.868,20.26821255683899
1745966874.129,20.529233694076538,1745966874.129,20.529233694076538,1745966874.129,20.529233694076538,1745966874.129,20.529233694076538
1745966874.377,20.776790857315063,1745966874.377,20.776790857315063,1745966874.377,20.776790857315063,1745966874.377,20.776790857315063
1745966874.64,21.039541006088257,1745966874.64,21.039541006088257,1745966874.64,21.039541006088257,1745966874.64,21.039541006088257
1745966874.889,21.289278030395508,1745966874.889,21.289278030395508,1745966874.889,21.289278030395508,1745966874.889,21.289278030395508
1745966875.136,21.53632354736328,1745966875.136,21.53632354736328,1745966875.136,21.53632354736328,1745966875.136,21.53632354736328
1745966875.401,21.801162481307983,1745966875.401,21.801162481307983,1745966875.401,21.801162481307983,1745966875.401,21.801162481307983
1745966875.665,22.0654878616333,1745966875.665,22.0654878616333,1745966875.665,22.0654878616333,1745966875.665,22.0654878616333
1745966875.901,22.300544500350952,1745966875.901,22.300544500350952,1745966875.901,22.300544500350952,1745966875.901,22.300544500350952
1745966876.161,22.561277151107788,1745966876.161,22.561277151107788,1745966876.161,22.561277151107788,1745966876.161,22.561277151107788
1745966876.41,22.80973768234253,1745966876.41,22.80973768234253,1745966876.41,22.80973768234253,1745966876.41,22.80973768234253
1745966876.658,23.058230876922607,1745966876.658,23.058230876922607,1745966876.658,23.058230876922607,1745966876.658,23.058230876922607
1745966876.907,23.30683708190918,1745966876.907,23.30683708190918,1745966876.907,23.30683708190918,1745966876.907,23.30683708190918
1745966877.17,23.570130586624146,1745966877.17,23.570130586624146,1745966877.17,23.570130586624146,1745966877.17,23.570130586624146
1745966877.431,23.831122636795044,1745966877.431,23.831122636795044,1745966877.431,23.831122636795044,1745966877.431,23.831122636795044
1745966877.693,24.09323287010193,1745966877.693,24.09323287010193,1745966877.693,24.09323287010193,1745966877.693,24.09323287010193
1745966877.948,24.347826957702637,1745966877.948,24.347826957702637,1745966877.948,24.347826957702637,1745966877.948,24.347826957702637
1745966878.219,24.618912935256958,1745966878.219,24.618912935256958,1745966878.219,24.618912935256958,1745966878.219,24.618912935256958
1745966878.465,24.864999532699585,1745966878.465,24.864999532699585,1745966878.465,24.864999532699585,1745966878.465,24.864999532699585
1745966878.743,25.142523050308228,1745966878.743,25.142523050308228,1745966878.743,25.142523050308228,1745966878.743,25.142523050308228
1745966878.981,25.380937576293945,1745966878.981,25.380937576293945,1745966878.981,25.380937576293945,1745966878.981,25.380937576293945
1745966879.238,25.638035535812378,1745966879.238,25.638035535812378,1745966879.238,25.638035535812378,1745966879.238,25.638035535812378
1745966879.502,25.902174472808838,1745966879.502,25.902174472808838,1745966879.502,25.902174472808838,1745966879.502,25.902174472808838
1745966879.765,26.16493320465088,1745966879.765,26.16493320465088,1745966879.765,26.16493320465088,1745966879.765,26.16493320465088
1745966880.031,26.430649042129517,1745966880.031,26.430649042129517,1745966880.031,26.430649042129517,1745966880.031,26.430649042129517
1745966880.291,26.69109296798706,1745966880.291,26.69109296798706,1745966880.291,26.69109296798706,1745966880.291,26.69109296798706
1745966880.57,26.970373153686523,1745966880.57,26.970373153686523,1745966880.57,26.970373153686523,1745966880.57,26.970373153686523
1745966880.835,27.23457407951355,1745966880.835,27.23457407951355,1745966880.835,27.23457407951355,1745966880.835,27.23457407951355
1745966881.073,27.472865343093872,1745966881.073,27.472865343093872,1745966881.073,27.472865343093872,1745966881.073,27.472865343093872
1745966881.33,27.7295925617218,1745966881.33,27.7295925617218,1745966881.33,27.7295925617218,1745966881.33,27.7295925617218
1745966881.591,27.990670442581177,1745966881.591,27.990670442581177,1745966881.591,27.990670442581177,1745966881.591,27.990670442581177
1745966881.852,28.251697301864624,1745966881.852,28.251697301864624,1745966881.852,28.251697301864624,1745966881.852,28.251697301864624
1745966882.096,28.496031522750854,1745966882.096,28.496031522750854,1745966882.096,28.496031522750854,1745966882.096,28.496031522750854
1745966882.361,28.760972023010254,1745966882.361,28.760972023010254,1745966882.361,28.760972023010254,1745966882.361,28.760972023010254
1745966882.623,29.022587060928345,1745966882.623,29.022587060928345,1745966882.623,29.022587060928345,1745966882.623,29.022587060928345
1745966882.899,29.29913067817688,1745966882.899,29.29913067817688,1745966882.899,29.29913067817688,1745966882.899,29.29913067817688
1745966883.144,29.543858528137207,1745966883.144,29.543858528137207,1745966883.144,29.543858528137207,1745966883.144,29.543858528137207
1745966883.409,29.80871820449829,1745966883.409,29.80871820449829,1745966883.409,29.80871820449829,1745966883.409,29.80871820449829
1745966883.67,30.070146083831787,1745966883.67,30.070146083831787,1745966883.67,30.070146083831787,1745966883.67,30.070146083831787
1745966883.934,30.334144592285156,1745966883.934,30.334144592285156,1745966883.934,30.334144592285156,1745966883.934,30.334144592285156
1745966884.198,30.59766936302185,1745966884.198,30.59766936302185,1745966884.198,30.59766936302185,1745966884.198,30.59766936302185
1745966884.461,30.860862493515015,1745966884.461,30.860862493515015,1745966884.461,30.860862493515015,1745966884.461,30.860862493515015
1745966884.708,31.108299493789673,1745966884.708,31.108299493789673,1745966884.708,31.108299493789673,1745966884.708,31.108299493789673
1745966884.97,31.369961500167847,1745966884.97,31.369961500167847,1745966884.97,31.369961500167847,1745966884.97,31.369961500167847
1745966885.216,31.616157293319702,1745966885.216,31.616157293319702,1745966885.216,31.616157293319702,1745966885.216,31.616157293319702
1745966885.493,31.892719745635986,1745966885.493,31.892719745635986,1745966885.493,31.892719745635986,1745966885.493,31.892719745635986
1745966885.738,32.13782477378845,1745966885.738,32.13782477378845,1745966885.738,32.13782477378845,1745966885.738,32.13782477378845
1745966886.001,32.40056610107422,1745966886.001,32.40056610107422,1745966886.001,32.40056610107422,1745966886.001,32.40056610107422
1745966886.263,32.66344428062439,1745966886.263,32.66344428062439,1745966886.263,32.66344428062439,1745966886.263,32.66344428062439
1745966886.512,32.91195464134216,1745966886.512,32.91195464134216,1745966886.512,32.91195464134216,1745966886.512,32.91195464134216
1745966886.776,33.17612075805664,1745966886.776,33.17612075805664,1745966886.776,33.17612075805664,1745966886.776,33.17612075805664
1745966887.023,33.423476219177246,1745966887.023,33.423476219177246,1745966887.023,33.423476219177246,1745966887.023,33.423476219177246
1745966887.288,33.68763089179993,1745966887.288,33.68763089179993,1745966887.288,33.68763089179993,1745966887.288,33.68763089179993
1745966887.536,33.935972452163696,1745966887.536,33.935972452163696,1745966887.536,33.935972452163696,1745966887.536,33.935972452163696
1745966887.799,34.199485301971436,1745966887.799,34.199485301971436,1745966887.799,34.199485301971436,1745966887.799,34.199485301971436
1745966888.062,34.46186304092407,1745966888.062,34.46186304092407,1745966888.062,34.46186304092407,1745966888.062,34.46186304092407
1745966888.323,34.72252106666565,1745966888.323,34.72252106666565,1745966888.323,34.72252106666565,1745966888.323,34.72252106666565
1745966888.602,35.00154781341553,1745966888.602,35.00154781341553,1745966888.602,35.00154781341553,1745966888.602,35.00154781341553
1745966888.851,35.250678300857544,1745966888.851,35.250678300857544,1745966888.851,35.250678300857544,1745966888.851,35.250678300857544
1745966889.113,35.513487815856934,1745966889.113,35.513487815856934,1745966889.113,35.513487815856934,1745966889.113,35.513487815856934
1745966889.377,35.77685213088989,1745966889.377,35.77685213088989,1745966889.377,35.77685213088989,1745966889.377,35.77685213088989
1745966889.642,36.042386293411255,1745966889.642,36.042386293411255,1745966889.642,36.042386293411255,1745966889.642,36.042386293411255
1745966889.889,36.289480447769165,1745966889.889,36.289480447769165,1745966889.889,36.289480447769165,1745966889.889,36.289480447769165
1745966890.137,36.537092447280884,1745966890.137,36.537092447280884,1745966890.137,36.537092447280884,1745966890.137,36.537092447280884
1745966890.414,36.813926458358765,1745966890.414,36.813926458358765,1745966890.414,36.813926458358765,1745966890.414,36.813926458358765
1745966890.675,37.07528591156006,1745966890.675,37.07528591156006,1745966890.675,37.07528591156006,1745966890.675,37.07528591156006
1745966890.937,37.33670783042908,1745966890.937,37.33670783042908,1745966890.937,37.33670783042908,1745966890.937,37.33670783042908
1745966891.187,37.5870623588562,1745966891.187,37.5870623588562,1745966891.187,37.5870623588562,1745966891.187,37.5870623588562
1745966891.436,37.835543394088745,1745966891.436,37.835543394088745,1745966891.436,37.835543394088745,1745966891.436,37.835543394088745
1745966891.699,38.099350690841675,1745966891.699,38.099350690841675,1745966891.699,38.099350690841675,1745966891.699,38.099350690841675
1745966891.975,38.37499284744263,1745966891.975,38.37499284744263,1745966891.975,38.37499284744263,1745966891.975,38.37499284744263
1745966892.223,38.62262320518494,1745966892.223,38.62262320518494,1745966892.223,38.62262320518494,1745966892.223,38.62262320518494
1745966892.488,38.88847827911377,1745966892.488,38.88847827911377,1745966892.488,38.88847827911377,1745966892.488,38.88847827911377
1745966892.751,39.150954723358154,1745966892.751,39.150954723358154,1745966892.751,39.150954723358154,1745966892.751,39.150954723358154
1745966893.0,39.400195360183716,1745966893.0,39.400195360183716,1745966893.0,39.400195360183716,1745966893.0,39.400195360183716
1745966893.247,39.646849393844604,1745966893.247,39.646849393844604,1745966893.247,39.646849393844604,1745966893.247,39.646849393844604
1745966893.524,39.923884868621826,1745966893.524,39.923884868621826,1745966893.524,39.923884868621826,1745966893.524,39.923884868621826
1745966893.771,40.17087173461914,1745966893.771,40.17087173461914,1745966893.771,40.17087173461914,1745966893.771,40.17087173461914
1745966894.037,40.436851978302,1745966894.037,40.436851978302,1745966894.037,40.436851978302,1745966894.037,40.436851978302
1745966894.285,40.6848521232605,1745966894.285,40.6848521232605,1745966894.285,40.6848521232605,1745966894.285,40.6848521232605
1745966894.533,40.932851791381836,1745966894.533,40.932851791381836,1745966894.533,40.932851791381836,1745966894.533,40.932851791381836
1745966894.783,41.18285250663757,1745966894.783,41.18285250663757,1745966894.783,41.18285250663757,1745966894.783,41.18285250663757
1745966895.036,41.435731649398804,1745966895.036,41.435731649398804,1745966895.036,41.435731649398804,1745966895.036,41.435731649398804
1745966895.283,41.68273186683655,1745966895.283,41.68273186683655,1745966895.283,41.68273186683655,1745966895.283,41.68273186683655
1745966895.546,41.94572043418884,1745966895.546,41.94572043418884,1745966895.546,41.94572043418884,1745966895.546,41.94572043418884
1745966895.81,42.2103374004364,1745966895.81,42.2103374004364,1745966895.81,42.2103374004364,1745966895.81,42.2103374004364
1745966896.073,42.473081827163696,1745966896.073,42.473081827163696,1745966896.073,42.473081827163696,1745966896.073,42.473081827163696
1745966896.322,42.7221577167511,1745966896.322,42.7221577167511,1745966896.322,42.7221577167511,1745966896.322,42.7221577167511
1745966896.6,42.999592781066895,1745966896.6,42.999592781066895,1745966896.6,42.999592781066895,1745966896.6,42.999592781066895
1745966896.861,43.261136293411255,1745966896.861,43.261136293411255,1745966896.861,43.261136293411255,1745966896.861,43.261136293411255
1745966897.122,43.522446393966675,1745966897.122,43.522446393966675,1745966897.122,43.522446393966675,1745966897.122,43.522446393966675
1745966897.387,43.78688097000122,1745966897.387,43.78688097000122,1745966897.387,43.78688097000122,1745966897.387,43.78688097000122
1745966897.65,44.05047798156738,1745966897.65,44.05047798156738,1745966897.65,44.05047798156738,1745966897.65,44.05047798156738
1745966897.91,44.31047344207764,1745966897.91,44.31047344207764,1745966897.91,44.31047344207764,1745966897.91,44.31047344207764
1745966898.174,44.57376003265381,1745966898.174,44.57376003265381,1745966898.174,44.57376003265381,1745966898.174,44.57376003265381
1745966898.437,44.83692216873169,1745966898.437,44.83692216873169,1745966898.437,44.83692216873169,1745966898.437,44.83692216873169
1745966898.7,45.09969711303711,1745966898.7,45.09969711303711,1745966898.7,45.09969711303711,1745966898.7,45.09969711303711
1745966898.964,45.36399602890015,1745966898.964,45.36399602890015,1745966898.964,45.36399602890015,1745966898.964,45.36399602890015
1745966899.229,45.62888240814209,1745966899.229,45.62888240814209,1745966899.229,45.62888240814209,1745966899.229,45.62888240814209
1745966899.505,45.90549325942993,1745966899.505,45.90549325942993,1745966899.505,45.90549325942993,1745966899.505,45.90549325942993
1745966899.753,46.15281391143799,1745966899.753,46.15281391143799,1745966899.753,46.15281391143799,1745966899.753,46.15281391143799
1745966900.014,46.413697242736816,1745966900.014,46.413697242736816,1745966900.014,46.413697242736816,1745966900.014,46.413697242736816
1745966900.263,46.66321778297424,1745966900.263,46.66321778297424,1745966900.263,46.66321778297424,1745966900.263,46.66321778297424
1745966900.539,46.939027309417725,1745966900.539,46.939027309417725,1745966900.539,46.939027309417725,1745966900.539,46.939027309417725
1745966900.8,47.200490951538086,1745966900.8,47.200490951538086,1745966900.8,47.200490951538086,1745966900.8,47.200490951538086
1745966901.067,47.46713662147522,1745966901.067,47.46713662147522,1745966901.067,47.46713662147522,1745966901.067,47.46713662147522
1745966901.315,47.71533012390137,1745966901.315,47.71533012390137,1745966901.315,47.71533012390137,1745966901.315,47.71533012390137
1745966901.578,47.97805404663086,1745966901.578,47.97805404663086,1745966901.578,47.97805404663086,1745966901.578,47.97805404663086
1745966901.843,48.24328899383545,1745966901.843,48.24328899383545,1745966901.843,48.24328899383545,1745966901.843,48.24328899383545
1745966902.106,48.50574254989624,1745966902.106,48.50574254989624,1745966902.106,48.50574254989624,1745966902.106,48.50574254989624
1745966902.36,48.76031684875488,1745966902.36,48.76031684875488,1745966902.36,48.76031684875488,1745966902.36,48.76031684875488
1745966902.633,49.03257703781128,1745966902.633,49.03257703781128,1745966902.633,49.03257703781128,1745966902.633,49.03257703781128
1745966902.896,49.295578956604004,1745966902.896,49.295578956604004,1745966902.896,49.295578956604004,1745966902.896,49.295578956604004
1745966903.158,49.55848288536072,1745966903.158,49.55848288536072,1745966903.158,49.55848288536072,1745966903.158,49.55848288536072
1745966903.422,49.82225465774536,1745966903.422,49.82225465774536,1745966903.422,49.82225465774536,1745966903.422,49.82225465774536
1745966903.685,50.08451533317566,1745966903.685,50.08451533317566,1745966903.685,50.08451533317566,1745966903.685,50.08451533317566
1745966903.948,50.34782791137695,1745966903.948,50.34782791137695,1745966903.948,50.34782791137695,1745966903.948,50.34782791137695
1745966904.211,50.61144709587097,1745966904.211,50.61144709587097,1745966904.211,50.61144709587097,1745966904.211,50.61144709587097
1745966904.444,50.844382762908936,1745966904.444,50.844382762908936,1745966904.444,50.844382762908936,1745966904.444,50.844382762908936
1745966904.706,51.10591411590576,1745966904.706,51.10591411590576,1745966904.706,51.10591411590576,1745966904.706,51.10591411590576
1745966904.968,51.3677773475647,1745966904.968,51.3677773475647,1745966904.968,51.3677773475647,1745966904.968,51.3677773475647
1745966905.229,51.62891387939453,1745966905.229,51.62891387939453,1745966905.229,51.62891387939453,1745966905.229,51.62891387939453
1745966905.492,51.8924605846405,1745966905.492,51.8924605846405,1745966905.492,51.8924605846405,1745966905.492,51.8924605846405
1745966905.754,52.1542272567749,1745966905.754,52.1542272567749,1745966905.754,52.1542272567749,1745966905.754,52.1542272567749
1745966906.004,52.40441370010376,1745966906.004,52.40441370010376,1745966906.004,52.40441370010376,1745966906.004,52.40441370010376
1745966906.269,52.66893029212952,1745966906.269,52.66893029212952,1745966906.269,52.66893029212952,1745966906.269,52.66893029212952
1745966906.531,52.930779218673706,1745966906.531,52.930779218673706,1745966906.531,52.930779218673706,1745966906.531,52.930779218673706
1745966906.777,53.17663836479187,1745966906.777,53.17663836479187,1745966906.777,53.17663836479187,1745966906.777,53.17663836479187
1745966907.039,53.43882608413696,1745966907.039,53.43882608413696,1745966907.039,53.43882608413696,1745966907.039,53.43882608413696
1745966907.301,53.701005935668945,1745966907.301,53.701005935668945,1745966907.301,53.701005935668945,1745966907.301,53.701005935668945
1745966907.565,53.96516752243042,1745966907.565,53.96516752243042,1745966907.565,53.96516752243042,1745966907.565,53.96516752243042
1745966907.829,54.22943902015686,1745966907.829,54.22943902015686,1745966907.829,54.22943902015686,1745966907.829,54.22943902015686
1745966908.092,54.49185085296631,1745966908.092,54.49185085296631,1745966908.092,54.49185085296631,1745966908.092,54.49185085296631
1745966908.355,54.754706144332886,1745966908.355,54.754706144332886,1745966908.355,54.754706144332886,1745966908.355,54.754706144332886
1745966908.619,55.01878547668457,1745966908.619,55.01878547668457,1745966908.619,55.01878547668457,1745966908.619,55.01878547668457
1745966908.883,55.283008337020874,1745966908.883,55.283008337020874,1745966908.883,55.283008337020874,1745966908.883,55.283008337020874
1745966909.147,55.54674935340881,1745966909.147,55.54674935340881,1745966909.147,55.54674935340881,1745966909.147,55.54674935340881
1745966909.395,55.7954158782959,1745966909.395,55.7954158782959,1745966909.395,55.7954158782959,1745966909.395,55.7954158782959
1745966909.655,56.05542755126953,1745966909.655,56.05542755126953,1745966909.655,56.05542755126953,1745966909.655,56.05542755126953
1745966909.921,56.321030378341675,1745966909.921,56.321030378341675,1745966909.921,56.321030378341675,1745966909.921,56.321030378341675
1745966910.184,56.58395600318909,1745966910.184,56.58395600318909,1745966910.184,56.58395600318909,1745966910.184,56.58395600318909
1745966910.445,56.84456729888916,1745966910.445,56.84456729888916,1745966910.445,56.84456729888916,1745966910.445,56.84456729888916
1745966910.706,57.10646605491638,1745966910.706,57.10646605491638,1745966910.706,57.10646605491638,1745966910.706,57.10646605491638
1745966910.957,57.356746196746826,1745966910.957,57.356746196746826,1745966910.957,57.356746196746826,1745966910.957,57.356746196746826
1745966911.217,57.61703658103943,1745966911.217,57.61703658103943,1745966911.217,57.61703658103943,1745966911.217,57.61703658103943
1745966911.478,57.877949237823486,1745966911.478,57.877949237823486,1745966911.478,57.877949237823486,1745966911.478,57.877949237823486
1745966911.743,58.143410444259644,1745966911.743,58.143410444259644,1745966911.743,58.143410444259644,1745966911.743,58.143410444259644
1745966912.004,58.404269218444824,1745966912.004,58.404269218444824,1745966912.004,58.404269218444824,1745966912.004,58.404269218444824
1745966912.254,58.6543083190918,1745966912.254,58.6543083190918,1745966912.254,58.6543083190918,1745966912.254,58.6543083190918
1745966912.499,58.89880418777466,1745966912.499,58.89880418777466,1745966912.499,58.89880418777466,1745966912.499,58.89880418777466
1745966912.767,59.16679286956787,1745966912.767,59.16679286956787,1745966912.767,59.16679286956787,1745966912.767,59.16679286956787
1745966913.03,59.42979192733765,1745966913.03,59.42979192733765,1745966913.03,59.42979192733765,1745966913.03,59.42979192733765
1745966913.294,59.69379258155823,1745966913.294,59.69379258155823,1745966913.294,59.69379258155823,1745966913.294,59.69379258155823
1745966913.557,59.95679259300232,1745966913.557,59.95679259300232,1745966913.557,59.95679259300232,1745966913.557,59.95679259300232
1745966913.821,60.22079300880432,1745966913.821,60.22079300880432,1745966913.821,60.22079300880432,1745966913.821,60.22079300880432
1745966914.083,60.4827926158905,1745966914.083,60.4827926158905,1745966914.083,60.4827926158905,1745966914.083,60.4827926158905
1745966914.347,60.746792793273926,1745966914.347,60.746792793273926,1745966914.347,60.746792793273926,1745966914.347,60.746792793273926
1745966914.609,61.008792877197266,1745966914.609,61.008792877197266,1745966914.609,61.008792877197266,1745966914.609,61.008792877197266
1745966914.873,61.273494720458984,1745966914.873,61.273494720458984,1745966914.873,61.273494720458984,1745966914.873,61.273494720458984
1745966915.121,61.52084803581238,1745966915.121,61.52084803581238,1745966915.121,61.52084803581238,1745966915.121,61.52084803581238
1745966915.396,61.796342611312866,1745966915.396,61.796342611312866,1745966915.396,61.796342611312866,1745966915.396,61.796342611312866
1745966915.645,62.04502296447754,1745966915.645,62.04502296447754,1745966915.645,62.04502296447754,1745966915.645,62.04502296447754
1745966915.909,62.30880546569824,1745966915.909,62.30880546569824,1745966915.909,62.30880546569824,1745966915.909,62.30880546569824
1745966916.173,62.57306361198425,1745966916.173,62.57306361198425,1745966916.173,62.57306361198425,1745966916.173,62.57306361198425
1745966916.435,62.83481526374817,1745966916.435,62.83481526374817,1745966916.435,62.83481526374817,1745966916.435,62.83481526374817
1745966916.698,63.097756147384644,1745966916.698,63.097756147384644,1745966916.698,63.097756147384644,1745966916.698,63.097756147384644
1745966916.963,63.36310911178589,1745966916.963,63.36310911178589,1745966916.963,63.36310911178589,1745966916.963,63.36310911178589
1745966917.239,63.63929224014282,1745966917.239,63.63929224014282,1745966917.239,63.63929224014282,1745966917.239,63.63929224014282
1745966917.486,63.88597345352173,1745966917.486,63.88597345352173,1745966917.486,63.88597345352173,1745966917.486,63.88597345352173
1745966917.735,64.1348078250885,1745966917.735,64.1348078250885,1745966917.735,64.1348078250885,1745966917.735,64.1348078250885
1745966917.997,64.39714431762695,1745966917.997,64.39714431762695,1745966917.997,64.39714431762695,1745966917.997,64.39714431762695
1745966918.245,64.64492273330688,1745966918.245,64.64492273330688,1745966918.245,64.64492273330688,1745966918.245,64.64492273330688
1745966918.522,64.92230200767517,1745966918.522,64.92230200767517,1745966918.522,64.92230200767517,1745966918.522,64.92230200767517
1745966918.783,65.18349385261536,1745966918.783,65.18349385261536,1745966918.783,65.18349385261536,1745966918.783,65.18349385261536
1745966919.03,65.43042874336243,1745966919.03,65.43042874336243,1745966919.03,65.43042874336243,1745966919.03,65.43042874336243
1745966919.277,65.67727065086365,1745966919.277,65.67727065086365,1745966919.277,65.67727065086365,1745966919.277,65.67727065086365
1745966919.527,65.92690134048462,1745966919.527,65.92690134048462,1745966919.527,65.92690134048462,1745966919.527,65.92690134048462
1745966919.804,66.203608751297,1745966919.804,66.203608751297,1745966919.804,66.203608751297,1745966919.804,66.203608751297
1745966920.052,66.45225095748901,1745966920.052,66.45225095748901,1745966920.052,66.45225095748901,1745966920.052,66.45225095748901
1745966920.298,66.69777536392212,1745966920.298,66.69777536392212,1745966920.298,66.69777536392212,1745966920.298,66.69777536392212
1745966920.547,66.94716691970825,1745966920.547,66.94716691970825,1745966920.547,66.94716691970825,1745966920.547,66.94716691970825
1745966920.811,67.21075177192688,1745966920.811,67.21075177192688,1745966920.811,67.21075177192688,1745966920.811,67.21075177192688
1745966921.056,67.45647263526917,1745966921.056,67.45647263526917,1745966921.056,67.45647263526917,1745966921.056,67.45647263526917
1745966921.323,67.7225227355957,1745966921.323,67.7225227355957,1745966921.323,67.7225227355957,1745966921.323,67.7225227355957
1745966921.591,67.99133634567261,1745966921.591,67.99133634567261,1745966921.591,67.99133634567261,1745966921.591,67.99133634567261
1745966921.86,68.26025366783142,1745966921.86,68.26025366783142,1745966921.86,68.26025366783142,1745966921.86,68.26025366783142
1745966922.121,68.52095913887024,1745966922.121,68.52095913887024,1745966922.121,68.52095913887024,1745966922.121,68.52095913887024
1745966922.371,68.77142906188965,1745966922.371,68.77142906188965,1745966922.371,68.77142906188965,1745966922.371,68.77142906188965
1745966922.606,69.00640416145325,1745966922.606,69.00640416145325,1745966922.606,69.00640416145325,1745966922.606,69.00640416145325
1745966922.866,69.2656786441803,1745966922.866,69.2656786441803,1745966922.866,69.2656786441803,1745966922.866,69.2656786441803
1745966923.124,69.52442216873169,1745966923.124,69.52442216873169,1745966923.124,69.52442216873169,1745966923.124,69.52442216873169
1745966923.388,69.78835463523865,1745966923.388,69.78835463523865,1745966923.388,69.78835463523865,1745966923.388,69.78835463523865
1745966923.65,70.04996919631958,1745966923.65,70.04996919631958,1745966923.65,70.04996919631958,1745966923.65,70.04996919631958
1745966923.897,70.29683113098145,1745966923.897,70.29683113098145,1745966923.897,70.29683113098145,1745966923.897,70.29683113098145
1745966924.161,70.56090760231018,1745966924.161,70.56090760231018,1745966924.161,70.56090760231018,1745966924.161,70.56090760231018
1745966924.407,70.8070330619812,1745966924.407,70.8070330619812,1745966924.407,70.8070330619812,1745966924.407,70.8070330619812
1745966924.643,71.0430417060852,1745966924.643,71.0430417060852,1745966924.643,71.0430417060852,1745966924.643,71.0430417060852
1745966924.903,71.3032500743866,1745966924.903,71.3032500743866,1745966924.903,71.3032500743866,1745966924.903,71.3032500743866
1745966925.153,71.55282616615295,1745966925.153,71.55282616615295,1745966925.153,71.55282616615295,1745966925.153,71.55282616615295
1745966925.402,71.80223751068115,1745966925.402,71.80223751068115,1745966925.402,71.80223751068115,1745966925.402,71.80223751068115
1745966925.657,72.05710434913635,1745966925.657,72.05710434913635,1745966925.657,72.05710434913635,1745966925.657,72.05710434913635
1745966925.924,72.32448434829712,1745966925.924,72.32448434829712,1745966925.924,72.32448434829712,1745966925.924,72.32448434829712
1745966926.187,72.58687448501587,1745966926.187,72.58687448501587,1745966926.187,72.58687448501587,1745966926.187,72.58687448501587
1745966926.452,72.8517210483551,1745966926.452,72.8517210483551,1745966926.452,72.8517210483551,1745966926.452,72.8517210483551
1745966926.715,73.11518335342407,1745966926.715,73.11518335342407,1745966926.715,73.11518335342407,1745966926.715,73.11518335342407
1745966926.979,73.37947630882263,1745966926.979,73.37947630882263,1745966926.979,73.37947630882263,1745966926.979,73.37947630882263
1745966927.242,73.64239311218262,1745966927.242,73.64239311218262,1745966927.242,73.64239311218262,1745966927.242,73.64239311218262
1745966927.507,73.90722584724426,1745966927.507,73.90722584724426,1745966927.507,73.90722584724426,1745966927.507,73.90722584724426
1745966927.742,74.14227199554443,1745966927.742,74.14227199554443,1745966927.742,74.14227199554443,1745966927.742,74.14227199554443
1745966928.004,74.40375542640686,1745966928.004,74.40375542640686,1745966928.004,74.40375542640686,1745966928.004,74.40375542640686
1745966928.254,74.65382885932922,1745966928.254,74.65382885932922,1745966928.254,74.65382885932922,1745966928.254,74.65382885932922
1745966928.515,74.914719581604,1745966928.515,74.914719581604,1745966928.515,74.914719581604,1745966928.515,74.914719581604
1745966928.76,75.1603524684906,1745966928.76,75.1603524684906,1745966928.76,75.1603524684906,1745966928.76,75.1603524684906
1745966929.025,75.42474317550659,1745966929.025,75.42474317550659,1745966929.025,75.42474317550659,1745966929.025,75.42474317550659
1745966929.288,75.68849492073059,1745966929.288,75.68849492073059,1745966929.288,75.68849492073059,1745966929.288,75.68849492073059
1745966929.535,75.93551278114319,1745966929.535,75.93551278114319,1745966929.535,75.93551278114319,1745966929.535,75.93551278114319
1745966929.799,76.19860792160034,1745966929.799,76.19860792160034,1745966929.799,76.19860792160034,1745966929.799,76.19860792160034
1745966930.064,76.46441149711609,1745966930.064,76.46441149711609,1745966930.064,76.46441149711609,1745966930.064,76.46441149711609
1745966930.326,76.7264096736908,1745966930.326,76.7264096736908,1745966930.326,76.7264096736908,1745966930.326,76.7264096736908
1745966930.603,77.00256657600403,1745966930.603,77.00256657600403,1745966930.603,77.00256657600403,1745966930.603,77.00256657600403
1745966930.851,77.25075387954712,1745966930.851,77.25075387954712,1745966930.851,77.25075387954712,1745966930.851,77.25075387954712
1745966931.111,77.51090836524963,1745966931.111,77.51090836524963,1745966931.111,77.51090836524963,1745966931.111,77.51090836524963
1745966931.36,77.75955605506897,1745966931.36,77.75955605506897,1745966931.36,77.75955605506897,1745966931.36,77.75955605506897
1745966931.622,78.02155756950378,1745966931.622,78.02155756950378,1745966931.622,78.02155756950378,1745966931.622,78.02155756950378
1745966931.891,78.29056000709534,1745966931.891,78.29056000709534,1745966931.891,78.29056000709534,1745966931.891,78.29056000709534
1745966932.138,78.5381247997284,1745966932.138,78.5381247997284,1745966932.138,78.5381247997284,1745966932.138,78.5381247997284
1745966932.402,78.8021228313446,1745966932.402,78.8021228313446,1745966932.402,78.8021228313446,1745966932.402,78.8021228313446
1745966932.65,79.05009055137634,1745966932.65,79.05009055137634,1745966932.65,79.05009055137634,1745966932.65,79.05009055137634
1745966932.908,79.3084363937378,1745966932.908,79.3084363937378,1745966932.908,79.3084363937378,1745966932.908,79.3084363937378
1745966933.156,79.55644059181213,1745966933.156,79.55644059181213,1745966933.156,79.55644059181213,1745966933.156,79.55644059181213
1745966933.402,79.8024034500122,1745966933.402,79.8024034500122,1745966933.402,79.8024034500122,1745966933.402,79.8024034500122
1745966933.679,80.07862424850464,1745966933.679,80.07862424850464,1745966933.679,80.07862424850464,1745966933.679,80.07862424850464
1745966933.941,80.34104323387146,1745966933.941,80.34104323387146,1745966933.941,80.34104323387146,1745966933.941,80.34104323387146
1745966934.202,80.60233783721924,1745966934.202,80.60233783721924,1745966934.202,80.60233783721924,1745966934.202,80.60233783721924
1745966934.463,80.86290383338928,1745966934.463,80.86290383338928,1745966934.463,80.86290383338928,1745966934.463,80.86290383338928
1745966934.74,81.14037656784058,1745966934.74,81.14037656784058,1745966934.74,81.14037656784058,1745966934.74,81.14037656784058
1745966935.003,81.40344285964966,1745966935.003,81.40344285964966,1745966935.003,81.40344285964966,1745966935.003,81.40344285964966
1745966935.268,81.66767644882202,1745966935.268,81.66767644882202,1745966935.268,81.66767644882202,1745966935.268,81.66767644882202
1745966935.531,81.93061065673828,1745966935.531,81.93061065673828,1745966935.531,81.93061065673828,1745966935.531,81.93061065673828
1745966935.769,82.16878819465637,1745966935.769,82.16878819465637,1745966935.769,82.16878819465637,1745966935.769,82.16878819465637
1745966936.01,82.41040802001953,1745966936.01,82.41040802001953,1745966936.01,82.41040802001953,1745966936.01,82.41040802001953
1745966936.287,82.68731689453125,1745966936.287,82.68731689453125,1745966936.287,82.68731689453125,1745966936.287,82.68731689453125
1745966936.534,82.93407678604126,1745966936.534,82.93407678604126,1745966936.534,82.93407678604126,1745966936.534,82.93407678604126
1745966936.765,83.16470623016357,1745966936.765,83.16470623016357,1745966936.765,83.16470623016357,1745966936.765,83.16470623016357
1745966937.01,83.41024589538574,1745966937.01,83.41024589538574,1745966937.01,83.41024589538574,1745966937.01,83.41024589538574
1745966937.286,83.68601608276367,1745966937.286,83.68601608276367,1745966937.286,83.68601608276367,1745966937.286,83.68601608276367
1745966937.537,83.93668413162231,1745966937.537,83.93668413162231,1745966937.537,83.93668413162231,1745966937.537,83.93668413162231
1745966937.785,84.18543457984924,1745966937.785,84.18543457984924,1745966937.785,84.18543457984924,1745966937.785,84.18543457984924
1745966938.032,84.43244194984436,1745966938.032,84.43244194984436,1745966938.032,84.43244194984436,1745966938.032,84.43244194984436
1745966938.295,84.69489669799805,1745966938.295,84.69489669799805,1745966938.295,84.69489669799805,1745966938.295,84.69489669799805
1745966938.559,84.9586832523346,1745966938.559,84.9586832523346,1745966938.559,84.9586832523346,1745966938.559,84.9586832523346
1745966938.821,85.22120094299316,1745966938.821,85.22120094299316,1745966938.821,85.22120094299316,1745966938.821,85.22120094299316
1745966939.081,85.48149609565735,1745966939.081,85.48149609565735,1745966939.081,85.48149609565735,1745966939.081,85.48149609565735
1745966939.343,85.7428719997406,1745966939.343,85.7428719997406,1745966939.343,85.7428719997406,1745966939.343,85.7428719997406
1745966939.606,86.00600671768188,1745966939.606,86.00600671768188,1745966939.606,86.00600671768188,1745966939.606,86.00600671768188
1745966939.869,86.26941442489624,1745966939.869,86.26941442489624,1745966939.869,86.26941442489624,1745966939.869,86.26941442489624
1745966940.131,86.531405210495,1745966940.131,86.531405210495,1745966940.131,86.531405210495,1745966940.131,86.531405210495
1745966940.381,86.78078317642212,1745966940.381,86.78078317642212,1745966940.381,86.78078317642212,1745966940.381,86.78078317642212
1745966940.628,87.02761006355286,1745966940.628,87.02761006355286,1745966940.628,87.02761006355286,1745966940.628,87.02761006355286
1745966940.873,87.27324223518372,1745966940.873,87.27324223518372,1745966940.873,87.27324223518372,1745966940.873,87.27324223518372
1745966941.121,87.52069878578186,1745966941.121,87.52069878578186,1745966941.121,87.52069878578186,1745966941.121,87.52069878578186
1745966941.396,87.79617214202881,1745966941.396,87.79617214202881,1745966941.396,87.79617214202881,1745966941.396,87.79617214202881
1745966941.66,88.05968904495239,1745966941.66,88.05968904495239,1745966941.66,88.05968904495239,1745966941.66,88.05968904495239
1745966941.907,88.30718207359314,1745966941.907,88.30718207359314,1745966941.907,88.30718207359314,1745966941.907,88.30718207359314
1745966942.137,88.53681349754333,1745966942.137,88.53681349754333,1745966942.137,88.53681349754333,1745966942.137,88.53681349754333
1745966942.386,88.78614544868469,1745966942.386,88.78614544868469,1745966942.386,88.78614544868469,1745966942.386,88.78614544868469
1745966942.65,89.04983973503113,1745966942.65,89.04983973503113,1745966942.65,89.04983973503113,1745966942.65,89.04983973503113
1745966942.912,89.31200051307678,1745966942.912,89.31200051307678,1745966942.912,89.31200051307678,1745966942.912,89.31200051307678
1745966943.16,89.56022119522095,1745966943.16,89.56022119522095,1745966943.16,89.56022119522095,1745966943.16,89.56022119522095
1745966943.406,89.80644726753235,1745966943.406,89.80644726753235,1745966943.406,89.80644726753235,1745966943.406,89.80644726753235
1745966943.657,90.0566976070404,1745966943.657,90.0566976070404,1745966943.657,90.0566976070404,1745966943.657,90.0566976070404
1745966943.919,90.31925225257874,1745966943.919,90.31925225257874,1745966943.919,90.31925225257874,1745966943.919,90.31925225257874
1745966944.166,90.56616139411926,1745966944.166,90.56616139411926,1745966944.166,90.56616139411926,1745966944.166,90.56616139411926
1745966944.447,90.84702348709106,1745966944.447,90.84702348709106,1745966944.447,90.84702348709106,1745966944.447,90.84702348709106
1745966944.695,91.0950059890747,1745966944.695,91.0950059890747,1745966944.695,91.0950059890747,1745966944.695,91.0950059890747
1745966944.944,91.34439635276794,1745966944.944,91.34439635276794,1745966944.944,91.34439635276794,1745966944.944,91.34439635276794
1745966945.208,91.60846710205078,1745966945.208,91.60846710205078,1745966945.208,91.60846710205078,1745966945.208,91.60846710205078
1745966945.468,91.86760306358337,1745966945.468,91.86760306358337,1745966945.468,91.86760306358337,1745966945.468,91.86760306358337
1745966945.716,92.11558389663696,1745966945.716,92.11558389663696,1745966945.716,92.11558389663696,1745966945.716,92.11558389663696
1745966945.966,92.36608743667603,1745966945.966,92.36608743667603,1745966945.966,92.36608743667603,1745966945.966,92.36608743667603
1745966946.23,92.62962031364441,1745966946.23,92.62962031364441,1745966946.23,92.62962031364441,1745966946.23,92.62962031364441
1745966946.493,92.89337205886841,1745966946.493,92.89337205886841,1745966946.493,92.89337205886841,1745966946.493,92.89337205886841
1745966946.756,93.15565371513367,1745966946.756,93.15565371513367,1745966946.756,93.15565371513367,1745966946.756,93.15565371513367
1745966946.987,93.38721060752869,1745966946.987,93.38721060752869,1745966946.987,93.38721060752869,1745966946.987,93.38721060752869
1745966947.25,93.64993977546692,1745966947.25,93.64993977546692,1745966947.25,93.64993977546692,1745966947.25,93.64993977546692
1745966947.515,93.9145450592041,1745966947.515,93.9145450592041,1745966947.515,93.9145450592041,1745966947.515,93.9145450592041
1745966947.779,94.17908525466919,1745966947.779,94.17908525466919,1745966947.779,94.17908525466919,1745966947.779,94.17908525466919
1745966948.041,94.44053673744202,1745966948.041,94.44053673744202,1745966948.041,94.44053673744202,1745966948.041,94.44053673744202
1745966948.271,94.67139077186584,1745966948.271,94.67139077186584,1745966948.271,94.67139077186584,1745966948.271,94.67139077186584
1745966948.535,94.93478322029114,1745966948.535,94.93478322029114,1745966948.535,94.93478322029114,1745966948.535,94.93478322029114
1745966948.797,95.19682312011719,1745966948.797,95.19682312011719,1745966948.797,95.19682312011719,1745966948.797,95.19682312011719
1745966949.058,95.45823287963867,1745966949.058,95.45823287963867,1745966949.058,95.45823287963867,1745966949.058,95.45823287963867
1745966949.324,95.72446727752686,1745966949.324,95.72446727752686,1745966949.324,95.72446727752686,1745966949.324,95.72446727752686
1745966949.59,95.98996639251709,1745966949.59,95.98996639251709,1745966949.59,95.98996639251709,1745966949.59,95.98996639251709
1745966949.854,96.25417685508728,1745966949.854,96.25417685508728,1745966949.854,96.25417685508728,1745966949.854,96.25417685508728
1745966950.117,96.5171766281128,1745966950.117,96.5171766281128,1745966950.117,96.5171766281128,1745966950.117,96.5171766281128
1745966950.365,96.76492023468018,1745966950.365,96.76492023468018,1745966950.365,96.76492023468018,1745966950.365,96.76492023468018
1745966950.628,97.02791857719421,1745966950.628,97.02791857719421,1745966950.628,97.02791857719421,1745966950.628,97.02791857719421
1745966950.891,97.29091882705688,1745966950.891,97.29091882705688,1745966950.891,97.29091882705688,1745966950.891,97.29091882705688
1745966951.155,97.55491971969604,1745966951.155,97.55491971969604,1745966951.155,97.55491971969604,1745966951.155,97.55491971969604
1745966951.42,97.81995463371277,1745966951.42,97.81995463371277,1745966951.42,97.81995463371277,1745966951.42,97.81995463371277
1745966951.669,98.06892037391663,1745966951.669,98.06892037391663,1745966951.669,98.06892037391663,1745966951.669,98.06892037391663
1745966951.918,98.31792283058167,1745966951.918,98.31792283058167,1745966951.918,98.31792283058167,1745966951.918,98.31792283058167
1745966952.182,98.58192133903503,1745966952.182,98.58192133903503,1745966952.182,98.58192133903503,1745966952.182,98.58192133903503
1745966952.446,98.8459529876709,1745966952.446,98.8459529876709,1745966952.446,98.8459529876709,1745966952.446,98.8459529876709
1745966952.708,99.10820770263672,1745966952.708,99.10820770263672,1745966952.708,99.10820770263672,1745966952.708,99.10820770263672
1745966952.972,99.3723132610321,1745966952.972,99.3723132610321,1745966952.972,99.3723132610321,1745966952.972,99.3723132610321
1745966953.221,99.62146663665771,1745966953.221,99.62146663665771,1745966953.221,99.62146663665771,1745966953.221,99.62146663665771
1745966953.483,99.88253545761108,1745966953.483,99.88253545761108,1745966953.483,99.88253545761108,1745966953.483,99.88253545761108
1745966953.743,100.14293813705444,1745966953.743,100.14293813705444,1745966953.743,100.14293813705444,1745966953.743,100.14293813705444
1745966954.006,100.40603709220886,1745966954.006,100.40603709220886,1745966954.006,100.40603709220886,1745966954.006,100.40603709220886
1745966954.257,100.65719509124756,1745966954.257,100.65719509124756,1745966954.257,100.65719509124756,1745966954.257,100.65719509124756
1745966954.52,100.91967463493347,1745966954.52,100.91967463493347,1745966954.52,100.91967463493347,1745966954.52,100.91967463493347
1745966954.78,101.18031573295593,1745966954.78,101.18031573295593,1745966954.78,101.18031573295593,1745966954.78,101.18031573295593
1745966955.016,101.41589713096619,1745966955.016,101.41589713096619,1745966955.016,101.41589713096619,1745966955.016,101.41589713096619
1745966955.289,101.68871569633484,1745966955.289,101.68871569633484,1745966955.289,101.68871569633484,1745966955.289,101.68871569633484
1745966955.539,101.93862915039062,1745966955.539,101.93862915039062,1745966955.539,101.93862915039062,1745966955.539,101.93862915039062
1745966955.801,102.20147562026978,1745966955.801,102.20147562026978,1745966955.801,102.20147562026978,1745966955.801,102.20147562026978
1745966956.051,102.45145106315613,1745966956.051,102.45145106315613,1745966956.051,102.45145106315613,1745966956.051,102.45145106315613
1745966956.315,102.7153480052948,1745966956.315,102.7153480052948,1745966956.315,102.7153480052948,1745966956.315,102.7153480052948
1745966956.58,102.98034310340881,1745966956.58,102.98034310340881,1745966956.58,102.98034310340881,1745966956.58,102.98034310340881
1745966956.832,103.2323408126831,1745966956.832,103.2323408126831,1745966956.832,103.2323408126831,1745966956.832,103.2323408126831
1745966957.095,103.49534177780151,1745966957.095,103.49534177780151,1745966957.095,103.49534177780151,1745966957.095,103.49534177780151
1745966957.36,103.76019597053528,1745966957.36,103.76019597053528,1745966957.36,103.76019597053528,1745966957.36,103.76019597053528
1745966957.624,104.02415990829468,1745966957.624,104.02415990829468,1745966957.624,104.02415990829468,1745966957.624,104.02415990829468
1745966957.874,104.27418732643127,1745966957.874,104.27418732643127,1745966957.874,104.27418732643127,1745966957.874,104.27418732643127
1745966958.109,104.50922012329102,1745966958.109,104.50922012329102,1745966958.109,104.50922012329102,1745966958.109,104.50922012329102
1745966958.372,104.7721598148346,1745966958.372,104.7721598148346,1745966958.372,104.7721598148346,1745966958.372,104.7721598148346
1745966958.622,105.02219557762146,1745966958.622,105.02219557762146,1745966958.622,105.02219557762146,1745966958.622,105.02219557762146
1745966958.884,105.28419661521912,1745966958.884,105.28419661521912,1745966958.884,105.28419661521912,1745966958.884,105.28419661521912
1745966959.125,105.52516198158264,1745966959.125,105.52516198158264,1745966959.125,105.52516198158264,1745966959.125,105.52516198158264
1745966959.366,105.76643872261047,1745966959.366,105.76643872261047,1745966959.366,105.76643872261047,1745966959.366,105.76643872261047
1745966959.63,106.0299026966095,1745966959.63,106.0299026966095,1745966959.63,106.0299026966095,1745966959.63,106.0299026966095
1745966959.895,106.29479169845581,1745966959.895,106.29479169845581,1745966959.895,106.29479169845581,1745966959.895,106.29479169845581
1745966960.147,106.54657649993896,1745966960.147,106.54657649993896,1745966960.147,106.54657649993896,1745966960.147,106.54657649993896
1745966960.402,106.80172610282898,1745966960.402,106.80172610282898,1745966960.402,106.80172610282898,1745966960.402,106.80172610282898
1745966960.665,107.06506109237671,1745966960.665,107.06506109237671,1745966960.665,107.06506109237671,1745966960.665,107.06506109237671
1745966960.928,107.32824110984802,1745966960.928,107.32824110984802,1745966960.928,107.32824110984802,1745966960.928,107.32824110984802
1745966961.19,107.59000277519226,1745966961.19,107.59000277519226,1745966961.19,107.59000277519226,1745966961.19,107.59000277519226
1745966961.452,107.8516252040863,1745966961.452,107.8516252040863,1745966961.452,107.8516252040863,1745966961.452,107.8516252040863
1745966961.716,108.1163763999939,1745966961.716,108.1163763999939,1745966961.716,108.1163763999939,1745966961.716,108.1163763999939
1745966961.978,108.37802219390869,1745966961.978,108.37802219390869,1745966961.978,108.37802219390869,1745966961.978,108.37802219390869
1745966962.224,108.62422204017639,1745966962.224,108.62422204017639,1745966962.224,108.62422204017639,1745966962.224,108.62422204017639
1745966962.49,108.88965058326721,1745966962.49,108.88965058326721,1745966962.49,108.88965058326721,1745966962.49,108.88965058326721
1745966962.754,109.15444707870483,1745966962.754,109.15444707870483,1745966962.754,109.15444707870483,1745966962.754,109.15444707870483
1745966963.016,109.41567635536194,1745966963.016,109.41567635536194,1745966963.016,109.41567635536194,1745966963.016,109.41567635536194
1745966963.277,109.67667484283447,1745966963.277,109.67667484283447,1745966963.277,109.67667484283447,1745966963.277,109.67667484283447
1745966963.541,109.94070196151733,1745966963.541,109.94070196151733,1745966963.541,109.94070196151733,1745966963.541,109.94070196151733
1745966963.791,110.19103479385376,1745966963.791,110.19103479385376,1745966963.791,110.19103479385376,1745966963.791,110.19103479385376
1745966964.053,110.45300841331482,1745966964.053,110.45300841331482,1745966964.053,110.45300841331482,1745966964.053,110.45300841331482
1745966964.319,110.71900749206543,1745966964.319,110.71900749206543,1745966964.319,110.71900749206543,1745966964.319,110.71900749206543
1745966964.569,110.96903395652771,1745966964.569,110.96903395652771,1745966964.569,110.96903395652771,1745966964.569,110.96903395652771
1745966964.831,111.23104572296143,1745966964.831,111.23104572296143,1745966964.831,111.23104572296143,1745966964.831,111.23104572296143
1745966965.096,111.49604296684265,1745966965.096,111.49604296684265,1745966965.096,111.49604296684265,1745966965.096,111.49604296684265
1745966965.359,111.75904488563538,1745966965.359,111.75904488563538,1745966965.359,111.75904488563538,1745966965.359,111.75904488563538
1745966965.625,112.02513647079468,1745966965.625,112.02513647079468,1745966965.625,112.02513647079468,1745966965.625,112.02513647079468
1745966965.888,112.28838086128235,1745966965.888,112.28838086128235,1745966965.888,112.28838086128235,1745966965.888,112.28838086128235
1745966966.149,112.54902052879333,1745966966.149,112.54902052879333,1745966966.149,112.54902052879333,1745966966.149,112.54902052879333
1745966966.396,112.79592728614807,1745966966.396,112.79592728614807,1745966966.396,112.79592728614807,1745966966.396,112.79592728614807
1745966966.659,113.05904984474182,1745966966.659,113.05904984474182,1745966966.659,113.05904984474182,1745966966.659,113.05904984474182
1745966966.906,113.30629682540894,1745966966.906,113.30629682540894,1745966966.906,113.30629682540894,1745966966.906,113.30629682540894
1745966967.168,113.56785941123962,1745966967.168,113.56785941123962,1745966967.168,113.56785941123962,1745966967.168,113.56785941123962
1745966967.444,113.84405016899109,1745966967.444,113.84405016899109,1745966967.444,113.84405016899109,1745966967.444,113.84405016899109
1745966967.708,114.10776424407959,1745966967.708,114.10776424407959,1745966967.708,114.10776424407959,1745966967.708,114.10776424407959
1745966967.971,114.37103605270386,1745966967.971,114.37103605270386,1745966967.971,114.37103605270386,1745966967.971,114.37103605270386
1745966968.233,114.63346242904663,1745966968.233,114.63346242904663,1745966968.233,114.63346242904663,1745966968.233,114.63346242904663
1745966968.496,114.89607787132263,1745966968.496,114.89607787132263,1745966968.496,114.89607787132263,1745966968.496,114.89607787132263
1745966968.76,115.16046404838562,1745966968.76,115.16046404838562,1745966968.76,115.16046404838562,1745966968.76,115.16046404838562
1745966969.037,115.43712043762207,1745966969.037,115.43712043762207,1745966969.037,115.43712043762207,1745966969.037,115.43712043762207
1745966969.299,115.6991856098175,1745966969.299,115.6991856098175,1745966969.299,115.6991856098175,1745966969.299,115.6991856098175
1745966969.559,115.95928382873535,1745966969.559,115.95928382873535,1745966969.559,115.95928382873535,1745966969.559,115.95928382873535
1745966969.837,116.23690891265869,1745966969.837,116.23690891265869,1745966969.837,116.23690891265869,1745966969.837,116.23690891265869
1745966970.099,116.49949336051941,1745966970.099,116.49949336051941,1745966970.099,116.49949336051941,1745966970.099,116.49949336051941
1745966970.346,116.74644780158997,1745966970.346,116.74644780158997,1745966970.346,116.74644780158997,1745966970.346,116.74644780158997
1745966970.608,117.00810933113098,1745966970.608,117.00810933113098,1745966970.608,117.00810933113098,1745966970.608,117.00810933113098
1745966970.873,117.27265286445618,1745966970.873,117.27265286445618,1745966970.873,117.27265286445618,1745966970.873,117.27265286445618
1745966971.148,117.5483226776123,1745966971.148,117.5483226776123,1745966971.148,117.5483226776123,1745966971.148,117.5483226776123
1745966971.397,117.796804189682,1745966971.397,117.796804189682,1745966971.397,117.796804189682,1745966971.397,117.796804189682
1745966971.659,118.05922746658325,1745966971.659,118.05922746658325,1745966971.659,118.05922746658325,1745966971.659,118.05922746658325
1745966971.922,118.32162618637085,1745966971.922,118.32162618637085,1745966971.922,118.32162618637085,1745966971.922,118.32162618637085
1745966972.184,118.58375597000122,1745966972.184,118.58375597000122,1745966972.184,118.58375597000122,1745966972.184,118.58375597000122
1745966972.447,118.84667873382568,1745966972.447,118.84667873382568,1745966972.447,118.84667873382568,1745966972.447,118.84667873382568
1745966972.71,119.11013770103455,1745966972.71,119.11013770103455,1745966972.71,119.11013770103455,1745966972.71,119.11013770103455
1745966972.961,119.36088252067566,1745966972.961,119.36088252067566,1745966972.961,119.36088252067566,1745966972.961,119.36088252067566
1745966973.226,119.62568426132202,1745966973.226,119.62568426132202,1745966973.226,119.62568426132202,1745966973.226,119.62568426132202
1745966973.474,119.87422823905945,1745966973.474,119.87422823905945,1745966973.474,119.87422823905945,1745966973.474,119.87422823905945
1745966973.737,120.13684177398682,1745966973.737,120.13684177398682,1745966973.737,120.13684177398682,1745966973.737,120.13684177398682
1745966973.985,120.38500642776489,1745966973.985,120.38500642776489,1745966973.985,120.38500642776489,1745966973.985,120.38500642776489
1745966974.25,120.65028524398804,1745966974.25,120.65028524398804,1745966974.25,120.65028524398804,1745966974.25,120.65028524398804
1745966974.521,120.92112016677856,1745966974.521,120.92119836807251,1745966974.521,120.92119836807251,1745966974.521,120.92119836807251
1745966974.762,121.16179394721985,1745966974.762,121.16179394721985,1745966974.762,121.16179394721985,1745966974.762,121.16179394721985
1745966975.039,121.43913578987122,1745966975.039,121.43913578987122,1745966975.039,121.43913578987122,1745966975.039,121.43913578987122
1745966975.279,121.67904162406921,1745966975.279,121.67904162406921,1745966975.279,121.67904162406921,1745966975.279,121.67904162406921
1745966975.538,121.93812155723572,1745966975.538,121.93812155723572,1745966975.538,121.93812155723572,1745966975.538,121.93812155723572
1745966975.786,122.18598818778992,1745966975.786,122.18598818778992,1745966975.786,122.18598818778992,1745966975.786,122.18598818778992
1745966976.035,122.43537259101868,1745966976.035,122.43537259101868,1745966976.035,122.43537259101868,1745966976.035,122.43537259101868
1745966976.285,122.68469166755676,1745966976.285,122.68469166755676,1745966976.285,122.68469166755676,1745966976.285,122.68469166755676
1745966976.548,122.9479513168335,1745966976.548,122.9479513168335,1745966976.548,122.9479513168335,1745966976.548,122.9479513168335
1745966976.811,123.21148204803467,1745966976.811,123.21148204803467,1745966976.811,123.21148204803467,1745966976.811,123.21148204803467
1745966977.075,123.47529864311218,1745966977.075,123.47529864311218,1745966977.075,123.47529864311218,1745966977.075,123.47529864311218
1745966977.312,123.71181035041809,1745966977.312,123.71181035041809,1745966977.312,123.71181035041809,1745966977.312,123.71181035041809
1745966977.573,123.97283101081848,1745966977.573,123.97283101081848,1745966977.573,123.97283101081848,1745966977.573,123.97283101081848
1745966977.836,124.23589086532593,1745966977.836,124.23589086532593,1745966977.836,124.23589086532593,1745966977.836,124.23589086532593
1745966978.098,124.4985020160675,1745966978.098,124.4985020160675,1745966978.098,124.4985020160675,1745966978.098,124.4985020160675
1745966978.345,124.74518156051636,1745966978.345,124.74518156051636,1745966978.345,124.74518156051636,1745966978.345,124.74518156051636
1745966978.593,124.99304628372192,1745966978.593,124.99304628372192,1745966978.593,124.99304628372192,1745966978.593,124.99304628372192
1745966978.855,125.25459814071655,1745966978.855,125.25459814071655,1745966978.855,125.25459814071655,1745966978.855,125.25459814071655
1745966979.132,125.53181219100952,1745966979.132,125.53181219100952,1745966979.132,125.53181219100952,1745966979.132,125.53181219100952
1745966979.38,125.77999782562256,1745966979.38,125.77999782562256,1745966979.38,125.77999782562256,1745966979.38,125.77999782562256
1745966979.644,126.04426527023315,1745966979.644,126.04426527023315,1745966979.644,126.04426527023315,1745966979.644,126.04426527023315
1745966979.894,126.29434943199158,1745966979.894,126.29434943199158,1745966979.894,126.29434943199158,1745966979.894,126.29434943199158
1745966980.157,126.55689597129822,1745966980.157,126.55689597129822,1745966980.157,126.55689597129822,1745966980.157,126.55689597129822
1745966980.391,126.79107522964478,1745966980.391,126.79107522964478,1745966980.391,126.79107522964478,1745966980.391,126.79107522964478
1745966980.65,127.05012130737305,1745966980.65,127.05012130737305,1745966980.65,127.05012130737305,1745966980.65,127.05012130737305
1745966980.929,127.32919907569885,1745966980.929,127.32919907569885,1745966980.929,127.32919907569885,1745966980.929,127.32919907569885
1745966981.191,127.5913758277893,1745966981.191,127.5913758277893,1745966981.191,127.5913758277893,1745966981.191,127.5913758277893
1745966981.453,127.85337519645691,1745966981.453,127.85337519645691,1745966981.453,127.85337519645691,1745966981.453,127.85337519645691
1745966981.718,128.11837434768677,1745966981.718,128.11837434768677,1745966981.718,128.11837434768677,1745966981.718,128.11837434768677
1745966981.983,128.38337516784668,1745966981.983,128.38337516784668,1745966981.983,128.38337516784668,1745966981.983,128.38337516784668
1745966982.244,128.64437532424927,1745966982.244,128.64437532424927,1745966982.244,128.64437532424927,1745966982.244,128.64437532424927
1745966982.51,128.91037487983704,1745966982.51,128.91037487983704,1745966982.51,128.91037487983704,1745966982.51,128.91037487983704
