timestamp,time,timestamp6,time2,timestamp2,time3,timestamp3,time9
1745966985.247,0.04598855972290039,1745966985.247,0.04598855972290039,1745966985.247,0.04598855972290039,1745966985.247,0.04598855972290039
1745966985.508,0.3069887161254883,1745966985.508,0.3069887161254883,1745966985.508,0.3069887161254883,1745966985.508,0.3069887161254883
1745966985.771,0.5699880123138428,1745966985.771,0.5699880123138428,1745966985.771,0.5699880123138428,1745966985.771,0.5699880123138428
1745966986.02,0.818988561630249,1745966986.02,0.818988561630249,1745966986.02,0.818988561630249,1745966986.02,0.818988561630249
1745966986.283,1.081986904144287,1745966986.283,1.081986904144287,1745966986.283,1.081986904144287,1745966986.283,1.081986904144287
1745966986.546,1.3449876308441162,1745966986.546,1.3449876308441162,1745966986.546,1.3449876308441162,1745966986.546,1.3449876308441162
1745966986.809,1.6080305576324463,1745966986.809,1.6080305576324463,1745966986.809,1.6080305576324463,1745966986.809,1.6080305576324463
1745966987.069,1.8679893016815186,1745966987.069,1.8679893016815186,1745966987.069,1.8679893016815186,1745966987.069,1.8679893016815186
1745966987.321,2.1203360557556152,1745966987.321,2.1203360557556152,1745966987.321,2.1203360557556152,1745966987.321,2.1203360557556152
1745966987.582,2.381347179412842,1745966987.582,2.381347179412842,1745966987.582,2.381347179412842,1745966987.582,2.381347179412842
1745966987.828,2.6274068355560303,1745966987.828,2.6274068355560303,1745966987.828,2.6274068355560303,1745966987.828,2.6274068355560303
1745966988.09,2.889543294906616,1745966988.09,2.889543294906616,1745966988.09,2.889543294906616,1745966988.09,2.889543294906616
1745966988.368,3.1673665046691895,1745966988.368,3.1673665046691895,1745966988.368,3.1673665046691895,1745966988.368,3.1673665046691895
1745966988.616,3.415590286254883,1745966988.616,3.415590286254883,1745966988.616,3.415590286254883,1745966988.616,3.415590286254883
1745966988.88,3.6789023876190186,1745966988.88,3.6789023876190186,1745966988.88,3.6789023876190186,1745966988.88,3.6789023876190186
1745966989.143,3.9421823024749756,1745966989.143,3.9421823024749756,1745966989.143,3.9421823024749756,1745966989.143,3.9421823024749756
1745966989.406,4.204656600952148,1745966989.406,4.204656600952148,1745966989.406,4.204656600952148,1745966989.406,4.204656600952148
1745966989.651,4.450558423995972,1745966989.651,4.450558423995972,1745966989.651,4.450558423995972,1745966989.651,4.450558423995972
1745966989.931,4.729648590087891,1745966989.931,4.729648590087891,1745966989.931,4.729648590087891,1745966989.931,4.729648590087891
1745966990.184,4.982834815979004,1745966990.184,4.982834815979004,1745966990.184,4.982834815979004,1745966990.184,4.982834815979004
1745966990.455,5.254349708557129,1745966990.455,5.254349708557129,1745966990.455,5.254349708557129,1745966990.455,5.254349708557129
1745966990.718,5.516763925552368,1745966990.718,5.516763925552368,1745966990.718,5.516763925552368,1745966990.718,5.516763925552368
1745966990.978,5.7771522998809814,1745966990.978,5.7771522998809814,1745966990.978,5.7771522998809814,1745966990.978,5.7771522998809814
1745966991.226,6.0251994132995605,1745966991.226,6.0251994132995605,1745966991.226,6.0251994132995605,1745966991.226,6.0251994132995605
1745966991.475,6.274470329284668,1745966991.475,6.274470329284668,1745966991.475,6.274470329284668,1745966991.475,6.274470329284668
1745966991.739,6.538150787353516,1745966991.739,6.538150787353516,1745966991.739,6.538150787353516,1745966991.739,6.538150787353516
1745966992.004,6.803358554840088,1745966992.004,6.803358554840088,1745966992.004,6.803358554840088,1745966992.004,6.803358554840088
1745966992.229,7.02801775932312,1745966992.229,7.02801775932312,1745966992.229,7.02801775932312,1745966992.229,7.02801775932312
1745966992.482,7.280858039855957,1745966992.482,7.280858039855957,1745966992.482,7.280858039855957,1745966992.482,7.280858039855957
1745966992.731,7.529699087142944,1745966992.731,7.529699087142944,1745966992.731,7.529699087142944,1745966992.731,7.529699087142944
1745966992.979,7.77856969833374,1745966992.979,7.77856969833374,1745966992.979,7.77856969833374,1745966992.979,7.77856969833374
1745966993.243,8.04221487045288,1745966993.243,8.04221487045288,1745966993.243,8.04221487045288,1745966993.243,8.04221487045288
1745966993.507,8.305728912353516,1745966993.507,8.305728912353516,1745966993.507,8.305728912353516,1745966993.507,8.305728912353516
1745966993.751,8.550163507461548,1745966993.751,8.550163507461548,1745966993.751,8.550163507461548,1745966993.751,8.550163507461548
1745966993.999,8.797945022583008,1745966993.999,8.797945022583008,1745966993.999,8.797945022583008,1745966993.999,8.797945022583008
1745966994.259,9.057969808578491,1745966994.259,9.057969808578491,1745966994.259,9.057969808578491,1745966994.259,9.057969808578491
1745966994.522,9.320712327957153,1745966994.522,9.320712327957153,1745966994.522,9.320712327957153,1745966994.522,9.320712327957153
1745966994.784,9.582680463790894,1745966994.784,9.582680463790894,1745966994.784,9.582680463790894,1745966994.784,9.582680463790894
1745966995.046,9.84521770477295,1745966995.046,9.84521770477295,1745966995.046,9.84521770477295,1745966995.046,9.84521770477295
1745966995.309,10.10787034034729,1745966995.309,10.10787034034729,1745966995.309,10.10787034034729,1745966995.309,10.10787034034729
1745966995.574,10.372715473175049,1745966995.574,10.372715473175049,1745966995.574,10.372715473175049,1745966995.574,10.372715473175049
1745966995.822,10.62128210067749,1745966995.822,10.62128210067749,1745966995.822,10.62128210067749,1745966995.822,10.62128210067749
1745966996.098,10.897222995758057,1745966996.098,10.897222995758057,1745966996.098,10.897222995758057,1745966996.098,10.897222995758057
1745966996.347,11.146183490753174,1745966996.347,11.146183490753174,1745966996.347,11.146183490753174,1745966996.347,11.146183490753174
1745966996.609,11.408598184585571,1745966996.609,11.408598184585571,1745966996.609,11.408598184585571,1745966996.609,11.408598184585571
1745966996.873,11.671791791915894,1745966996.873,11.671791791915894,1745966996.873,11.671791791915894,1745966996.873,11.671791791915894
1745966997.135,11.933722972869873,1745966997.135,11.933722972869873,1745966997.135,11.933722972869873,1745966997.135,11.933722972869873
1745966997.414,12.213054418563843,1745966997.414,12.213054418563843,1745966997.414,12.213054418563843,1745966997.414,12.213054418563843
1745966997.661,12.459807395935059,1745966997.661,12.459807395935059,1745966997.661,12.459807395935059,1745966997.661,12.459807395935059
1745966997.91,12.70895266532898,1745966997.91,12.70895266532898,1745966997.91,12.70895266532898,1745966997.91,12.70895266532898
1745966998.147,12.946511030197144,1745966998.147,12.946511030197144,1745966998.147,12.946511030197144,1745966998.147,12.946511030197144
1745966998.403,13.201612710952759,1745966998.403,13.201612710952759,1745966998.403,13.201612710952759,1745966998.403,13.201612710952759
1745966998.665,13.464316844940186,1745966998.665,13.464316844940186,1745966998.665,13.464316844940186,1745966998.665,13.464316844940186
1745966998.915,13.714344501495361,1745966998.915,13.714344501495361,1745966998.915,13.714344501495361,1745966998.915,13.714344501495361
1745966999.139,13.93834900856018,1745966999.139,13.93834900856018,1745966999.139,13.93834900856018,1745966999.139,13.93834900856018
1745966999.398,14.197224140167236,1745966999.398,14.197224140167236,1745966999.398,14.197224140167236,1745966999.398,14.197224140167236
1745966999.661,14.460078239440918,1745966999.661,14.460078239440918,1745966999.661,14.460078239440918,1745966999.661,14.460078239440918
1745966999.91,14.708833932876587,1745966999.91,14.708833932876587,1745966999.91,14.708833932876587,1745966999.91,14.708833932876587
1745967000.149,14.947781085968018,1745967000.149,14.947781085968018,1745967000.149,14.947781085968018,1745967000.149,14.947781085968018
1745967000.407,15.206444025039673,1745967000.407,15.206444025039673,1745967000.407,15.206444025039673,1745967000.407,15.206444025039673
1745967000.67,15.468607187271118,1745967000.67,15.468607187271118,1745967000.67,15.468607187271118,1745967000.67,15.468607187271118
1745967000.944,15.743099927902222,1745967000.944,15.743099927902222,1745967000.944,15.743099927902222,1745967000.944,15.743099927902222
1745967001.207,16.00644326210022,1745967001.207,16.00644326210022,1745967001.207,16.00644326210022,1745967001.207,16.00644326210022
1745967001.472,16.270968198776245,1745967001.472,16.270968198776245,1745967001.472,16.270968198776245,1745967001.472,16.270968198776245
1745967001.735,16.533605813980103,1745967001.735,16.533605813980103,1745967001.735,16.533605813980103,1745967001.735,16.533605813980103
1745967001.999,16.797765254974365,1745967001.999,16.797765254974365,1745967001.999,16.797765254974365,1745967001.999,16.797765254974365
