timestamp,time,timestamp6,time2,timestamp2,time3,timestamp3,time9
1745967043.957,0.04601740837097168,1745967043.957,0.04601740837097168,1745967043.957,0.04601740837097168,1745967043.957,0.04601740837097168
1745967044.193,0.2820169925689697,1745967044.193,0.2820169925689697,1745967044.193,0.2820169925689697,1745967044.193,0.2820169925689697
1745967044.457,0.5460536479949951,1745967044.457,0.5460536479949951,1745967044.457,0.5460536479949951,1745967044.457,0.5460536479949951
1745967044.721,0.809628963470459,1745967044.721,0.809628963470459,1745967044.721,0.809628963470459,1745967044.721,0.809628963470459
1745967044.985,1.0736281871795654,1745967044.985,1.0736281871795654,1745967044.985,1.0736281871795654,1745967044.985,1.0736281871795654
1745967045.251,1.339627742767334,1745967045.251,1.339627742767334,1745967045.251,1.339627742767334,1745967045.251,1.339627742767334
1745967045.499,1.5876634120941162,1745967045.499,1.5876634120941162,1745967045.499,1.5876634120941162,1745967045.499,1.5876634120941162
1745967045.75,1.8392977714538574,1745967045.75,1.8392977714538574,1745967045.75,1.8392977714538574,1745967045.75,1.8392977714538574
1745967045.998,2.0864717960357666,1745967045.998,2.0864717960357666,1745967045.998,2.0864717960357666,1745967045.998,2.0864717960357666
1745967046.26,2.3486344814300537,1745967046.26,2.3486344814300537,1745967046.26,2.3486344814300537,1745967046.26,2.3486344814300537
1745967046.539,2.627470016479492,1745967046.539,2.627470016479492,1745967046.539,2.627470016479492,1745967046.539,2.627470016479492
1745967046.802,2.8911938667297363,1745967046.802,2.8911938667297363,1745967046.802,2.8911938667297363,1745967046.802,2.8911938667297363
1745967047.068,3.1571857929229736,1745967047.068,3.1571857929229736,1745967047.068,3.1571857929229736,1745967047.068,3.1571857929229736
1745967047.332,3.420609474182129,1745967047.332,3.420609474182129,1745967047.332,3.420609474182129,1745967047.332,3.420609474182129
1745967047.591,3.680337429046631,1745967047.591,3.680337429046631,1745967047.591,3.680337429046631,1745967047.591,3.680337429046631
1745967047.856,3.9444475173950195,1745967047.856,3.9444475173950195,1745967047.856,3.9444475173950195,1745967047.856,3.9444475173950195
1745967048.118,4.207427263259888,1745967048.118,4.207427263259888,1745967048.118,4.207427263259888,1745967048.118,4.207427263259888
1745967048.366,4.454981803894043,1745967048.366,4.454981803894043,1745967048.366,4.454981803894043,1745967048.366,4.454981803894043
1745967048.631,4.720154285430908,1745967048.631,4.720154285430908,1745967048.631,4.720154285430908,1745967048.631,4.720154285430908
1745967048.864,4.952868223190308,1745967048.864,4.952868223190308,1745967048.864,4.952868223190308,1745967048.864,4.952868223190308
1745967049.123,5.212418079376221,1745967049.123,5.212418079376221,1745967049.123,5.212418079376221,1745967049.123,5.212418079376221
1745967049.385,5.4740235805511475,1745967049.385,5.4740235805511475,1745967049.385,5.4740235805511475,1745967049.385,5.4740235805511475
1745967049.661,5.7498557567596436,1745967049.661,5.7498557567596436,1745967049.661,5.7498557567596436,1745967049.661,5.7498557567596436
1745967049.91,5.999264478683472,1745967049.91,5.999264478683472,1745967049.91,5.999264478683472,1745967049.91,5.999264478683472
1745967050.173,6.261807680130005,1745967050.173,6.261807680130005,1745967050.173,6.261807680130005,1745967050.173,6.261807680130005
1745967050.434,6.523285388946533,1745967050.434,6.523285388946533,1745967050.434,6.523285388946533,1745967050.434,6.523285388946533
1745967050.698,6.786705255508423,1745967050.698,6.786705255508423,1745967050.698,6.786705255508423,1745967050.698,6.786705255508423
1745967050.931,7.020301580429077,1745967050.931,7.020301580429077,1745967050.931,7.020301580429077,1745967050.931,7.020301580429077
1745967051.21,7.300229072570801,1745967051.211,7.300229072570801,1745967051.211,7.300229072570801,1745967051.211,7.300229072570801
1745967051.471,7.560084342956543,1745967051.471,7.560084342956543,1745967051.471,7.560084342956543,1745967051.471,7.560084342956543
1745967051.734,7.822912931442261,1745967051.734,7.822912931442261,1745967051.734,7.822912931442261,1745967051.734,7.822912931442261
1745967051.996,8.085041284561157,1745967051.996,8.085041284561157,1745967051.996,8.085041284561157,1745967051.996,8.085041284561157
1745967052.272,8.360808849334717,1745967052.272,8.360808849334717,1745967052.272,8.360808849334717,1745967052.272,8.360808849334717
1745967052.534,8.622849941253662,1745967052.534,8.622849941253662,1745967052.534,8.622849941253662,1745967052.534,8.622849941253662
1745967052.773,8.86177110671997,1745967052.773,8.86177110671997,1745967052.773,8.86177110671997,1745967052.773,8.86177110671997
1745967053.013,9.10191535949707,1745967053.013,9.10191535949707,1745967053.013,9.10191535949707,1745967053.013,9.10191535949707
1745967053.276,9.364709615707397,1745967053.276,9.364709615707397,1745967053.276,9.364709615707397,1745967053.276,9.364709615707397
1745967053.538,9.627056121826172,1745967053.538,9.627056121826172,1745967053.538,9.627056121826172,1745967053.538,9.627056121826172
1745967053.8,9.889289140701294,1745967053.8,9.889289140701294,1745967053.8,9.889289140701294,1745967053.8,9.889289140701294
1745967054.062,10.150991201400757,1745967054.062,10.150991201400757,1745967054.062,10.150991201400757,1745967054.062,10.150991201400757
1745967054.326,10.415355443954468,1745967054.326,10.415355443954468,1745967054.326,10.415355443954468,1745967054.326,10.415355443954468
1745967054.587,10.676078796386719,1745967054.587,10.676078796386719,1745967054.587,10.676078796386719,1745967054.587,10.676078796386719
1745967054.848,10.93719744682312,1745967054.848,10.93719744682312,1745967054.848,10.93719744682312,1745967054.848,10.93719744682312
1745967055.111,11.199952602386475,1745967055.111,11.199952602386475,1745967055.111,11.199952602386475,1745967055.111,11.199952602386475
1745967055.373,11.461987257003784,1745967055.373,11.461987257003784,1745967055.373,11.461987257003784,1745967055.373,11.461987257003784
1745967055.634,11.722678661346436,1745967055.634,11.722678661346436,1745967055.634,11.722678661346436,1745967055.634,11.722678661346436
1745967055.864,11.952586650848389,1745967055.864,11.952586650848389,1745967055.864,11.952586650848389,1745967055.864,11.952586650848389
1745967056.113,12.202035427093506,1745967056.113,12.202035427093506,1745967056.113,12.202035427093506,1745967056.113,12.202035427093506
1745967056.374,12.462658882141113,1745967056.374,12.462658882141113,1745967056.374,12.462658882141113,1745967056.374,12.462658882141113
1745967056.621,12.710374593734741,1745967056.621,12.710374593734741,1745967056.621,12.710374593734741,1745967056.621,12.710374593734741
1745967056.859,12.947642087936401,1745967056.859,12.947642087936401,1745967056.859,12.947642087936401,1745967056.859,12.947642087936401
1745967057.134,13.222688913345337,1745967057.134,13.222688913345337,1745967057.134,13.222688913345337,1745967057.134,13.222688913345337
1745967057.38,13.468703746795654,1745967057.38,13.468703746795654,1745967057.38,13.468703746795654,1745967057.38,13.468703746795654
1745967057.642,13.731298208236694,1745967057.642,13.731298208236694,1745967057.642,13.731298208236694,1745967057.642,13.731298208236694
1745967057.905,13.993906497955322,1745967057.905,13.993906497955322,1745967057.905,13.993906497955322,1745967057.905,13.993906497955322
1745967058.165,14.254344701766968,1745967058.165,14.254344701766968,1745967058.165,14.254344701766968,1745967058.165,14.254344701766968
1745967058.427,14.516281127929688,1745967058.427,14.516281127929688,1745967058.427,14.516281127929688,1745967058.427,14.516281127929688
1745967058.688,14.776928424835205,1745967058.688,14.776928424835205,1745967058.688,14.776928424835205,1745967058.688,14.776928424835205
1745967058.938,15.027371168136597,1745967058.938,15.027371168136597,1745967058.938,15.027371168136597,1745967058.938,15.027371168136597
1745967059.184,15.273415327072144,1745967059.184,15.273415327072144,1745967059.184,15.273415327072144,1745967059.184,15.273415327072144
1745967059.449,15.537461042404175,1745967059.449,15.537461042404175,1745967059.449,15.537461042404175,1745967059.449,15.537461042404175
1745967059.711,15.799644708633423,1745967059.711,15.799644708633423,1745967059.711,15.799644708633423,1745967059.711,15.799644708633423
1745967059.946,16.035282850265503,1745967059.946,16.035282850265503,1745967059.946,16.035282850265503,1745967059.946,16.035282850265503
1745967060.204,16.293213367462158,1745967060.204,16.293213367462158,1745967060.204,16.293213367462158,1745967060.204,16.293213367462158
1745967060.451,16.540249347686768,1745967060.451,16.540249347686768,1745967060.451,16.540249347686768,1745967060.451,16.540249347686768
1745967060.715,16.803919315338135,1745967060.715,16.803919315338135,1745967060.715,16.803919315338135,1745967060.715,16.803919315338135
1745967060.973,17.061711311340332,1745967060.973,17.061711311340332,1745967060.973,17.061711311340332,1745967060.973,17.061711311340332
1745967061.242,17.330970525741577,1745967061.242,17.330970525741577,1745967061.242,17.330970525741577,1745967061.242,17.330970525741577
1745967061.489,17.57786464691162,1745967061.489,17.57786464691162,1745967061.489,17.57786464691162,1745967061.489,17.57786464691162
1745967061.751,17.845373153686523,1745967061.756,17.845373153686523,1745967061.756,17.845373153686523,1745967061.756,17.845373153686523
1745967061.989,18.077804565429688,1745967061.989,18.077804565429688,1745967061.989,18.077804565429688,1745967061.989,18.077804565429688
1745967062.246,18.335192441940308,1745967062.246,18.335192441940308,1745967062.246,18.335192441940308,1745967062.246,18.335192441940308
1745967062.511,18.600114583969116,1745967062.511,18.600114583969116,1745967062.511,18.600114583969116,1745967062.511,18.600114583969116
1745967062.774,18.86272406578064,1745967062.774,18.86272406578064,1745967062.774,18.86272406578064,1745967062.774,18.86272406578064
1745967063.023,19.111475229263306,1745967063.023,19.111475229263306,1745967063.023,19.111475229263306,1745967063.023,19.111475229263306
1745967063.268,19.35648512840271,1745967063.268,19.35648512840271,1745967063.268,19.35648512840271,1745967063.268,19.35648512840271
1745967063.531,19.619471788406372,1745967063.531,19.619471788406372,1745967063.531,19.619471788406372,1745967063.531,19.619471788406372
1745967063.778,19.866471767425537,1745967063.778,19.866471767425537,1745967063.778,19.866471767425537,1745967063.778,19.866471767425537
1745967064.016,20.105414390563965,1745967064.016,20.105414390563965,1745967064.016,20.105414390563965,1745967064.016,20.105414390563965
1745967064.287,20.376018285751343,1745967064.287,20.376018285751343,1745967064.287,20.376018285751343,1745967064.287,20.376018285751343
1745967064.554,20.643138647079468,1745967064.554,20.643138647079468,1745967064.554,20.643138647079468,1745967064.554,20.643138647079468
1745967064.808,20.897135257720947,1745967064.808,20.897135257720947,1745967064.808,20.897135257720947,1745967064.808,20.897135257720947
1745967065.072,21.161136150360107,1745967065.072,21.161136150360107,1745967065.072,21.161136150360107,1745967065.072,21.161136150360107
1745967065.319,21.40802836418152,1745967065.319,21.40802836418152,1745967065.319,21.40802836418152,1745967065.319,21.40802836418152
1745967065.582,21.671257495880127,1745967065.582,21.671257495880127,1745967065.582,21.671257495880127,1745967065.582,21.671257495880127
1745967065.814,21.903289318084717,1745967065.814,21.903289318084717,1745967065.814,21.903289318084717,1745967065.814,21.903289318084717
1745967066.077,22.166008949279785,1745967066.077,22.166008949279785,1745967066.077,22.166008949279785,1745967066.077,22.166008949279785
1745967066.341,22.430248975753784,1745967066.341,22.430248975753784,1745967066.341,22.430248975753784,1745967066.341,22.430248975753784
1745967066.603,22.69174838066101,1745967066.603,22.69174838066101,1745967066.603,22.69174838066101,1745967066.603,22.69174838066101
1745967066.867,22.95583748817444,1745967066.867,22.95583748817444,1745967066.867,22.95583748817444,1745967066.867,22.95583748817444
1745967067.115,23.20407271385193,1745967067.115,23.20407271385193,1745967067.115,23.20407271385193,1745967067.115,23.20407271385193
1745967067.377,23.46620488166809,1745967067.377,23.46620488166809,1745967067.377,23.46620488166809,1745967067.377,23.46620488166809
1745967067.64,23.728838443756104,1745967067.64,23.728838443756104,1745967067.64,23.728838443756104,1745967067.64,23.728838443756104
1745967067.901,23.989489316940308,1745967067.901,23.989489316940308,1745967067.901,23.989489316940308,1745967067.901,23.989489316940308
1745967068.177,24.26549792289734,1745967068.177,24.26549792289734,1745967068.177,24.26549792289734,1745967068.177,24.26549792289734
1745967068.422,24.51130509376526,1745967068.422,24.51130509376526,1745967068.422,24.51130509376526,1745967068.422,24.51130509376526
1745967068.683,24.771971940994263,1745967068.683,24.771971940994263,1745967068.683,24.771971940994263,1745967068.683,24.771971940994263
1745967068.96,25.049017906188965,1745967068.96,25.049017906188965,1745967068.96,25.049017906188965,1745967068.96,25.049017906188965
1745967069.224,25.31273317337036,1745967069.224,25.31273317337036,1745967069.224,25.31273317337036,1745967069.224,25.31273317337036
1745967069.475,25.563451528549194,1745967069.475,25.563451528549194,1745967069.475,25.563451528549194,1745967069.475,25.563451528549194
1745967069.741,25.829450368881226,1745967069.741,25.829450368881226,1745967069.741,25.829450368881226,1745967069.741,25.829450368881226
1745967070.004,26.09308886528015,1745967070.004,26.09308886528015,1745967070.004,26.09308886528015,1745967070.004,26.09308886528015
1745967070.255,26.343809843063354,1745967070.255,26.343809843063354,1745967070.255,26.343809843063354,1745967070.255,26.343809843063354
1745967070.504,26.592673540115356,1745967070.504,26.592673540115356,1745967070.504,26.592673540115356,1745967070.504,26.592673540115356
1745967070.752,26.84085702896118,1745967070.752,26.84085702896118,1745967070.752,26.84085702896118,1745967070.752,26.84085702896118
1745967070.999,27.08819341659546,1745967070.999,27.08819341659546,1745967070.999,27.08819341659546,1745967070.999,27.08819341659546
1745967071.248,27.337186336517334,1745967071.248,27.337186336517334,1745967071.248,27.337186336517334,1745967071.248,27.337186336517334
1745967071.495,27.583630561828613,1745967071.495,27.583630561828613,1745967071.495,27.583630561828613,1745967071.495,27.583630561828613
1745967071.773,27.86210608482361,1745967071.773,27.86210608482361,1745967071.773,27.86210608482361,1745967071.773,27.86210608482361
1745967072.023,28.11194157600403,1745967072.023,28.11194157600403,1745967072.023,28.11194157600403,1745967072.023,28.11194157600403
1745967072.271,28.360180377960205,1745967072.271,28.360180377960205,1745967072.271,28.360180377960205,1745967072.271,28.360180377960205
1745967072.533,28.622039556503296,1745967072.533,28.622039556503296,1745967072.533,28.622039556503296,1745967072.533,28.622039556503296
1745967072.779,28.868403673171997,1745967072.779,28.868403673171997,1745967072.779,28.868403673171997,1745967072.779,28.868403673171997
1745967073.028,29.11678910255432,1745967073.028,29.11678910255432,1745967073.028,29.11678910255432,1745967073.028,29.11678910255432
1745967073.289,29.377806425094604,1745967073.289,29.377806425094604,1745967073.289,29.377806425094604,1745967073.289,29.377806425094604
1745967073.535,29.624067544937134,1745967073.535,29.624067544937134,1745967073.535,29.624067544937134,1745967073.535,29.624067544937134
1745967073.798,29.88666009902954,1745967073.798,29.88666009902954,1745967073.798,29.88666009902954,1745967073.798,29.88666009902954
1745967074.047,30.135501623153687,1745967074.047,30.135501623153687,1745967074.047,30.135501623153687,1745967074.047,30.135501623153687
1745967074.309,30.397542238235474,1745967074.309,30.397542238235474,1745967074.309,30.397542238235474,1745967074.309,30.397542238235474
1745967074.572,30.66112446784973,1745967074.572,30.66112446784973,1745967074.572,30.66112446784973,1745967074.572,30.66112446784973
1745967074.851,30.939966440200806,1745967074.851,30.939966440200806,1745967074.851,30.939966440200806,1745967074.851,30.939966440200806
1745967075.098,31.186967849731445,1745967075.098,31.186967849731445,1745967075.098,31.186967849731445,1745967075.098,31.186967849731445
1745967075.346,31.435309886932373,1745967075.346,31.435309886932373,1745967075.346,31.435309886932373,1745967075.346,31.435309886932373
1745967075.61,31.699310541152954,1745967075.61,31.699310541152954,1745967075.61,31.699310541152954,1745967075.61,31.699310541152954
1745967075.856,31.945310592651367,1745967075.856,31.945310592651367,1745967075.856,31.945310592651367,1745967075.856,31.945310592651367
1745967076.108,32.19731521606445,1745967076.108,32.19731521606445,1745967076.108,32.19731521606445,1745967076.108,32.19731521606445
1745967076.37,32.45931053161621,1745967076.37,32.45931053161621,1745967076.37,32.45931053161621,1745967076.37,32.45931053161621
1745967076.62,32.70875883102417,1745967076.62,32.70875883102417,1745967076.62,32.70875883102417,1745967076.62,32.70875883102417
1745967076.885,32.973769187927246,1745967076.885,32.973769187927246,1745967076.885,32.973769187927246,1745967076.885,32.973769187927246
1745967077.147,33.23577523231506,1745967077.147,33.23577523231506,1745967077.147,33.23577523231506,1745967077.147,33.23577523231506
1745967077.397,33.48560690879822,1745967077.397,33.48560690879822,1745967077.397,33.48560690879822,1745967077.397,33.48560690879822
1745967077.658,33.7471182346344,1745967077.658,33.7471182346344,1745967077.658,33.7471182346344,1745967077.658,33.7471182346344
1745967077.919,34.008321046829224,1745967077.919,34.008321046829224,1745967077.919,34.008321046829224,1745967077.919,34.008321046829224
1745967078.17,34.25906729698181,1745967078.17,34.25906729698181,1745967078.17,34.25906729698181,1745967078.17,34.25906729698181
1745967078.443,34.5322687625885,1745967078.443,34.5322687625885,1745967078.443,34.5322687625885,1745967078.443,34.5322687625885
1745967078.709,34.797507762908936,1745967078.709,34.797507762908936,1745967078.709,34.797507762908936,1745967078.709,34.797507762908936
1745967078.956,35.04499292373657,1745967078.956,35.04499292373657,1745967078.956,35.04499292373657,1745967078.956,35.04499292373657
1745967079.19,35.27914643287659,1745967079.19,35.27914643287659,1745967079.19,35.27914643287659,1745967079.19,35.27914643287659
1745967079.451,35.54001832008362,1745967079.451,35.54001832008362,1745967079.451,35.54001832008362,1745967079.451,35.54001832008362
1745967079.728,35.8165328502655,1745967079.728,35.8165328502655,1745967079.728,35.8165328502655,1745967079.728,35.8165328502655
1745967079.975,36.0636727809906,1745967079.975,36.0636727809906,1745967079.975,36.0636727809906,1745967079.975,36.0636727809906
1745967080.213,36.302257776260376,1745967080.213,36.302257776260376,1745967080.213,36.302257776260376,1745967080.213,36.302257776260376
1745967080.485,36.573800563812256,1745967080.485,36.573800563812256,1745967080.485,36.573800563812256,1745967080.485,36.573800563812256
1745967080.748,36.83717131614685,1745967080.748,36.83717131614685,1745967080.748,36.83717131614685,1745967080.748,36.83717131614685
1745967081.01,37.099365234375,1745967081.01,37.099365234375,1745967081.01,37.099365234375,1745967081.01,37.099365234375
1745967081.272,37.36105227470398,1745967081.272,37.36105227470398,1745967081.272,37.36105227470398,1745967081.272,37.36105227470398
1745967081.521,37.60947132110596,1745967081.521,37.60947132110596,1745967081.521,37.60947132110596,1745967081.521,37.60947132110596
1745967081.784,37.87305474281311,1745967081.784,37.87305474281311,1745967081.784,37.87305474281311,1745967081.784,37.87305474281311
1745967082.048,38.13654851913452,1745967082.048,38.13654851913452,1745967082.048,38.13654851913452,1745967082.048,38.13654851913452
1745967082.313,38.40147256851196,1745967082.313,38.40147256851196,1745967082.313,38.40147256851196,1745967082.313,38.40147256851196
1745967082.573,38.66238975524902,1745967082.573,38.66238975524902,1745967082.573,38.66238975524902,1745967082.573,38.66238975524902
1745967082.822,38.9108190536499,1745967082.822,38.9108190536499,1745967082.822,38.9108190536499,1745967082.822,38.9108190536499
1745967083.084,39.172906160354614,1745967083.084,39.172906160354614,1745967083.084,39.172906160354614,1745967083.084,39.172906160354614
1745967083.332,39.42134761810303,1745967083.332,39.42134761810303,1745967083.332,39.42134761810303,1745967083.332,39.42134761810303
1745967083.594,39.682700634002686,1745967083.594,39.682700634002686,1745967083.594,39.682700634002686,1745967083.594,39.682700634002686
1745967083.84,39.92937111854553,1745967083.84,39.92937111854553,1745967083.84,39.92937111854553,1745967083.84,39.92937111854553
1745967084.117,40.20556616783142,1745967084.117,40.20556616783142,1745967084.117,40.20556616783142,1745967084.117,40.20556616783142
1745967084.363,40.452348470687866,1745967084.363,40.452348470687866,1745967084.363,40.452348470687866,1745967084.363,40.452348470687866
1745967084.625,40.71390223503113,1745967084.625,40.71390223503113,1745967084.625,40.71390223503113,1745967084.625,40.71390223503113
1745967084.887,40.975603103637695,1745967084.887,40.975603103637695,1745967084.887,40.975603103637695,1745967084.887,40.975603103637695
1745967085.163,41.25168466567993,1745967085.163,41.25168466567993,1745967085.163,41.25168466567993,1745967085.163,41.25168466567993
1745967085.428,41.517364740371704,1745967085.428,41.517364740371704,1745967085.428,41.517364740371704,1745967085.428,41.517364740371704
1745967085.692,41.78103685379028,1745967085.692,41.78103685379028,1745967085.692,41.78103685379028,1745967085.692,41.78103685379028
1745967085.955,42.043742418289185,1745967085.955,42.043742418289185,1745967085.955,42.043742418289185,1745967085.955,42.043742418289185
1745967086.218,42.307074546813965,1745967086.218,42.307074546813965,1745967086.218,42.307074546813965,1745967086.218,42.307074546813965
1745967086.479,42.567960262298584,1745967086.479,42.567960262298584,1745967086.479,42.567960262298584,1745967086.479,42.567960262298584
1745967086.756,42.84494709968567,1745967086.756,42.84494709968567,1745967086.756,42.84494709968567,1745967086.756,42.84494709968567
1745967087.019,43.108139753341675,1745967087.019,43.108139753341675,1745967087.019,43.108139753341675,1745967087.019,43.108139753341675
1745967087.28,43.36933970451355,1745967087.28,43.36933970451355,1745967087.28,43.36933970451355,1745967087.28,43.36933970451355
1745967087.545,43.63376045227051,1745967087.545,43.63376045227051,1745967087.545,43.63376045227051,1745967087.545,43.63376045227051
1745967087.807,43.895519495010376,1745967087.807,43.895519495010376,1745967087.807,43.895519495010376,1745967087.807,43.895519495010376
1745967088.084,44.173025369644165,1745967088.084,44.173025369644165,1745967088.084,44.173025369644165,1745967088.084,44.173025369644165
1745967088.314,44.403427839279175,1745967088.314,44.403427839279175,1745967088.314,44.403427839279175,1745967088.314,44.403427839279175
1745967088.581,44.66984701156616,1745967088.581,44.66984701156616,1745967088.581,44.66984701156616,1745967088.581,44.66984701156616
1745967088.845,44.933982372283936,1745967088.845,44.933982372283936,1745967088.845,44.933982372283936,1745967088.845,44.933982372283936
1745967089.108,45.19648051261902,1745967089.108,45.19648051261902,1745967089.108,45.19648051261902,1745967089.108,45.19648051261902
1745967089.372,45.46060490608215,1745967089.372,45.46060490608215,1745967089.372,45.46060490608215,1745967089.372,45.46060490608215
1745967089.62,45.709001779556274,1745967089.62,45.709001779556274,1745967089.62,45.709001779556274,1745967089.62,45.709001779556274
1745967089.899,45.988354206085205,1745967089.899,45.988354206085205,1745967089.899,45.988354206085205,1745967089.899,45.988354206085205
1745967090.146,46.23538303375244,1745967090.146,46.23538303375244,1745967090.146,46.23538303375244,1745967090.146,46.23538303375244
1745967090.407,46.49601984024048,1745967090.407,46.49601984024048,1745967090.407,46.49601984024048,1745967090.407,46.49601984024048
1745967090.653,46.74196243286133,1745967090.653,46.74196243286133,1745967090.653,46.74196243286133,1745967090.653,46.74196243286133
1745967090.915,47.004048585891724,1745967090.915,47.004048585891724,1745967090.915,47.004048585891724,1745967090.915,47.004048585891724
1745967091.166,47.25504779815674,1745967091.166,47.25504779815674,1745967091.166,47.25504779815674,1745967091.166,47.25504779815674
1745967091.43,47.51904773712158,1745967091.43,47.51904773712158,1745967091.43,47.51904773712158,1745967091.43,47.51904773712158
1745967091.693,47.78225564956665,1745967091.693,47.78225564956665,1745967091.693,47.78225564956665,1745967091.693,47.78225564956665
1745967091.945,48.03425598144531,1745967091.945,48.03425598144531,1745967091.945,48.03425598144531,1745967091.945,48.03425598144531
1745967092.209,48.298255920410156,1745967092.209,48.298255920410156,1745967092.209,48.298255920410156,1745967092.209,48.298255920410156
1745967092.463,48.55225443840027,1745967092.463,48.55225443840027,1745967092.463,48.55225443840027,1745967092.463,48.55225443840027
1745967092.73,48.819255352020264,1745967092.73,48.819255352020264,1745967092.73,48.819255352020264,1745967092.73,48.819255352020264
1745967092.996,49.08525514602661,1745967092.996,49.08525514602661,1745967092.996,49.08525514602661,1745967092.996,49.08525514602661
1745967093.26,49.34930396080017,1745967093.26,49.34930396080017,1745967093.26,49.34930396080017,1745967093.26,49.34930396080017
1745967093.526,49.614534854888916,1745967093.526,49.614534854888916,1745967093.526,49.614534854888916,1745967093.526,49.614534854888916
1745967093.79,49.87912106513977,1745967093.79,49.87912106513977,1745967093.79,49.87912106513977,1745967093.79,49.87912106513977
1745967094.053,50.14192867279053,1745967094.053,50.14192867279053,1745967094.053,50.14192867279053,1745967094.053,50.14192867279053
1745967094.314,50.40318584442139,1745967094.314,50.40318584442139,1745967094.314,50.40318584442139,1745967094.314,50.40318584442139
1745967094.58,50.66910743713379,1745967094.58,50.66910743713379,1745967094.58,50.66910743713379,1745967094.58,50.66910743713379
1745967094.844,50.93247580528259,1745967094.844,50.93247580528259,1745967094.844,50.93247580528259,1745967094.844,50.93247580528259
1745967095.108,51.19652843475342,1745967095.108,51.19652843475342,1745967095.108,51.19652843475342,1745967095.108,51.19652843475342
1745967095.371,51.45959401130676,1745967095.371,51.45959401130676,1745967095.371,51.45959401130676,1745967095.371,51.45959401130676
1745967095.647,51.736303091049194,1745967095.647,51.736303091049194,1745967095.647,51.736303091049194,1745967095.647,51.736303091049194
1745967095.895,51.98415017127991,1745967095.895,51.98415017127991,1745967095.895,51.98415017127991,1745967095.895,51.98415017127991
1745967096.156,52.24539852142334,1745967096.156,52.24539852142334,1745967096.156,52.24539852142334,1745967096.156,52.24539852142334
1745967096.39,52.479212284088135,1745967096.39,52.479212284088135,1745967096.39,52.479212284088135,1745967096.39,52.479212284088135
1745967096.635,52.723937034606934,1745967096.635,52.723937034606934,1745967096.635,52.723937034606934,1745967096.635,52.723937034606934
1745967096.913,53.00180268287659,1745967096.913,53.00180268287659,1745967096.913,53.00180268287659,1745967096.913,53.00180268287659
1745967097.16,53.24886512756348,1745967097.16,53.24886512756348,1745967097.16,53.24886512756348,1745967097.16,53.24886512756348
1745967097.395,53.483741998672485,1745967097.395,53.483741998672485,1745967097.395,53.483741998672485,1745967097.395,53.483741998672485
1745967097.642,53.73102402687073,1745967097.642,53.73102402687073,1745967097.642,53.73102402687073,1745967097.642,53.73102402687073
1745967097.888,53.97712421417236,1745967097.888,53.97712421417236,1745967097.888,53.97712421417236,1745967097.888,53.97712421417236
1745967098.15,54.23888444900513,1745967098.15,54.23888444900513,1745967098.15,54.23888444900513,1745967098.15,54.23888444900513
1745967098.399,54.48789668083191,1745967098.399,54.48789668083191,1745967098.399,54.48789668083191,1745967098.399,54.48789668083191
1745967098.646,54.735419034957886,1745967098.646,54.735419034957886,1745967098.646,54.735419034957886,1745967098.646,54.735419034957886
1745967098.911,54.99977254867554,1745967098.911,54.99977254867554,1745967098.911,54.99977254867554,1745967098.911,54.99977254867554
1745967099.159,55.24811840057373,1745967099.159,55.24811840057373,1745967099.159,55.24811840057373,1745967099.159,55.24811840057373
1745967099.423,55.51213455200195,1745967099.423,55.51213455200195,1745967099.423,55.51213455200195,1745967099.423,55.51213455200195
1745967099.686,55.774537324905396,1745967099.686,55.774537324905396,1745967099.686,55.774537324905396,1745967099.686,55.774537324905396
1745967099.947,56.03621196746826,1745967099.947,56.03621196746826,1745967099.947,56.03621196746826,1745967099.947,56.03621196746826
1745967100.226,56.31524395942688,1745967100.226,56.31524395942688,1745967100.226,56.31524395942688,1745967100.226,56.31524395942688
1745967100.476,56.56482434272766,1745967100.476,56.56482434272766,1745967100.476,56.56482434272766,1745967100.476,56.56482434272766
1745967100.739,56.8277804851532,1745967100.739,56.8277804851532,1745967100.739,56.8277804851532,1745967100.739,56.8277804851532
1745967100.987,57.07566976547241,1745967100.987,57.07566976547241,1745967100.987,57.07566976547241,1745967100.987,57.07566976547241
1745967101.25,57.33911085128784,1745967101.25,57.33911085128784,1745967101.25,57.33911085128784,1745967101.25,57.33911085128784
1745967101.515,57.603617429733276,1745967101.515,57.603617429733276,1745967101.515,57.603617429733276,1745967101.515,57.603617429733276
1745967101.777,57.86592173576355,1745967101.777,57.86592173576355,1745967101.777,57.86592173576355,1745967101.777,57.86592173576355
1745967102.027,58.11625647544861,1745967102.027,58.11625647544861,1745967102.027,58.11625647544861,1745967102.027,58.11625647544861
1745967102.291,58.37950563430786,1745967102.291,58.37950563430786,1745967102.291,58.37950563430786,1745967102.291,58.37950563430786
1745967102.554,58.643394231796265,1745967102.554,58.643394231796265,1745967102.554,58.643394231796265,1745967102.554,58.643394231796265
1745967102.82,58.90872049331665,1745967102.82,58.90872049331665,1745967102.82,58.90872049331665,1745967102.82,58.90872049331665
1745967103.083,59.17158079147339,1745967103.083,59.17158079147339,1745967103.083,59.17158079147339,1745967103.083,59.17158079147339
1745967103.345,59.43373489379883,1745967103.345,59.43373489379883,1745967103.345,59.43373489379883,1745967103.345,59.43373489379883
1745967103.594,59.68298006057739,1745967103.594,59.68298006057739,1745967103.594,59.68298006057739,1745967103.594,59.68298006057739
1745967103.854,59.94342756271362,1745967103.854,59.94342756271362,1745967103.854,59.94342756271362,1745967103.854,59.94342756271362
1745967104.105,60.19364023208618,1745967104.105,60.19364023208618,1745967104.105,60.19364023208618,1745967104.105,60.19364023208618
1745967104.371,60.46000695228577,1745967104.371,60.46000695228577,1745967104.371,60.46000695228577,1745967104.371,60.46000695228577
1745967104.634,60.72338509559631,1745967104.634,60.72338509559631,1745967104.634,60.72338509559631,1745967104.634,60.72338509559631
1745967104.898,60.98704123497009,1745967104.898,60.98704123497009,1745967104.898,60.98704123497009,1745967104.898,60.98704123497009
1745967105.147,61.23581027984619,1745967105.147,61.23581027984619,1745967105.147,61.23581027984619,1745967105.147,61.23581027984619
1745967105.409,61.498302936553955,1745967105.409,61.498302936553955,1745967105.409,61.498302936553955,1745967105.409,61.498302936553955
1745967105.656,61.745073556900024,1745967105.656,61.745073556900024,1745967105.656,61.745073556900024,1745967105.656,61.745073556900024
1745967105.919,62.008012533187866,1745967105.919,62.008012533187866,1745967105.919,62.008012533187866,1745967105.919,62.008012533187866
1745967106.181,62.26971101760864,1745967106.181,62.26971101760864,1745967106.181,62.26971101760864,1745967106.181,62.26971101760864
1745967106.444,62.533371925354004,1745967106.444,62.533371925354004,1745967106.444,62.533371925354004,1745967106.444,62.533371925354004
1745967106.691,62.780263900756836,1745967106.691,62.780263900756836,1745967106.691,62.780263900756836,1745967106.691,62.780263900756836
1745967106.957,63.04544496536255,1745967106.957,63.04544496536255,1745967106.957,63.04544496536255,1745967106.957,63.04544496536255
1745967107.223,63.31208086013794,1745967107.223,63.31208086013794,1745967107.223,63.31208086013794,1745967107.223,63.31208086013794
1745967107.482,63.57097053527832,1745967107.482,63.57097053527832,1745967107.482,63.57097053527832,1745967107.482,63.57097053527832
1745967107.743,63.83214068412781,1745967107.743,63.83214068412781,1745967107.743,63.83214068412781,1745967107.743,63.83214068412781
1745967107.992,64.08044838905334,1745967107.992,64.08044838905334,1745967107.992,64.08044838905334,1745967107.992,64.08044838905334
1745967108.253,64.3423240184784,1745967108.253,64.3423240184784,1745967108.253,64.3423240184784,1745967108.253,64.3423240184784
1745967108.495,64.58365106582642,1745967108.495,64.58365106582642,1745967108.495,64.58365106582642,1745967108.495,64.58365106582642
1745967108.75,64.83886647224426,1745967108.75,64.83886647224426,1745967108.75,64.83886647224426,1745967108.75,64.83886647224426
1745967109.014,65.10276818275452,1745967109.014,65.10276818275452,1745967109.014,65.10276818275452,1745967109.014,65.10276818275452
1745967109.276,65.36461138725281,1745967109.276,65.36461138725281,1745967109.276,65.36461138725281,1745967109.276,65.36461138725281
1745967109.521,65.60947299003601,1745967109.521,65.60947299003601,1745967109.521,65.60947299003601,1745967109.521,65.60947299003601
1745967109.77,65.85893750190735,1745967109.77,65.85893750190735,1745967109.77,65.85893750190735,1745967109.77,65.85893750190735
1745967110.035,66.12352013587952,1745967110.035,66.12352013587952,1745967110.035,66.12352013587952,1745967110.035,66.12352013587952
1745967110.298,66.38711953163147,1745967110.298,66.38711953163147,1745967110.298,66.38711953163147,1745967110.298,66.38711953163147
1745967110.561,66.64953398704529,1745967110.561,66.64953398704529,1745967110.561,66.64953398704529,1745967110.561,66.64953398704529
1745967110.825,66.91371130943298,1745967110.825,66.91371130943298,1745967110.825,66.91371130943298,1745967110.825,66.91371130943298
1745967111.071,67.16035842895508,1745967111.071,67.16035842895508,1745967111.071,67.16035842895508,1745967111.071,67.16035842895508
1745967111.337,67.42585706710815,1745967111.337,67.42585706710815,1745967111.337,67.42585706710815,1745967111.337,67.42585706710815
1745967111.567,67.65637111663818,1745967111.567,67.65637111663818,1745967111.567,67.65637111663818,1745967111.567,67.65637111663818
1745967111.831,67.91973757743835,1745967111.831,67.91973757743835,1745967111.831,67.91973757743835,1745967111.831,67.91973757743835
1745967112.093,68.18207263946533,1745967112.093,68.18207263946533,1745967112.093,68.18207263946533,1745967112.093,68.18207263946533
1745967112.359,68.44778537750244,1745967112.359,68.44778537750244,1745967112.359,68.44778537750244,1745967112.359,68.44778537750244
1745967112.623,68.71172332763672,1745967112.623,68.71172332763672,1745967112.623,68.71172332763672,1745967112.623,68.71172332763672
1745967112.874,68.96309924125671,1745967112.874,68.96309924125671,1745967112.874,68.96309924125671,1745967112.874,68.96309924125671
1745967113.123,69.21213293075562,1745967113.123,69.21213293075562,1745967113.123,69.21213293075562,1745967113.123,69.21213293075562
1745967113.386,69.4752242565155,1745967113.386,69.4752242565155,1745967113.386,69.4752242565155,1745967113.386,69.4752242565155
1745967113.646,69.7352647781372,1745967113.646,69.7352647781372,1745967113.646,69.7352647781372,1745967113.646,69.7352647781372
1745967113.91,69.99861574172974,1745967113.91,69.99861574172974,1745967113.91,69.99861574172974,1745967113.91,69.99861574172974
1745967114.156,70.24524259567261,1745967114.156,70.24524259567261,1745967114.156,70.24524259567261,1745967114.156,70.24524259567261
1745967114.42,70.50936269760132,1745967114.42,70.50936269760132,1745967114.42,70.50936269760132,1745967114.42,70.50936269760132
1745967114.669,70.75826668739319,1745967114.669,70.75826668739319,1745967114.669,70.75826668739319,1745967114.669,70.75826668739319
1745967114.934,71.02251529693604,1745967114.934,71.02251529693604,1745967114.934,71.02251529693604,1745967114.934,71.02251529693604
1745967115.196,71.28461527824402,1745967115.196,71.28461527824402,1745967115.196,71.28461527824402,1745967115.196,71.28461527824402
1745967115.462,71.55065107345581,1745967115.462,71.55065107345581,1745967115.462,71.55065107345581,1745967115.462,71.55065107345581
1745967115.71,71.79865312576294,1745967115.71,71.79865312576294,1745967115.71,71.79865312576294,1745967115.71,71.79865312576294
1745967115.972,72.06065201759338,1745967115.972,72.06065201759338,1745967115.972,72.06065201759338,1745967115.972,72.06065201759338
1745967116.224,72.31265091896057,1745967116.224,72.31265091896057,1745967116.224,72.31265091896057,1745967116.224,72.31265091896057
1745967116.472,72.5606153011322,1745967116.472,72.5606153011322,1745967116.472,72.5606153011322,1745967116.472,72.5606153011322
1745967116.722,72.81065654754639,1745967116.722,72.81065654754639,1745967116.722,72.81065654754639,1745967116.722,72.81065654754639
1745967116.982,73.07065105438232,1745967116.982,73.07065105438232,1745967116.982,73.07065105438232,1745967116.982,73.07065105438232
1745967117.23,73.31865000724792,1745967117.23,73.31865000724792,1745967117.23,73.31865000724792,1745967117.23,73.31865000724792
1745967117.497,73.58588075637817,1745967117.497,73.58588075637817,1745967117.497,73.58588075637817,1745967117.497,73.58588075637817
1745967117.758,73.84723424911499,1745967117.758,73.84723424911499,1745967117.758,73.84723424911499,1745967117.758,73.84723424911499
1745967118.021,74.109792470932,1745967118.021,74.109792470932,1745967118.021,74.109792470932,1745967118.021,74.109792470932
1745967118.283,74.37231659889221,1745967118.283,74.37231659889221,1745967118.283,74.37231659889221,1745967118.283,74.37231659889221
1745967118.544,74.63319230079651,1745967118.544,74.63319230079651,1745967118.544,74.63319230079651,1745967118.544,74.63319230079651
1745967118.807,74.89639496803284,1745967118.807,74.89639496803284,1745967118.807,74.89639496803284,1745967118.807,74.89639496803284
1745967119.086,75.17459559440613,1745967119.086,75.17459559440613,1745967119.086,75.17459559440613,1745967119.086,75.17459559440613
1745967119.332,75.42117500305176,1745967119.332,75.42117500305176,1745967119.332,75.42117500305176,1745967119.332,75.42117500305176
1745967119.592,75.68106079101562,1745967119.592,75.68106079101562,1745967119.592,75.68106079101562,1745967119.592,75.68106079101562
1745967119.855,75.94373321533203,1745967119.855,75.94373321533203,1745967119.855,75.94373321533203,1745967119.855,75.94373321533203
1745967120.118,76.20690536499023,1745967120.118,76.20690536499023,1745967120.118,76.20690536499023,1745967120.118,76.20690536499023
1745967120.383,76.47147679328918,1745967120.383,76.47147679328918,1745967120.383,76.47147679328918,1745967120.383,76.47147679328918
1745967120.63,76.71881771087646,1745967120.63,76.71881771087646,1745967120.63,76.71881771087646,1745967120.63,76.71881771087646
1745967120.89,76.97883868217468,1745967120.89,76.97883868217468,1745967120.89,76.97883868217468,1745967120.89,76.97883868217468
1745967121.152,77.24109196662903,1745967121.152,77.24109196662903,1745967121.152,77.24109196662903,1745967121.152,77.24109196662903
1745967121.4,77.48910880088806,1745967121.4,77.48910880088806,1745967121.4,77.48910880088806,1745967121.4,77.48910880088806
1745967121.648,77.73659205436707,1745967121.648,77.73659205436707,1745967121.648,77.73659205436707,1745967121.648,77.73659205436707
1745967121.912,78.0012640953064,1745967121.912,78.0012640953064,1745967121.912,78.0012640953064,1745967121.912,78.0012640953064
1745967122.163,78.25218558311462,1745967122.163,78.25218558311462,1745967122.163,78.25218558311462,1745967122.163,78.25218558311462
1745967122.426,78.51501846313477,1745967122.426,78.51501846313477,1745967122.426,78.51501846313477,1745967122.426,78.51501846313477
1745967122.689,78.77812814712524,1745967122.689,78.77812814712524,1745967122.689,78.77812814712524,1745967122.689,78.77812814712524
1745967122.952,79.0406014919281,1745967122.952,79.0406014919281,1745967122.952,79.0406014919281,1745967122.952,79.0406014919281
1745967123.212,79.30070734024048,1745967123.212,79.30070734024048,1745967123.212,79.30070734024048,1745967123.212,79.30070734024048
1745967123.475,79.56382250785828,1745967123.475,79.56382250785828,1745967123.475,79.56382250785828,1745967123.475,79.56382250785828
1745967123.722,79.81114625930786,1745967123.722,79.81114625930786,1745967123.722,79.81114625930786,1745967123.722,79.81114625930786
1745967123.985,80.0737555027008,1745967123.985,80.0737555027008,1745967123.985,80.0737555027008,1745967123.985,80.0737555027008
1745967124.25,80.33853578567505,1745967124.25,80.33853578567505,1745967124.25,80.33853578567505,1745967124.25,80.33853578567505
1745967124.497,80.58581161499023,1745967124.497,80.58581161499023,1745967124.497,80.58581161499023,1745967124.497,80.58581161499023
1745967124.762,80.85063600540161,1745967124.762,80.85063600540161,1745967124.762,80.85063600540161,1745967124.762,80.85063600540161
1745967125.04,81.12937951087952,1745967125.04,81.12937951087952,1745967125.04,81.12937951087952,1745967125.04,81.12937951087952
1745967125.303,81.39185166358948,1745967125.303,81.39185166358948,1745967125.303,81.39185166358948,1745967125.303,81.39185166358948
1745967125.553,81.64233350753784,1745967125.553,81.64233350753784,1745967125.553,81.64233350753784,1745967125.553,81.64233350753784
1745967125.801,81.89015316963196,1745967125.801,81.89015316963196,1745967125.801,81.89015316963196,1745967125.801,81.89015316963196
1745967126.048,82.13702607154846,1745967126.048,82.13702607154846,1745967126.048,82.13702607154846,1745967126.048,82.13702607154846
1745967126.311,82.40031313896179,1745967126.311,82.40031313896179,1745967126.311,82.40031313896179,1745967126.311,82.40031313896179
1745967126.575,82.6638650894165,1745967126.575,82.6638650894165,1745967126.575,82.6638650894165,1745967126.575,82.6638650894165
1745967126.839,82.92766666412354,1745967126.839,82.92766666412354,1745967126.839,82.92766666412354,1745967126.839,82.92766666412354
1745967127.103,83.19232416152954,1745967127.103,83.19232416152954,1745967127.103,83.19232416152954,1745967127.103,83.19232416152954
1745967127.382,83.47139000892639,1745967127.382,83.47139000892639,1745967127.382,83.47139000892639,1745967127.382,83.47139000892639
1745967127.631,83.72005081176758,1745967127.631,83.72005081176758,1745967127.631,83.72005081176758,1745967127.631,83.72005081176758
1745967127.893,83.98224592208862,1745967127.893,83.98224592208862,1745967127.893,83.98224592208862,1745967127.893,83.98224592208862
1745967128.141,84.22983193397522,1745967128.141,84.22983193397522,1745967128.141,84.22983193397522,1745967128.141,84.22983193397522
1745967128.401,84.48994898796082,1745967128.401,84.48994898796082,1745967128.401,84.48994898796082,1745967128.401,84.48994898796082
1745967128.65,84.7393786907196,1745967128.65,84.7393786907196,1745967128.65,84.7393786907196,1745967128.65,84.7393786907196
1745967128.915,85.00390625,1745967128.915,85.00390625,1745967128.915,85.00390625,1745967128.915,85.00390625
1745967129.177,85.26598167419434,1745967129.177,85.26598167419434,1745967129.177,85.26598167419434,1745967129.177,85.26598167419434
1745967129.438,85.52741980552673,1745967129.438,85.52741980552673,1745967129.438,85.52741980552673,1745967129.438,85.52741980552673
1745967129.698,85.78707146644592,1745967129.698,85.78707146644592,1745967129.698,85.78707146644592,1745967129.698,85.78707146644592
1745967129.946,86.03532385826111,1745967129.946,86.03532385826111,1745967129.946,86.03532385826111,1745967129.946,86.03532385826111
1745967130.208,86.29647827148438,1745967130.208,86.29647827148438,1745967130.208,86.29647827148438,1745967130.208,86.29647827148438
1745967130.471,86.55975365638733,1745967130.471,86.55975365638733,1745967130.471,86.55975365638733,1745967130.471,86.55975365638733
1745967130.732,86.82115364074707,1745967130.732,86.82115364074707,1745967130.732,86.82115364074707,1745967130.732,86.82115364074707
1745967130.997,87.08564376831055,1745967130.997,87.08564376831055,1745967130.997,87.08564376831055,1745967130.997,87.08564376831055
1745967131.259,87.3482301235199,1745967131.259,87.3482301235199,1745967131.259,87.3482301235199,1745967131.259,87.3482301235199
1745967131.509,87.5978569984436,1745967131.509,87.5978569984436,1745967131.509,87.5978569984436,1745967131.509,87.5978569984436
1745967131.73,87.81915187835693,1745967131.73,87.81915187835693,1745967131.73,87.81915187835693,1745967131.73,87.81915187835693
1745967132.006,88.0952320098877,1745967132.006,88.0952320098877,1745967132.006,88.0952320098877,1745967132.006,88.0952320098877
1745967132.27,88.35874700546265,1745967132.27,88.35874700546265,1745967132.27,88.35874700546265,1745967132.27,88.35874700546265
1745967132.515,88.6041042804718,1745967132.515,88.6041042804718,1745967132.515,88.6041042804718,1745967132.515,88.6041042804718
1745967132.775,88.86384987831116,1745967132.775,88.86384987831116,1745967132.775,88.86384987831116,1745967132.775,88.86384987831116
1745967133.036,89.12446761131287,1745967133.036,89.12446761131287,1745967133.036,89.12446761131287,1745967133.036,89.12446761131287
1745967133.285,89.37396931648254,1745967133.285,89.37396931648254,1745967133.285,89.37396931648254,1745967133.285,89.37396931648254
1745967133.533,89.62161540985107,1745967133.533,89.62161540985107,1745967133.533,89.62161540985107,1745967133.533,89.62161540985107
1745967133.796,89.88472127914429,1745967133.796,89.88472127914429,1745967133.796,89.88472127914429,1745967133.796,89.88472127914429
1745967134.047,90.1359760761261,1745967134.047,90.1359760761261,1745967134.047,90.1359760761261,1745967134.047,90.1359760761261
1745967134.308,90.39644718170166,1745967134.308,90.39644718170166,1745967134.308,90.39644718170166,1745967134.308,90.39644718170166
1745967134.585,90.67436265945435,1745967134.585,90.67436265945435,1745967134.585,90.67436265945435,1745967134.585,90.67436265945435
1745967134.848,90.93673181533813,1745967134.848,90.93673181533813,1745967134.848,90.93673181533813,1745967134.848,90.93673181533813
1745967135.112,91.20055556297302,1745967135.112,91.20055556297302,1745967135.112,91.20055556297302,1745967135.112,91.20055556297302
1745967135.374,91.4632797241211,1745967135.374,91.4632797241211,1745967135.374,91.4632797241211,1745967135.374,91.4632797241211
1745967135.637,91.72545790672302,1745967135.637,91.72545790672302,1745967135.637,91.72545790672302,1745967135.637,91.72545790672302
1745967135.9,91.98865008354187,1745967135.9,91.98865008354187,1745967135.9,91.98865008354187,1745967135.9,91.98865008354187
1745967136.148,92.23719930648804,1745967136.148,92.23719930648804,1745967136.148,92.23719930648804,1745967136.148,92.23719930648804
1745967136.397,92.48545503616333,1745967136.397,92.48545503616333,1745967136.397,92.48545503616333,1745967136.397,92.48545503616333
1745967136.658,92.74669051170349,1745967136.658,92.74669051170349,1745967136.658,92.74669051170349,1745967136.658,92.74669051170349
1745967136.92,93.00930547714233,1745967136.92,93.00930547714233,1745967136.92,93.00930547714233,1745967136.92,93.00930547714233
1745967137.183,93.27212476730347,1745967137.183,93.27212476730347,1745967137.183,93.27212476730347,1745967137.183,93.27212476730347
1745967137.46,93.54859900474548,1745967137.46,93.54859900474548,1745967137.46,93.54859900474548,1745967137.46,93.54859900474548
1745967137.725,93.81418800354004,1745967137.725,93.81418800354004,1745967137.725,93.81418800354004,1745967137.725,93.81418800354004
1745967137.971,94.06015110015869,1745967137.971,94.06015110015869,1745967137.971,94.06015110015869,1745967137.971,94.06015110015869
1745967138.221,94.31015086174011,1745967138.221,94.31015086174011,1745967138.221,94.31015086174011,1745967138.221,94.31015086174011
1745967138.483,94.5721549987793,1745967138.483,94.5721549987793,1745967138.483,94.5721549987793,1745967138.483,94.5721549987793
1745967138.731,94.82015013694763,1745967138.731,94.82015013694763,1745967138.731,94.82015013694763,1745967138.731,94.82015013694763
1745967138.997,95.08615040779114,1745967138.997,95.08615040779114,1745967138.997,95.08615040779114,1745967138.997,95.08615040779114
1745967139.259,95.34814929962158,1745967139.259,95.34814929962158,1745967139.259,95.34814929962158,1745967139.259,95.34814929962158
1745967139.506,95.59515047073364,1745967139.506,95.59515047073364,1745967139.506,95.59515047073364,1745967139.506,95.59515047073364
1745967139.74,95.82915019989014,1745967139.74,95.82915019989014,1745967139.74,95.82915019989014,1745967139.74,95.82915019989014
1745967140.002,96.09115266799927,1745967140.002,96.09115266799927,1745967140.002,96.09115266799927,1745967140.002,96.09115266799927
1745967140.264,96.35319352149963,1745967140.264,96.35319352149963,1745967140.264,96.35319352149963,1745967140.264,96.35319352149963
1745967140.524,96.61309051513672,1745967140.524,96.61309051513672,1745967140.524,96.61309051513672,1745967140.524,96.61309051513672
1745967140.77,96.8588478565216,1745967140.77,96.8588478565216,1745967140.77,96.8588478565216,1745967140.77,96.8588478565216
1745967141.032,97.12099480628967,1745967141.032,97.12099480628967,1745967141.032,97.12099480628967,1745967141.032,97.12099480628967
1745967141.293,97.38188862800598,1745967141.293,97.38188862800598,1745967141.293,97.38188862800598,1745967141.293,97.38188862800598
1745967141.571,97.6602463722229,1745967141.571,97.6602463722229,1745967141.571,97.6602463722229,1745967141.571,97.6602463722229
1745967141.824,97.91266703605652,1745967141.824,97.91266703605652,1745967141.824,97.91266703605652,1745967141.824,97.91266703605652
1745967142.102,98.19128751754761,1745967142.102,98.19128751754761,1745967142.102,98.19128751754761,1745967142.102,98.19128751754761
1745967142.351,98.43949484825134,1745967142.351,98.43949484825134,1745967142.351,98.43949484825134,1745967142.351,98.43949484825134
1745967142.613,98.70197701454163,1745967142.613,98.70197701454163,1745967142.613,98.70197701454163,1745967142.613,98.70197701454163
1745967142.877,98.96628046035767,1745967142.877,98.96628046035767,1745967142.877,98.96628046035767,1745967142.877,98.96628046035767
1745967143.141,99.23009657859802,1745967143.141,99.23009657859802,1745967143.141,99.23009657859802,1745967143.141,99.23009657859802
1745967143.404,99.49341893196106,1745967143.404,99.49341893196106,1745967143.404,99.49341893196106,1745967143.404,99.49341893196106
1745967143.651,99.73943185806274,1745967143.651,99.73943185806274,1745967143.651,99.73943185806274,1745967143.651,99.73943185806274
1745967143.913,100.00161647796631,1745967143.913,100.00161647796631,1745967143.913,100.00161647796631,1745967143.913,100.00161647796631
1745967144.16,100.2488489151001,1745967144.16,100.2488489151001,1745967144.16,100.2488489151001,1745967144.16,100.2488489151001
1745967144.422,100.5108482837677,1745967144.422,100.5108482837677,1745967144.422,100.5108482837677,1745967144.422,100.5108482837677
1745967144.684,100.77247357368469,1745967144.684,100.77247357368469,1745967144.684,100.77247357368469,1745967144.684,100.77247357368469
1745967144.959,101.04833769798279,1745967144.959,101.04833769798279,1745967144.959,101.04833769798279,1745967144.959,101.04833769798279
1745967145.219,101.30805158615112,1745967145.219,101.30805158615112,1745967145.219,101.30805158615112,1745967145.219,101.30805158615112
1745967145.479,101.5680103302002,1745967145.479,101.5680103302002,1745967145.479,101.5680103302002,1745967145.479,101.5680103302002
1745967145.743,101.832359790802,1745967145.743,101.832359790802,1745967145.743,101.832359790802,1745967145.743,101.832359790802
1745967145.991,102.0802366733551,1745967145.991,102.0802366733551,1745967145.991,102.0802366733551,1745967145.991,102.0802366733551
1745967146.257,102.34552812576294,1745967146.257,102.34552812576294,1745967146.257,102.34552812576294,1745967146.257,102.34552812576294
1745967146.518,102.60644936561584,1745967146.518,102.60644936561584,1745967146.518,102.60644936561584,1745967146.518,102.60644936561584
1745967146.782,102.87088298797607,1745967146.782,102.87088298797607,1745967146.782,102.87088298797607,1745967146.782,102.87088298797607
1745967147.015,103.10393071174622,1745967147.015,103.10393071174622,1745967147.015,103.10393071174622,1745967147.015,103.10393071174622
1745967147.262,103.3512830734253,1745967147.262,103.3512830734253,1745967147.262,103.3512830734253,1745967147.262,103.3512830734253
1745967147.539,103.62840962409973,1745967147.539,103.62840962409973,1745967147.539,103.62840962409973,1745967147.539,103.62840962409973
1745967147.786,103.875408411026,1745967147.786,103.875408411026,1745967147.786,103.875408411026,1745967147.786,103.875408411026
1745967148.026,104.11464500427246,1745967148.026,104.11464500427246,1745967148.026,104.11464500427246,1745967148.026,104.11464500427246
1745967148.297,104.38595700263977,1745967148.297,104.38595700263977,1745967148.297,104.38595700263977,1745967148.297,104.38595700263977
1745967148.56,104.6485025882721,1745967148.56,104.6485025882721,1745967148.56,104.6485025882721,1745967148.56,104.6485025882721
1745967148.808,104.89742302894592,1745967148.808,104.89742302894592,1745967148.808,104.89742302894592,1745967148.808,104.89742302894592
1745967149.07,105.15852165222168,1745967149.07,105.15852165222168,1745967149.07,105.15852165222168,1745967149.07,105.15852165222168
1745967149.318,105.4070086479187,1745967149.318,105.4070086479187,1745967149.318,105.4070086479187,1745967149.318,105.4070086479187
1745967149.583,105.67174553871155,1745967149.583,105.67174553871155,1745967149.583,105.67174553871155,1745967149.583,105.67174553871155
1745967149.815,105.90408229827881,1745967149.815,105.90408229827881,1745967149.815,105.90408229827881,1745967149.815,105.90408229827881
1745967150.066,106.15445685386658,1745967150.066,106.15445685386658,1745967150.066,106.15445685386658,1745967150.066,106.15445685386658
1745967150.325,106.41438817977905,1745967150.325,106.41438817977905,1745967150.325,106.41438817977905,1745967150.325,106.41438817977905
1745967150.589,106.67793726921082,1745967150.589,106.67793726921082,1745967150.589,106.67793726921082,1745967150.589,106.67793726921082
1745967150.854,106.94283676147461,1745967150.854,106.94283676147461,1745967150.854,106.94283676147461,1745967150.854,106.94283676147461
1745967151.115,107.2044141292572,1745967151.115,107.2044141292572,1745967151.115,107.2044141292572,1745967151.115,107.2044141292572
1745967151.377,107.46577501296997,1745967151.377,107.46577501296997,1745967151.377,107.46577501296997,1745967151.377,107.46577501296997
1745967151.641,107.72971057891846,1745967151.641,107.72971057891846,1745967151.641,107.72971057891846,1745967151.641,107.72971057891846
1745967151.904,107.99260425567627,1745967151.904,107.99260425567627,1745967151.904,107.99260425567627,1745967151.904,107.99260425567627
1745967152.179,108.26748752593994,1745967152.179,108.26748752593994,1745967152.179,108.26748752593994,1745967152.179,108.26748752593994
1745967152.443,108.53218507766724,1745967152.443,108.53218507766724,1745967152.443,108.53218507766724,1745967152.443,108.53218507766724
1745967152.706,108.79526972770691,1745967152.706,108.79526972770691,1745967152.706,108.79526972770691,1745967152.706,108.79526972770691
1745967152.972,109.06108951568604,1745967152.972,109.06108951568604,1745967152.972,109.06108951568604,1745967152.972,109.06108951568604
1745967153.236,109.32459998130798,1745967153.236,109.32459998130798,1745967153.236,109.32459998130798,1745967153.236,109.32459998130798
1745967153.499,109.58771324157715,1745967153.499,109.58771324157715,1745967153.499,109.58771324157715,1745967153.499,109.58771324157715
1745967153.748,109.83663868904114,1745967153.748,109.83663868904114,1745967153.748,109.83663868904114,1745967153.748,109.83663868904114
1745967154.023,110.11231136322021,1745967154.023,110.11231136322021,1745967154.023,110.11231136322021,1745967154.023,110.11231136322021
1745967154.272,110.36070227622986,1745967154.272,110.36070227622986,1745967154.272,110.36070227622986,1745967154.272,110.36070227622986
1745967154.535,110.62357568740845,1745967154.535,110.62357568740845,1745967154.535,110.62357568740845,1745967154.535,110.62357568740845
1745967154.785,110.87357592582703,1745967154.785,110.87357592582703,1745967154.785,110.87357592582703,1745967154.785,110.87357592582703
1745967155.032,111.12061309814453,1745967155.032,111.12061309814453,1745967155.032,111.12061309814453,1745967155.032,111.12061309814453
1745967155.298,111.38657546043396,1745967155.298,111.38657546043396,1745967155.298,111.38657546043396,1745967155.298,111.38657546043396
1745967155.562,111.6505753993988,1745967155.562,111.6505753993988,1745967155.562,111.6505753993988,1745967155.562,111.6505753993988
1745967155.81,111.8985755443573,1745967155.81,111.8985755443573,1745967155.81,111.8985755443573,1745967155.81,111.8985755443573
1745967156.057,112.1461672782898,1745967156.057,112.1461672782898,1745967156.057,112.1461672782898,1745967156.057,112.1461672782898
1745967156.323,112.4122052192688,1745967156.323,112.4122052192688,1745967156.323,112.4122052192688,1745967156.323,112.4122052192688
1745967156.601,112.69016766548157,1745967156.601,112.69016766548157,1745967156.601,112.69016766548157,1745967156.601,112.69016766548157
1745967156.866,112.95479679107666,1745967156.866,112.95479679107666,1745967156.866,112.95479679107666,1745967156.866,112.95479679107666
1745967157.112,113.20081615447998,1745967157.112,113.20081615447998,1745967157.112,113.20081615447998,1745967157.112,113.20081615447998
1745967157.374,113.46305727958679,1745967157.374,113.46305727958679,1745967157.374,113.46305727958679,1745967157.374,113.46305727958679
1745967157.637,113.72615313529968,1745967157.637,113.72615313529968,1745967157.637,113.72615313529968,1745967157.637,113.72615313529968
1745967157.9,113.9890968799591,1745967157.9,113.9890968799591,1745967157.9,113.9890968799591,1745967157.9,113.9890968799591
1745967158.165,114.25397753715515,1745967158.165,114.25397753715515,1745967158.165,114.25397753715515,1745967158.165,114.25397753715515
1745967158.414,114.50302076339722,1745967158.414,114.50302076339722,1745967158.414,114.50302076339722,1745967158.414,114.50302076339722
1745967158.679,114.7674560546875,1745967158.679,114.7674560546875,1745967158.679,114.7674560546875,1745967158.679,114.7674560546875
1745967158.925,115.01381993293762,1745967158.925,115.01381993293762,1745967158.925,115.01381993293762,1745967158.925,115.01381993293762
1745967159.188,115.27686047554016,1745967159.188,115.27686047554016,1745967159.188,115.27686047554016,1745967159.188,115.27686047554016
1745967159.45,115.5394058227539,1745967159.45,115.5394058227539,1745967159.45,115.5394058227539,1745967159.45,115.5394058227539
1745967159.714,115.80259895324707,1745967159.714,115.80259895324707,1745967159.714,115.80259895324707,1745967159.714,115.80259895324707
1745967159.991,116.07945227622986,1745967159.991,116.07945227622986,1745967159.991,116.07945227622986,1745967159.991,116.07945227622986
1745967160.236,116.32515048980713,1745967160.236,116.32515048980713,1745967160.236,116.32515048980713,1745967160.236,116.32515048980713
1745967160.499,116.58806204795837,1745967160.499,116.58806204795837,1745967160.499,116.58806204795837,1745967160.499,116.58806204795837
1745967160.746,116.83467888832092,1745967160.746,116.83467888832092,1745967160.746,116.83467888832092,1745967160.746,116.83467888832092
1745967161.01,117.09927916526794,1745967161.01,117.09927916526794,1745967161.01,117.09927916526794,1745967161.01,117.09927916526794
1745967161.288,117.37724089622498,1745967161.288,117.37724089622498,1745967161.288,117.37724089622498,1745967161.288,117.37724089622498
1745967161.549,117.63778281211853,1745967161.549,117.63778281211853,1745967161.549,117.63778281211853,1745967161.549,117.63778281211853
1745967161.812,117.90122699737549,1745967161.812,117.90122699737549,1745967161.812,117.90122699737549,1745967161.812,117.90122699737549
1745967162.072,118.16113686561584,1745967162.072,118.16113686561584,1745967162.072,118.16113686561584,1745967162.072,118.16113686561584
1745967162.349,118.43798685073853,1745967162.349,118.43798685073853,1745967162.349,118.43798685073853,1745967162.349,118.43798685073853
1745967162.597,118.68632531166077,1745967162.597,118.68632531166077,1745967162.597,118.68632531166077,1745967162.597,118.68632531166077
1745967162.861,118.94983983039856,1745967162.861,118.94983983039856,1745967162.861,118.94983983039856,1745967162.861,118.94983983039856
1745967163.126,119.21533584594727,1745967163.126,119.21533584594727,1745967163.126,119.21533584594727,1745967163.126,119.21533584594727
1745967163.373,119.46213841438293,1745967163.373,119.46213841438293,1745967163.373,119.46213841438293,1745967163.373,119.46213841438293
1745967163.623,119.71145725250244,1745967163.623,119.71145725250244,1745967163.623,119.71145725250244,1745967163.623,119.71145725250244
1745967163.886,119.97480154037476,1745967163.886,119.97480154037476,1745967163.886,119.97480154037476,1745967163.886,119.97480154037476
1745967164.135,120.22413372993469,1745967164.135,120.22413372993469,1745967164.135,120.22413372993469,1745967164.135,120.22413372993469
1745967164.412,120.50055050849915,1745967164.412,120.50055050849915,1745967164.412,120.50055050849915,1745967164.412,120.50055050849915
1745967164.672,120.76119923591614,1745967164.672,120.76119923591614,1745967164.672,120.76119923591614,1745967164.672,120.76119923591614
1745967164.937,121.02554726600647,1745967164.937,121.02554726600647,1745967164.937,121.02554726600647,1745967164.937,121.02554726600647
1745967165.198,121.28706192970276,1745967165.198,121.28706192970276,1745967165.198,121.28706192970276,1745967165.198,121.28706192970276
1745967165.461,121.54949808120728,1745967165.461,121.54949808120728,1745967165.461,121.54949808120728,1745967165.461,121.54949808120728
1745967165.711,121.80005979537964,1745967165.711,121.80005979537964,1745967165.711,121.80005979537964,1745967165.711,121.80005979537964
1745967165.96,122.04913687705994,1745967165.96,122.04913687705994,1745967165.96,122.04913687705994,1745967165.96,122.04913687705994
