timestamp,time,timestamp6,time2,timestamp2,time3,timestamp3,time9
1745967192.336,0.04894733428955078,1745967192.336,0.04894733428955078,1745967192.336,0.04894733428955078,1745967192.336,0.04894733428955078
1745967192.573,0.28594493865966797,1745967192.573,0.28594493865966797,1745967192.573,0.28594493865966797,1745967192.573,0.28594493865966797
1745967192.824,0.5369813442230225,1745967192.824,0.5369813442230225,1745967192.824,0.5369813442230225,1745967192.824,0.5369813442230225
1745967193.077,0.7895514965057373,1745967193.077,0.7895514965057373,1745967193.077,0.7895514965057373,1745967193.077,0.7895514965057373
1745967193.341,1.0535175800323486,1745967193.341,1.0535175800323486,1745967193.341,1.0535175800323486,1745967193.341,1.0535175800323486
1745967193.604,1.3165524005889893,1745967193.604,1.3165524005889893,1745967193.604,1.3165524005889893,1745967193.604,1.3165524005889893
1745967193.881,1.5935158729553223,1745967193.881,1.5935158729553223,1745967193.881,1.5935158729553223,1745967193.881,1.5935158729553223
1745967194.113,1.8251407146453857,1745967194.113,1.8251407146453857,1745967194.113,1.8251407146453857,1745967194.113,1.8251407146453857
1745967194.374,2.0862488746643066,1745967194.374,2.0862488746643066,1745967194.374,2.0862488746643066,1745967194.374,2.0862488746643066
1745967194.621,2.333810806274414,1745967194.621,2.333810806274414,1745967194.621,2.333810806274414,1745967194.621,2.333810806274414
1745967194.884,2.596334218978882,1745967194.884,2.596334218978882,1745967194.884,2.596334218978882,1745967194.884,2.596334218978882
1745967195.134,2.8462789058685303,1745967195.134,2.8462789058685303,1745967195.134,2.8462789058685303,1745967195.134,2.8462789058685303
1745967195.367,3.079310417175293,1745967195.367,3.079310417175293,1745967195.367,3.079310417175293,1745967195.367,3.079310417175293
1745967195.63,3.342977523803711,1745967195.63,3.342977523803711,1745967195.63,3.342977523803711,1745967195.63,3.342977523803711
1745967195.894,3.6060256958007812,1745967195.894,3.6060256958007812,1745967195.894,3.6060256958007812,1745967195.894,3.6060256958007812
1745967196.155,3.8670592308044434,1745967196.155,3.8670592308044434,1745967196.155,3.8670592308044434,1745967196.155,3.8670592308044434
1745967196.416,4.128588914871216,1745967196.416,4.128588914871216,1745967196.416,4.128588914871216,1745967196.416,4.128588914871216
1745967196.695,4.407271862030029,1745967196.695,4.407271862030029,1745967196.695,4.407271862030029,1745967196.695,4.407271862030029
1745967196.959,4.6716320514678955,1745967196.959,4.6716320514678955,1745967196.959,4.6716320514678955,1745967196.959,4.6716320514678955
1745967197.223,4.935231685638428,1745967197.223,4.935231685638428,1745967197.223,4.935231685638428,1745967197.223,4.935231685638428
1745967197.487,5.199775695800781,1745967197.487,5.199775695800781,1745967197.487,5.199775695800781,1745967197.487,5.199775695800781
1745967197.751,5.463190793991089,1745967197.751,5.463190793991089,1745967197.751,5.463190793991089,1745967197.751,5.463190793991089
1745967198.013,5.725110769271851,1745967198.013,5.725110769271851,1745967198.013,5.725110769271851,1745967198.013,5.725110769271851
1745967198.276,5.989017963409424,1745967198.276,5.989017963409424,1745967198.276,5.989017963409424,1745967198.276,5.989017963409424
1745967198.553,6.265125513076782,1745967198.553,6.265125513076782,1745967198.553,6.265125513076782,1745967198.553,6.265125513076782
1745967198.814,6.526552438735962,1745967198.814,6.526552438735962,1745967198.814,6.526552438735962,1745967198.814,6.526552438735962
1745967199.079,6.791908264160156,1745967199.079,6.791908264160156,1745967199.079,6.791908264160156,1745967199.079,6.791908264160156
1745967199.34,7.052546739578247,1745967199.34,7.052546739578247,1745967199.34,7.052546739578247,1745967199.34,7.052546739578247
1745967199.605,7.317494869232178,1745967199.605,7.317494869232178,1745967199.605,7.317494869232178,1745967199.605,7.317494869232178
1745967199.882,7.594634532928467,1745967199.882,7.594634532928467,1745967199.882,7.594634532928467,1745967199.882,7.594634532928467
1745967200.131,7.843562364578247,1745967200.131,7.843562364578247,1745967200.131,7.843562364578247,1745967200.131,7.843562364578247
1745967200.391,8.103496313095093,1745967200.391,8.103496313095093,1745967200.391,8.103496313095093,1745967200.391,8.103496313095093
1745967200.652,8.364616394042969,1745967200.652,8.364616394042969,1745967200.652,8.364616394042969,1745967200.652,8.364616394042969
1745967200.911,8.623895168304443,1745967200.911,8.623895168304443,1745967200.911,8.623895168304443,1745967200.911,8.623895168304443
1745967201.158,8.870458841323853,1745967201.158,8.870458841323853,1745967201.158,8.870458841323853,1745967201.158,8.870458841323853
1745967201.422,9.134862422943115,1745967201.422,9.134862422943115,1745967201.422,9.134862422943115,1745967201.422,9.134862422943115
1745967201.683,9.395906925201416,1745967201.683,9.395906925201416,1745967201.683,9.395906925201416,1745967201.683,9.395906925201416
1745967201.95,9.662028789520264,1745967201.95,9.662028789520264,1745967201.95,9.662028789520264,1745967201.95,9.662028789520264
1745967202.225,9.937117576599121,1745967202.225,9.937117576599121,1745967202.225,9.937117576599121,1745967202.225,9.937117576599121
1745967202.487,10.19981598854065,1745967202.487,10.19981598854065,1745967202.487,10.19981598854065,1745967202.487,10.19981598854065
1745967202.751,10.463904857635498,1745967202.751,10.463904857635498,1745967202.751,10.463904857635498,1745967202.751,10.463904857635498
1745967203.012,10.724992990493774,1745967203.012,10.724992990493774,1745967203.012,10.724992990493774,1745967203.012,10.724992990493774
1745967203.282,10.99496603012085,1745967203.282,10.99496603012085,1745967203.282,10.99496603012085,1745967203.282,10.99496603012085
1745967203.549,11.261226177215576,1745967203.549,11.261226177215576,1745967203.549,11.261226177215576,1745967203.549,11.261226177215576
1745967203.811,11.523280382156372,1745967203.811,11.523280382156372,1745967203.811,11.523280382156372,1745967203.811,11.523280382156372
1745967204.075,11.78757095336914,1745967204.075,11.78757095336914,1745967204.075,11.78757095336914,1745967204.075,11.78757095336914
1745967204.315,12.027987480163574,1745967204.315,12.027987480163574,1745967204.315,12.027987480163574,1745967204.315,12.027987480163574
1745967204.568,12.280266284942627,1745967204.568,12.280266284942627,1745967204.568,12.280266284942627,1745967204.568,12.280266284942627
1745967204.831,12.543585300445557,1745967204.831,12.543585300445557,1745967204.831,12.543585300445557,1745967204.831,12.543585300445557
1745967205.093,12.80577301979065,1745967205.093,12.80577301979065,1745967205.093,12.80577301979065,1745967205.093,12.80577301979065
1745967205.357,13.06956958770752,1745967205.357,13.06956958770752,1745967205.357,13.06956958770752,1745967205.357,13.06956958770752
1745967205.62,13.332869052886963,1745967205.62,13.332869052886963,1745967205.62,13.332869052886963,1745967205.62,13.332869052886963
1745967205.897,13.609999418258667,1745967205.897,13.609999418258667,1745967205.897,13.609999418258667,1745967205.897,13.609999418258667
1745967206.147,13.85958981513977,1745967206.147,13.85958981513977,1745967206.147,13.85958981513977,1745967206.147,13.85958981513977
1745967206.411,14.123405694961548,1745967206.411,14.123405694961548,1745967206.411,14.123405694961548,1745967206.411,14.123405694961548
1745967206.67,14.382175207138062,1745967206.67,14.382175207138062,1745967206.67,14.382175207138062,1745967206.67,14.382175207138062
1745967206.934,14.646229982376099,1745967206.934,14.646229982376099,1745967206.934,14.646229982376099,1745967206.934,14.646229982376099
1745967207.197,14.909411430358887,1745967207.197,14.909411430358887,1745967207.197,14.909411430358887,1745967207.197,14.909411430358887
1745967207.432,15.144252300262451,1745967207.432,15.144252300262451,1745967207.432,15.144252300262451,1745967207.432,15.144252300262451
1745967207.71,15.42301607131958,1745967207.71,15.42301607131958,1745967207.71,15.42301607131958,1745967207.71,15.42301607131958
1745967207.972,15.684688329696655,1745967207.972,15.684688329696655,1745967207.972,15.684688329696655,1745967207.972,15.684688329696655
1745967208.236,15.948648691177368,1745967208.236,15.948648691177368,1745967208.236,15.948648691177368,1745967208.236,15.948648691177368
1745967208.496,16.208683967590332,1745967208.496,16.208683967590332,1745967208.496,16.208683967590332,1745967208.496,16.208683967590332
1745967208.76,16.472601413726807,1745967208.76,16.472601413726807,1745967208.76,16.472601413726807,1745967208.76,16.472601413726807
1745967209.022,16.734605073928833,1745967209.022,16.734605073928833,1745967209.022,16.734605073928833,1745967209.022,16.734605073928833
1745967209.272,16.98460030555725,1745967209.272,16.98460030555725,1745967209.272,16.98460030555725,1745967209.272,16.98460030555725
1745967209.52,17.23249840736389,1745967209.52,17.23249840736389,1745967209.52,17.23249840736389,1745967209.52,17.23249840736389
1745967209.785,17.497499465942383,1745967209.785,17.497499465942383,1745967209.785,17.497499465942383,1745967209.785,17.497499465942383
1745967210.032,17.74449849128723,1745967210.032,17.74449849128723,1745967210.032,17.74449849128723,1745967210.032,17.74449849128723
1745967210.282,17.994499683380127,1745967210.282,17.994499683380127,1745967210.282,17.994499683380127,1745967210.282,17.994499683380127
1745967210.545,18.257497549057007,1745967210.545,18.257497549057007,1745967210.545,18.257497549057007,1745967210.545,18.257497549057007
1745967210.821,18.533530473709106,1745967210.821,18.533530473709106,1745967210.821,18.533530473709106,1745967210.821,18.533530473709106
1745967211.085,18.797546863555908,1745967211.085,18.797546863555908,1745967211.085,18.797546863555908,1745967211.085,18.797546863555908
1745967211.348,19.060810565948486,1745967211.348,19.060810565948486,1745967211.348,19.060810565948486,1745967211.348,19.060810565948486
1745967211.61,19.32220220565796,1745967211.61,19.32220220565796,1745967211.61,19.32220220565796,1745967211.61,19.32220220565796
1745967211.873,19.58513069152832,1745967211.873,19.58513069152832,1745967211.873,19.58513069152832,1745967211.873,19.58513069152832
1745967212.135,19.847739458084106,1745967212.135,19.847739458084106,1745967212.135,19.847739458084106,1745967212.135,19.847739458084106
1745967212.385,20.098010063171387,1745967212.385,20.098010063171387,1745967212.385,20.098010063171387,1745967212.385,20.098010063171387
1745967212.664,20.376036882400513,1745967212.664,20.376036882400513,1745967212.664,20.376036882400513,1745967212.664,20.376036882400513
1745967212.912,20.624083995819092,1745967212.912,20.624083995819092,1745967212.912,20.624083995819092,1745967212.912,20.624083995819092
1745967213.161,20.873908281326294,1745967213.161,20.873908281326294,1745967213.161,20.873908281326294,1745967213.161,20.873908281326294
1745967213.393,21.105729579925537,1745967213.393,21.105729579925537,1745967213.393,21.105729579925537,1745967213.393,21.105729579925537
1745967213.656,21.368080377578735,1745967213.656,21.368080377578735,1745967213.656,21.368080377578735,1745967213.656,21.368080377578735
1745967213.917,21.629555702209473,1745967213.917,21.629555702209473,1745967213.917,21.629555702209473,1745967213.917,21.629555702209473
1745967214.168,21.880244970321655,1745967214.168,21.880244970321655,1745967214.168,21.880244970321655,1745967214.168,21.880244970321655
1745967214.418,22.1306049823761,1745967214.418,22.1306049823761,1745967214.418,22.1306049823761,1745967214.418,22.1306049823761
1745967214.691,22.403051614761353,1745967214.691,22.403051614761353,1745967214.691,22.403051614761353,1745967214.691,22.403051614761353
1745967214.954,22.666141033172607,1745967214.954,22.666141033172607,1745967214.954,22.666141033172607,1745967214.954,22.666141033172607
1745967215.202,22.91442108154297,1745967215.202,22.91442108154297,1745967215.202,22.91442108154297,1745967215.202,22.91442108154297
1745967215.434,23.14683771133423,1745967215.434,23.14683771133423,1745967215.434,23.14683771133423,1745967215.434,23.14683771133423
1745967215.699,23.411725282669067,1745967215.699,23.411725282669067,1745967215.699,23.411725282669067,1745967215.699,23.411725282669067
1745967215.947,23.659764051437378,1745967215.947,23.659764051437378,1745967215.947,23.659764051437378,1745967215.947,23.659764051437378
1745967216.211,23.923838138580322,1745967216.211,23.923838138580322,1745967216.211,23.923838138580322,1745967216.211,23.923838138580322
1745967216.435,24.147756576538086,1745967216.435,24.147756576538086,1745967216.435,24.147756576538086,1745967216.435,24.147756576538086
1745967216.707,24.419108390808105,1745967216.707,24.419108390808105,1745967216.707,24.419108390808105,1745967216.707,24.419108390808105
1745967216.969,24.681568145751953,1745967216.969,24.681568145751953,1745967216.969,24.681568145751953,1745967216.969,24.681568145751953
1745967217.23,24.94217014312744,1745967217.23,24.94217014312744,1745967217.23,24.94217014312744,1745967217.23,24.94217014312744
1745967217.493,25.205838918685913,1745967217.493,25.205838918685913,1745967217.493,25.205838918685913,1745967217.493,25.205838918685913
1745967217.756,25.468071222305298,1745967217.756,25.468071222305298,1745967217.756,25.468071222305298,1745967217.756,25.468071222305298
1745967218.017,25.729906797409058,1745967218.017,25.729906797409058,1745967218.017,25.729906797409058,1745967218.017,25.729906797409058
1745967218.282,25.99455761909485,1745967218.282,25.99455761909485,1745967218.282,25.99455761909485,1745967218.282,25.99455761909485
1745967218.543,26.255770444869995,1745967218.543,26.255770444869995,1745967218.543,26.255770444869995,1745967218.543,26.255770444869995
1745967218.804,26.516685009002686,1745967218.804,26.516685009002686,1745967218.804,26.516685009002686,1745967218.804,26.516685009002686
1745967219.068,26.780616283416748,1745967219.068,26.780616283416748,1745967219.068,26.780616283416748,1745967219.068,26.780616283416748
1745967219.333,27.045985460281372,1745967219.333,27.045985460281372,1745967219.333,27.045985460281372,1745967219.333,27.045985460281372
1745967219.566,27.27872085571289,1745967219.566,27.27872085571289,1745967219.566,27.27872085571289,1745967219.566,27.27872085571289
1745967219.829,27.54155683517456,1745967219.829,27.54155683517456,1745967219.829,27.54155683517456,1745967219.829,27.54155683517456
1745967220.076,27.788390398025513,1745967220.076,27.788390398025513,1745967220.076,27.788390398025513,1745967220.076,27.788390398025513
1745967220.324,28.036514282226562,1745967220.324,28.036514282226562,1745967220.324,28.036514282226562,1745967220.324,28.036514282226562
1745967220.587,28.29954767227173,1745967220.587,28.29954767227173,1745967220.587,28.29954767227173,1745967220.587,28.29954767227173
1745967220.837,28.549307584762573,1745967220.837,28.549307584762573,1745967220.837,28.549307584762573,1745967220.837,28.549307584762573
1745967221.099,28.811947345733643,1745967221.099,28.811947345733643,1745967221.099,28.811947345733643,1745967221.099,28.811947345733643
1745967221.344,29.05634069442749,1745967221.344,29.05634069442749,1745967221.344,29.05634069442749,1745967221.344,29.05634069442749
1745967221.61,29.322060585021973,1745967221.61,29.322060585021973,1745967221.61,29.322060585021973,1745967221.61,29.322060585021973
1745967221.875,29.58706021308899,1745967221.875,29.58706021308899,1745967221.875,29.58706021308899,1745967221.875,29.58706021308899
1745967222.139,29.85106110572815,1745967222.139,29.85106110572815,1745967222.139,29.85106110572815,1745967222.139,29.85106110572815
1745967222.399,30.11198401451111,1745967222.399,30.11198401451111,1745967222.399,30.11198401451111,1745967222.399,30.11198401451111
1745967222.662,30.374374389648438,1745967222.662,30.374374389648438,1745967222.662,30.374374389648438,1745967222.662,30.374374389648438
1745967222.923,30.63551926612854,1745967222.923,30.63551926612854,1745967222.923,30.63551926612854,1745967222.923,30.63551926612854
1745967223.185,30.897979736328125,1745967223.185,30.897979736328125,1745967223.185,30.897979736328125,1745967223.185,30.897979736328125
1745967223.445,31.15761089324951,1745967223.445,31.15761089324951,1745967223.445,31.15761089324951,1745967223.445,31.15761089324951
1745967223.706,31.418511390686035,1745967223.706,31.418511390686035,1745967223.706,31.418511390686035,1745967223.706,31.418511390686035
1745967223.969,31.68157935142517,1745967223.969,31.68157935142517,1745967223.969,31.68157935142517,1745967223.969,31.68157935142517
1745967224.233,31.945120573043823,1745967224.233,31.945120573043823,1745967224.233,31.945120573043823,1745967224.233,31.945120573043823
1745967224.497,32.20936179161072,1745967224.497,32.20936179161072,1745967224.497,32.20936179161072,1745967224.497,32.20936179161072
1745967224.758,32.47074866294861,1745967224.758,32.47074866294861,1745967224.758,32.47074866294861,1745967224.758,32.47074866294861
1745967225.022,32.73472213745117,1745967225.022,32.73472213745117,1745967225.022,32.73472213745117,1745967225.022,32.73472213745117
1745967225.27,32.982340574264526,1745967225.27,32.982340574264526,1745967225.27,32.982340574264526,1745967225.27,32.982340574264526
1745967225.534,33.24655628204346,1745967225.534,33.24655628204346,1745967225.534,33.24655628204346,1745967225.534,33.24655628204346
1745967225.797,33.509154081344604,1745967225.797,33.509154081344604,1745967225.797,33.509154081344604,1745967225.797,33.509154081344604
1745967226.062,33.7743718624115,1745967226.062,33.7743718624115,1745967226.062,33.7743718624115,1745967226.062,33.7743718624115
1745967226.325,34.03729963302612,1745967226.325,34.03729963302612,1745967226.325,34.03729963302612,1745967226.325,34.03729963302612
1745967226.575,34.28717279434204,1745967226.575,34.28717279434204,1745967226.575,34.28717279434204,1745967226.575,34.28717279434204
1745967226.822,34.53424286842346,1745967226.822,34.53424286842346,1745967226.822,34.53424286842346,1745967226.822,34.53424286842346
1745967227.086,34.798577070236206,1745967227.086,34.798577070236206,1745967227.086,34.798577070236206,1745967227.086,34.798577070236206
1745967227.335,35.047481298446655,1745967227.335,35.047481298446655,1745967227.335,35.047481298446655,1745967227.335,35.047481298446655
1745967227.597,35.30975866317749,1745967227.597,35.30975866317749,1745967227.597,35.30975866317749,1745967227.597,35.30975866317749
1745967227.859,35.571075439453125,1745967227.859,35.571075439453125,1745967227.859,35.571075439453125,1745967227.859,35.571075439453125
1745967228.12,35.832842111587524,1745967228.12,35.832842111587524,1745967228.12,35.832842111587524,1745967228.12,35.832842111587524
1745967228.37,36.08238458633423,1745967228.37,36.08238458633423,1745967228.37,36.08238458633423,1745967228.37,36.08238458633423
1745967228.608,36.320295333862305,1745967228.608,36.320295333862305,1745967228.608,36.320295333862305,1745967228.608,36.320295333862305
1745967228.882,36.594974756240845,1745967228.882,36.594974756240845,1745967228.882,36.594974756240845,1745967228.882,36.594974756240845
1745967229.145,36.85750651359558,1745967229.145,36.85750651359558,1745967229.145,36.85750651359558,1745967229.145,36.85750651359558
1745967229.407,37.11991024017334,1745967229.407,37.11991024017334,1745967229.407,37.11991024017334,1745967229.407,37.11991024017334
1745967229.66,37.37292432785034,1745967229.66,37.37292432785034,1745967229.66,37.37292432785034,1745967229.66,37.37292432785034
1745967229.889,37.601911306381226,1745967229.889,37.601911306381226,1745967229.889,37.601911306381226,1745967229.889,37.601911306381226
1745967230.143,37.85516810417175,1745967230.143,37.85516810417175,1745967230.143,37.85516810417175,1745967230.143,37.85516810417175
1745967230.405,38.11739635467529,1745967230.405,38.11739635467529,1745967230.405,38.11739635467529,1745967230.405,38.11739635467529
1745967230.653,38.36509943008423,1745967230.653,38.36509943008423,1745967230.653,38.36509943008423,1745967230.653,38.36509943008423
1745967230.901,38.613121509552,1745967230.901,38.613121509552,1745967230.901,38.613121509552,1745967230.901,38.613121509552
1745967231.151,38.86373543739319,1745967231.151,38.86373543739319,1745967231.151,38.86373543739319,1745967231.151,38.86373543739319
1745967231.416,39.12816786766052,1745967231.416,39.12816786766052,1745967231.416,39.12816786766052,1745967231.416,39.12816786766052
1745967231.664,39.37630009651184,1745967231.664,39.37630009651184,1745967231.664,39.37630009651184,1745967231.664,39.37630009651184
1745967231.913,39.62518501281738,1745967231.913,39.62518501281738,1745967231.913,39.62518501281738,1745967231.913,39.62518501281738
1745967232.176,39.88878417015076,1745967232.176,39.88878417015076,1745967232.176,39.88878417015076,1745967232.176,39.88878417015076
1745967232.442,40.15453290939331,1745967232.442,40.15453290939331,1745967232.442,40.15453290939331,1745967232.442,40.15453290939331
1745967232.691,40.40331053733826,1745967232.691,40.40331053733826,1745967232.691,40.40331053733826,1745967232.691,40.40331053733826
1745967232.955,40.66767883300781,1745967232.955,40.66767883300781,1745967232.955,40.66767883300781,1745967232.955,40.66767883300781
1745967233.218,40.93029499053955,1745967233.218,40.93029499053955,1745967233.218,40.93029499053955,1745967233.218,40.93029499053955
1745967233.482,41.1942663192749,1745967233.482,41.1942663192749,1745967233.482,41.1942663192749,1745967233.482,41.1942663192749
1745967233.744,41.45696568489075,1745967233.744,41.45696568489075,1745967233.744,41.45696568489075,1745967233.744,41.45696568489075
1745967234.023,41.73542022705078,1745967234.023,41.73542022705078,1745967234.023,41.73542022705078,1745967234.023,41.73542022705078
1745967234.285,41.99721670150757,1745967234.285,41.99721670150757,1745967234.285,41.99721670150757,1745967234.285,41.99721670150757
1745967234.547,42.25952672958374,1745967234.547,42.25952672958374,1745967234.547,42.25952672958374,1745967234.547,42.25952672958374
1745967234.81,42.52283310890198,1745967234.81,42.52283310890198,1745967234.81,42.52283310890198,1745967234.81,42.52283310890198
1745967235.075,42.787835121154785,1745967235.075,42.787835121154785,1745967235.075,42.787835121154785,1745967235.075,42.787835121154785
1745967235.338,43.050461530685425,1745967235.338,43.050461530685425,1745967235.338,43.050461530685425,1745967235.338,43.050461530685425
1745967235.615,43.32704830169678,1745967235.615,43.32704830169678,1745967235.615,43.32704830169678,1745967235.615,43.32704830169678
1745967235.864,43.576266288757324,1745967235.864,43.576266288757324,1745967235.864,43.576266288757324,1745967235.864,43.576266288757324
1745967236.128,43.84015345573425,1745967236.128,43.84015345573425,1745967236.128,43.84015345573425,1745967236.128,43.84015345573425
1745967236.39,44.1027889251709,1745967236.39,44.1027889251709,1745967236.39,44.1027889251709,1745967236.39,44.1027889251709
1745967236.654,44.366610288619995,1745967236.654,44.366610288619995,1745967236.654,44.366610288619995,1745967236.654,44.366610288619995
1745967236.905,44.617525577545166,1745967236.905,44.617525577545166,1745967236.905,44.617525577545166,1745967236.905,44.617525577545166
1745967237.155,44.867372035980225,1745967237.155,44.867372035980225,1745967237.155,44.867372035980225,1745967237.155,44.867372035980225
1745967237.403,45.115039110183716,1745967237.403,45.115039110183716,1745967237.403,45.115039110183716,1745967237.403,45.115039110183716
1745967237.651,45.36313724517822,1745967237.651,45.36313724517822,1745967237.651,45.36313724517822,1745967237.651,45.36313724517822
1745967237.928,45.64038038253784,1745967237.928,45.64038038253784,1745967237.928,45.64038038253784,1745967237.928,45.64038038253784
1745967238.189,45.90141415596008,1745967238.189,45.90141415596008,1745967238.189,45.90141415596008,1745967238.189,45.90141415596008
1745967238.452,46.16425943374634,1745967238.452,46.16425943374634,1745967238.452,46.16425943374634,1745967238.452,46.16425943374634
1745967238.715,46.42712378501892,1745967238.715,46.42712378501892,1745967238.715,46.42712378501892,1745967238.715,46.42712378501892
1745967238.963,46.67527198791504,1745967238.963,46.67527198791504,1745967238.963,46.67527198791504,1745967238.963,46.67527198791504
1745967239.243,46.95539927482605,1745967239.243,46.95539927482605,1745967239.243,46.95539927482605,1745967239.243,46.95539927482605
1745967239.504,47.21642708778381,1745967239.504,47.21642708778381,1745967239.504,47.21642708778381,1745967239.504,47.21642708778381
1745967239.751,47.463749408721924,1745967239.751,47.463749408721924,1745967239.751,47.463749408721924,1745967239.751,47.463749408721924
1745967240.0,47.712560415267944,1745967240.0,47.712560415267944,1745967240.0,47.712560415267944,1745967240.0,47.712560415267944
1745967240.258,47.970213890075684,1745967240.258,47.970213890075684,1745967240.258,47.970213890075684,1745967240.258,47.970213890075684
1745967240.498,48.210352659225464,1745967240.498,48.210352659225464,1745967240.498,48.210352659225464,1745967240.498,48.210352659225464
1745967240.77,48.48219323158264,1745967240.77,48.48219323158264,1745967240.77,48.48219323158264,1745967240.77,48.48219323158264
1745967241.026,48.73846411705017,1745967241.026,48.73846411705017,1745967241.026,48.73846411705017,1745967241.026,48.73846411705017
1745967241.283,48.9958975315094,1745967241.283,48.9958975315094,1745967241.283,48.9958975315094,1745967241.283,48.9958975315094
1745967241.529,49.24120473861694,1745967241.529,49.24120473861694,1745967241.529,49.24120473861694,1745967241.529,49.24120473861694
1745967241.778,49.49083876609802,1745967241.778,49.49083876609802,1745967241.778,49.49083876609802,1745967241.778,49.49083876609802
1745967242.038,49.75023651123047,1745967242.038,49.75023651123047,1745967242.038,49.75023651123047,1745967242.038,49.75023651123047
1745967242.299,50.01163172721863,1745967242.299,50.01163172721863,1745967242.299,50.01163172721863,1745967242.299,50.01163172721863
1745967242.564,50.27623128890991,1745967242.564,50.27623128890991,1745967242.564,50.27623128890991,1745967242.564,50.27623128890991
1745967242.813,50.52598333358765,1745967242.813,50.52598333358765,1745967242.813,50.52697825431824,1745967242.814,50.52697825431824
1745967243.059,50.77131652832031,1745967243.059,50.77131652832031,1745967243.059,50.77131652832031,1745967243.059,50.77131652832031
1745967243.321,51.033722162246704,1745967243.321,51.033722162246704,1745967243.321,51.033722162246704,1745967243.321,51.033722162246704
1745967243.584,51.2961208820343,1745967243.584,51.2961208820343,1745967243.584,51.2961208820343,1745967243.584,51.2961208820343
1745967243.818,51.53010559082031,1745967243.818,51.53010559082031,1745967243.818,51.53010559082031,1745967243.818,51.53010559082031
1745967244.063,51.7759735584259,1745967244.063,51.7759735584259,1745967244.063,51.7759735584259,1745967244.063,51.7759735584259
1745967244.313,52.02538299560547,1745967244.313,52.02538299560547,1745967244.313,52.02538299560547,1745967244.313,52.02538299560547
1745967244.574,52.286839723587036,1745967244.574,52.286839723587036,1745967244.574,52.286839723587036,1745967244.574,52.286839723587036
1745967244.826,52.53871726989746,1745967244.826,52.53871726989746,1745967244.826,52.53871726989746,1745967244.826,52.53871726989746
1745967245.086,52.79894161224365,1745967245.086,52.79894161224365,1745967245.086,52.79894161224365,1745967245.086,52.79894161224365
1745967245.348,53.060121297836304,1745967245.348,53.060121297836304,1745967245.348,53.060121297836304,1745967245.348,53.060121297836304
1745967245.613,53.325501918792725,1745967245.613,53.325501918792725,1745967245.613,53.325501918792725,1745967245.613,53.325501918792725
1745967245.874,53.586910009384155,1745967245.874,53.586910009384155,1745967245.874,53.586910009384155,1745967245.874,53.586910009384155
1745967246.135,53.847177028656006,1745967246.135,53.847177028656006,1745967246.135,53.847177028656006,1745967246.135,53.847177028656006
1745967246.4,54.11242723464966,1745967246.4,54.11242723464966,1745967246.4,54.11242723464966,1745967246.4,54.11242723464966
1745967246.649,54.36137628555298,1745967246.649,54.36137628555298,1745967246.649,54.36137628555298,1745967246.649,54.36137628555298
1745967246.897,54.609240770339966,1745967246.897,54.609240770339966,1745967246.897,54.609240770339966,1745967246.897,54.609240770339966
1745967247.161,54.873231172561646,1745967247.161,54.873231172561646,1745967247.161,54.873231172561646,1745967247.161,54.873231172561646
1745967247.407,55.11948919296265,1745967247.407,55.11948919296265,1745967247.407,55.11948919296265,1745967247.407,55.11948919296265
1745967247.655,55.36746835708618,1745967247.655,55.36746835708618,1745967247.655,55.36746835708618,1745967247.655,55.36746835708618
1745967247.918,55.63006329536438,1745967247.918,55.63006329536438,1745967247.918,55.63006329536438,1745967247.918,55.63006329536438
1745967248.166,55.878499269485474,1745967248.166,55.878499269485474,1745967248.166,55.878499269485474,1745967248.166,55.878499269485474
1745967248.443,56.15539813041687,1745967248.443,56.15539813041687,1745967248.443,56.15539813041687,1745967248.443,56.15539813041687
1745967248.703,56.41520071029663,1745967248.703,56.41520071029663,1745967248.703,56.41520071029663,1745967248.703,56.41520071029663
1745967248.936,56.649019718170166,1745967248.936,56.649019718170166,1745967248.936,56.649019718170166,1745967248.936,56.649019718170166
1745967249.198,56.91071105003357,1745967249.198,56.91071105003357,1745967249.198,56.91071105003357,1745967249.198,56.91071105003357
1745967249.459,57.17173361778259,1745967249.459,57.17173361778259,1745967249.459,57.17173361778259,1745967249.459,57.17173361778259
1745967249.705,57.417999505996704,1745967249.705,57.417999505996704,1745967249.705,57.417999505996704,1745967249.705,57.417999505996704
1745967249.942,57.65407466888428,1745967249.942,57.65407466888428,1745967249.942,57.65407466888428,1745967249.942,57.65407466888428
1745967250.2,57.9124538898468,1745967250.2,57.9124538898468,1745967250.2,57.9124538898468,1745967250.2,57.9124538898468
1745967250.476,58.188395500183105,1745967250.476,58.188395500183105,1745967250.476,58.188395500183105,1745967250.476,58.188395500183105
1745967250.738,58.45036864280701,1745967250.738,58.45036864280701,1745967250.738,58.45036864280701,1745967250.738,58.45036864280701
1745967251.002,58.7147855758667,1745967251.002,58.7147855758667,1745967251.002,58.7147855758667,1745967251.002,58.7147855758667
1745967251.251,58.963640451431274,1745967251.251,58.963640451431274,1745967251.251,58.963640451431274,1745967251.251,58.963640451431274
1745967251.513,59.225260496139526,1745967251.513,59.225260496139526,1745967251.513,59.225260496139526,1745967251.513,59.225260496139526
1745967251.775,59.48741793632507,1745967251.775,59.48741793632507,1745967251.775,59.48741793632507,1745967251.775,59.48741793632507
1745967252.04,59.7521870136261,1745967252.04,59.7521870136261,1745967252.04,59.7521870136261,1745967252.04,59.7521870136261
1745967252.302,60.01479911804199,1745967252.302,60.01479911804199,1745967252.302,60.01479911804199,1745967252.302,60.01479911804199
1745967252.565,60.27721977233887,1745967252.565,60.27721977233887,1745967252.565,60.27721977233887,1745967252.565,60.27721977233887
1745967252.828,60.540207862854004,1745967252.828,60.540207862854004,1745967252.828,60.540207862854004,1745967252.828,60.540207862854004
1745967253.089,60.80126333236694,1745967253.089,60.80126333236694,1745967253.089,60.80126333236694,1745967253.089,60.80126333236694
1745967253.351,61.06357669830322,1745967253.351,61.06357669830322,1745967253.351,61.06357669830322,1745967253.351,61.06357669830322
1745967253.615,61.327022314071655,1745967253.615,61.327022314071655,1745967253.615,61.327022314071655,1745967253.615,61.327022314071655
1745967253.876,61.58805298805237,1745967253.876,61.58805298805237,1745967253.876,61.58805298805237,1745967253.876,61.58805298805237
1745967254.138,61.850950479507446,1745967254.138,61.850950479507446,1745967254.138,61.850950479507446,1745967254.138,61.850950479507446
1745967254.402,62.11417889595032,1745967254.402,62.11417889595032,1745967254.402,62.11417889595032,1745967254.402,62.11417889595032
1745967254.653,62.365192890167236,1745967254.653,62.365192890167236,1745967254.653,62.365192890167236,1745967254.653,62.365192890167236
1745967254.915,62.62775635719299,1745967254.915,62.62775635719299,1745967254.915,62.62775635719299,1745967254.915,62.62775635719299
1745967255.162,62.874104261398315,1745967255.162,62.874104261398315,1745967255.162,62.874104261398315,1745967255.162,62.874104261398315
1745967255.409,63.12143588066101,1745967255.409,63.12143588066101,1745967255.409,63.12143588066101,1745967255.409,63.12143588066101
1745967255.672,63.38471436500549,1745967255.672,63.38471436500549,1745967255.672,63.38471436500549,1745967255.672,63.38471436500549
1745967255.934,63.6462926864624,1745967255.934,63.6462926864624,1745967255.934,63.6462926864624,1745967255.934,63.6462926864624
1745967256.198,63.910059452056885,1745967256.198,63.910059452056885,1745967256.198,63.910059452056885,1745967256.198,63.910059452056885
1745967256.475,64.18752408027649,1745967256.475,64.18752408027649,1745967256.475,64.18752408027649,1745967256.475,64.18752408027649
1745967256.738,64.45053219795227,1745967256.738,64.45053219795227,1745967256.738,64.45053219795227,1745967256.738,64.45053219795227
1745967256.985,64.69756984710693,1745967256.985,64.69756984710693,1745967256.985,64.69756984710693,1745967256.985,64.69756984710693
1745967257.248,64.9606773853302,1745967257.248,64.9606773853302,1745967257.248,64.9606773853302,1745967257.248,64.9606773853302
1745967257.495,65.207355260849,1745967257.495,65.207355260849,1745967257.495,65.207355260849,1745967257.495,65.207355260849
1745967257.773,65.48560333251953,1745967257.773,65.48560333251953,1745967257.773,65.48560333251953,1745967257.773,65.48560333251953
1745967258.01,65.72209453582764,1745967258.01,65.72209453582764,1745967258.01,65.72209453582764,1745967258.01,65.72209453582764
1745967258.287,65.99906897544861,1745967258.287,65.99906897544861,1745967258.287,65.99906897544861,1745967258.287,65.99906897544861
1745967258.55,66.26300692558289,1745967258.55,66.26300692558289,1745967258.55,66.26300692558289,1745967258.55,66.26300692558289
1745967258.816,66.52901411056519,1745967258.816,66.52901411056519,1745967258.816,66.52901411056519,1745967258.816,66.52901411056519
1745967259.068,66.78080582618713,1745967259.068,66.78080582618713,1745967259.068,66.78080582618713,1745967259.068,66.78080582618713
1745967259.329,67.04124450683594,1745967259.329,67.04124450683594,1745967259.329,67.04124450683594,1745967259.329,67.04124450683594
1745967259.591,67.30395793914795,1745967259.591,67.30395793914795,1745967259.591,67.30395793914795,1745967259.591,67.30395793914795
1745967259.841,67.55357909202576,1745967259.841,67.55357909202576,1745967259.841,67.55357909202576,1745967259.841,67.55357909202576
1745967260.105,67.8176805973053,1745967260.105,67.8176805973053,1745967260.105,67.8176805973053,1745967260.105,67.8176805973053
1745967260.368,68.08087539672852,1745967260.368,68.08087539672852,1745967260.368,68.08087539672852,1745967260.368,68.08087539672852
1745967260.632,68.34479141235352,1745967260.632,68.34479141235352,1745967260.632,68.34479141235352,1745967260.632,68.34479141235352
1745967260.897,68.60907745361328,1745967260.897,68.60907745361328,1745967260.897,68.60907745361328,1745967260.897,68.60907745361328
1745967261.159,68.87105512619019,1745967261.159,68.87105512619019,1745967261.159,68.87105512619019,1745967261.159,68.87105512619019
1745967261.402,69.11465764045715,1745967261.402,69.11465764045715,1745967261.402,69.11465764045715,1745967261.402,69.11465764045715
1745967261.666,69.37849879264832,1745967261.666,69.37849879264832,1745967261.666,69.37849879264832,1745967261.666,69.37849879264832
1745967261.943,69.65505957603455,1745967261.943,69.65505957603455,1745967261.943,69.65505957603455,1745967261.943,69.65505957603455
1745967262.205,69.91800117492676,1745967262.205,69.91800117492676,1745967262.205,69.91800117492676,1745967262.205,69.91800117492676
1745967262.468,70.1806309223175,1745967262.468,70.1806309223175,1745967262.468,70.1806309223175,1745967262.468,70.1806309223175
1745967262.731,70.4430251121521,1745967262.731,70.4430251121521,1745967262.731,70.4430251121521,1745967262.731,70.4430251121521
1745967262.994,70.70640516281128,1745967262.994,70.70640516281128,1745967262.994,70.70640516281128,1745967262.994,70.70640516281128
1745967263.256,70.96866750717163,1745967263.256,70.96866750717163,1745967263.256,70.96866750717163,1745967263.256,70.96866750717163
1745967263.502,71.21500992774963,1745967263.502,71.21500992774963,1745967263.502,71.21500992774963,1745967263.502,71.21500992774963
1745967263.75,71.46263766288757,1745967263.75,71.46263766288757,1745967263.75,71.46263766288757,1745967263.75,71.46263766288757
1745967264.015,71.72718048095703,1745967264.015,71.72718048095703,1745967264.015,71.72718048095703,1745967264.015,71.72718048095703
1745967264.26,71.97227430343628,1745967264.26,71.97227430343628,1745967264.26,71.97227430343628,1745967264.26,71.97227430343628
1745967264.525,72.23773670196533,1745967264.525,72.23773670196533,1745967264.525,72.23773670196533,1745967264.525,72.23773670196533
1745967264.804,72.51677775382996,1745967264.804,72.51677775382996,1745967264.804,72.51677775382996,1745967264.804,72.51677775382996
1745967265.07,72.78292918205261,1745967265.07,72.78292918205261,1745967265.07,72.78292918205261,1745967265.07,72.78292918205261
1745967265.336,73.04805207252502,1745967265.336,73.04805207252502,1745967265.336,73.04805207252502,1745967265.336,73.04805207252502
1745967265.6,73.31261134147644,1745967265.6,73.31261134147644,1745967265.6,73.31261134147644,1745967265.6,73.31261134147644
1745967265.85,73.56261038780212,1745967265.85,73.56261038780212,1745967265.85,73.56261038780212,1745967265.85,73.56261038780212
1745967266.089,73.80161643028259,1745967266.089,73.80161643028259,1745967266.089,73.80161643028259,1745967266.089,73.80161643028259
1745967266.348,74.06064677238464,1745967266.348,74.06064677238464,1745967266.348,74.06064677238464,1745967266.348,74.06064677238464
1745967266.609,74.32164645195007,1745967266.609,74.32164645195007,1745967266.609,74.32164645195007,1745967266.609,74.32164645195007
1745967266.873,74.58561253547668,1745967266.873,74.58561253547668,1745967266.873,74.58561253547668,1745967266.873,74.58561253547668
1745967267.11,74.82206416130066,1745967267.11,74.82206416130066,1745967267.11,74.82206416130066,1745967267.11,74.82206416130066
1745967267.374,75.08609938621521,1745967267.374,75.08609938621521,1745967267.374,75.08609938621521,1745967267.374,75.08609938621521
1745967267.636,75.34809947013855,1745967267.636,75.34809947013855,1745967267.636,75.34809947013855,1745967267.636,75.34809947013855
1745967267.9,75.61219072341919,1745967267.9,75.61219072341919,1745967267.9,75.61219072341919,1745967267.9,75.61219072341919
1745967268.146,75.85881638526917,1745967268.146,75.85881638526917,1745967268.146,75.85881638526917,1745967268.146,75.85881638526917
1745967268.41,76.12219262123108,1745967268.41,76.12219262123108,1745967268.41,76.12219262123108,1745967268.41,76.12219262123108
1745967268.655,76.36789536476135,1745967268.655,76.36789536476135,1745967268.655,76.36789536476135,1745967268.655,76.36789536476135
1745967268.916,76.62885999679565,1745967268.916,76.62885999679565,1745967268.916,76.62885999679565,1745967268.916,76.62885999679565
1745967269.181,76.89367890357971,1745967269.181,76.89367890357971,1745967269.181,76.89367890357971,1745967269.181,76.89367890357971
1745967269.443,77.15587854385376,1745967269.443,77.15587854385376,1745967269.443,77.15587854385376,1745967269.443,77.15587854385376
1745967269.688,77.40072798728943,1745967269.688,77.40072798728943,1745967269.688,77.40072798728943,1745967269.688,77.40072798728943
1745967269.949,77.66142296791077,1745967269.949,77.66142296791077,1745967269.949,77.66142296791077,1745967269.949,77.66142296791077
1745967270.185,77.89789772033691,1745967270.185,77.89789772033691,1745967270.185,77.89789772033691,1745967270.185,77.89789772033691
1745967270.445,78.15778589248657,1745967270.445,78.15778589248657,1745967270.445,78.15778589248657,1745967270.445,78.15778589248657
1745967270.708,78.42019820213318,1745967270.708,78.42019820213318,1745967270.708,78.42019820213318,1745967270.708,78.42019820213318
1745967270.956,78.66807985305786,1745967270.956,78.66807985305786,1745967270.956,78.66807985305786,1745967270.956,78.66807985305786
1745967271.187,78.89940476417542,1745967271.187,78.89940476417542,1745967271.187,78.89940476417542,1745967271.187,78.89940476417542
1745967271.45,79.16238713264465,1745967271.45,79.16238713264465,1745967271.45,79.16238713264465,1745967271.45,79.16238713264465
1745967271.712,79.42447853088379,1745967271.712,79.42447853088379,1745967271.712,79.42447853088379,1745967271.712,79.42447853088379
1745967271.972,79.6847755908966,1745967271.972,79.6847755908966,1745967271.972,79.6847755908966,1745967271.972,79.6847755908966
1745967272.232,79.94455242156982,1745967272.232,79.94455242156982,1745967272.232,79.94455242156982,1745967272.232,79.94455242156982
1745967272.496,80.20859456062317,1745967272.496,80.20859456062317,1745967272.496,80.20859456062317,1745967272.496,80.20859456062317
1745967272.759,80.47141027450562,1745967272.759,80.47141027450562,1745967272.759,80.47141027450562,1745967272.759,80.47141027450562
1745967273.02,80.73279428482056,1745967273.02,80.73279428482056,1745967273.02,80.73279428482056,1745967273.02,80.73279428482056
1745967273.27,80.98216247558594,1745967273.27,80.98216247558594,1745967273.27,80.98216247558594,1745967273.27,80.98216247558594
1745967273.516,81.22843384742737,1745967273.516,81.22843384742737,1745967273.516,81.22843384742737,1745967273.516,81.22843384742737
1745967273.779,81.49155402183533,1745967273.779,81.49155402183533,1745967273.779,81.49155402183533,1745967273.779,81.49155402183533
1745967274.028,81.74098682403564,1745967274.028,81.74098682403564,1745967274.028,81.74098682403564,1745967274.028,81.74098682403564
1745967274.292,82.0044219493866,1745967274.292,82.0044219493866,1745967274.292,82.0044219493866,1745967274.292,82.0044219493866
1745967274.557,82.2697160243988,1745967274.557,82.2697160243988,1745967274.557,82.2697160243988,1745967274.557,82.2697160243988
1745967274.821,82.53360176086426,1745967274.821,82.53360176086426,1745967274.821,82.53360176086426,1745967274.821,82.53360176086426
1745967275.083,82.79581785202026,1745967275.083,82.79581785202026,1745967275.083,82.79581785202026,1745967275.083,82.79581785202026
1745967275.346,83.05830717086792,1745967275.346,83.05830717086792,1745967275.346,83.05830717086792,1745967275.346,83.05830717086792
1745967275.609,83.32140183448792,1745967275.609,83.32140183448792,1745967275.609,83.32140183448792,1745967275.609,83.32140183448792
1745967275.871,83.58356595039368,1745967275.871,83.58356595039368,1745967275.871,83.58356595039368,1745967275.871,83.58356595039368
1745967276.149,83.86142683029175,1745967276.149,83.86142683029175,1745967276.149,83.86142683029175,1745967276.149,83.86142683029175
1745967276.41,84.12274956703186,1745967276.41,84.12274956703186,1745967276.41,84.12274956703186,1745967276.41,84.12274956703186
1745967276.674,84.3861951828003,1745967276.674,84.3861951828003,1745967276.674,84.3861951828003,1745967276.674,84.3861951828003
1745967276.938,84.6501624584198,1745967276.938,84.6501624584198,1745967276.938,84.6501624584198,1745967276.938,84.6501624584198
1745967277.202,84.91415667533875,1745967277.202,84.91415667533875,1745967277.202,84.91415667533875,1745967277.202,84.91415667533875
1745967277.449,85.16135716438293,1745967277.449,85.16135716438293,1745967277.449,85.16135716438293,1745967277.449,85.16135716438293
1745967277.726,85.43817210197449,1745967277.726,85.43817210197449,1745967277.726,85.43817210197449,1745967277.726,85.43817210197449
1745967277.989,85.7014377117157,1745967277.989,85.7014377117157,1745967277.989,85.7014377117157,1745967277.989,85.7014377117157
1745967278.237,85.94934153556824,1745967278.237,85.94934153556824,1745967278.237,85.94934153556824,1745967278.237,85.94934153556824
1745967278.5,86.21280336380005,1745967278.5,86.21280336380005,1745967278.5,86.21280336380005,1745967278.5,86.21280336380005
1745967278.761,86.47376275062561,1745967278.761,86.47376275062561,1745967278.761,86.47376275062561,1745967278.761,86.47376275062561
1745967279.039,86.75180578231812,1745967279.039,86.75180578231812,1745967279.039,86.75180578231812,1745967279.039,86.75180578231812
1745967279.277,86.98995018005371,1745967279.277,86.98995018005371,1745967279.277,86.98995018005371,1745967279.277,86.98995018005371
1745967279.547,87.25940299034119,1745967279.547,87.25940299034119,1745967279.547,87.25940299034119,1745967279.547,87.25940299034119
1745967279.81,87.52273964881897,1745967279.81,87.52273964881897,1745967279.81,87.52273964881897,1745967279.81,87.52273964881897
1745967280.073,87.78599381446838,1745967280.073,87.78599381446838,1745967280.073,87.78599381446838,1745967280.073,87.78599381446838
1745967280.31,88.0223376750946,1745967280.31,88.0223376750946,1745967280.31,88.0223376750946,1745967280.31,88.0223376750946
1745967280.58,88.29241347312927,1745967280.58,88.29241347312927,1745967280.58,88.29241347312927,1745967280.58,88.29241347312927
1745967280.845,88.55715441703796,1745967280.845,88.55715441703796,1745967280.845,88.55715441703796,1745967280.845,88.55715441703796
1745967281.09,88.80253100395203,1745967281.09,88.80253100395203,1745967281.09,88.80253100395203,1745967281.09,88.80253100395203
1745967281.354,89.06686329841614,1745967281.354,89.06686329841614,1745967281.354,89.06686329841614,1745967281.354,89.06686329841614
1745967281.618,89.33091044425964,1745967281.618,89.33091044425964,1745967281.618,89.33091044425964,1745967281.618,89.33091044425964
1745967281.882,89.59486651420593,1745967281.882,89.59486651420593,1745967281.882,89.59486651420593,1745967281.882,89.59486651420593
1745967282.146,89.8581805229187,1745967282.146,89.8581805229187,1745967282.146,89.8581805229187,1745967282.146,89.8581805229187
1745967282.41,90.12242484092712,1745967282.41,90.12242484092712,1745967282.41,90.12242484092712,1745967282.41,90.12242484092712
1745967282.661,90.37338042259216,1745967282.661,90.37338042259216,1745967282.661,90.37338042259216,1745967282.661,90.37338042259216
1745967282.923,90.63539433479309,1745967282.923,90.63539433479309,1745967282.923,90.63539433479309,1745967282.923,90.63539433479309
1745967283.185,90.8977599143982,1745967283.185,90.8977599143982,1745967283.185,90.8977599143982,1745967283.185,90.8977599143982
1745967283.446,91.15850400924683,1745967283.446,91.15850400924683,1745967283.446,91.15850400924683,1745967283.446,91.15850400924683
1745967283.71,91.4225161075592,1745967283.71,91.4225161075592,1745967283.71,91.4225161075592,1745967283.71,91.4225161075592
1745967283.972,91.68439960479736,1745967283.972,91.68439960479736,1745967283.972,91.68439960479736,1745967283.972,91.68439960479736
1745967284.236,91.94862389564514,1745967284.236,91.94862389564514,1745967284.236,91.94862389564514,1745967284.236,91.94862389564514
1745967284.501,92.2132420539856,1745967284.501,92.2132420539856,1745967284.501,92.2132420539856,1745967284.501,92.2132420539856
1745967284.765,92.4774661064148,1745967284.765,92.4774661064148,1745967284.765,92.4774661064148,1745967284.765,92.4774661064148
1745967285.027,92.74001097679138,1745967285.027,92.74001097679138,1745967285.027,92.74001097679138,1745967285.027,92.74001097679138
1745967285.276,92.98884153366089,1745967285.276,92.98884153366089,1745967285.276,92.98884153366089,1745967285.276,92.98884153366089
1745967285.524,93.23693919181824,1745967285.524,93.23693919181824,1745967285.524,93.23693919181824,1745967285.524,93.23693919181824
1745967285.788,93.50036334991455,1745967285.788,93.50036334991455,1745967285.788,93.50036334991455,1745967285.788,93.50036334991455
1745967286.052,93.76436996459961,1745967286.052,93.76436996459961,1745967286.052,93.76436996459961,1745967286.052,93.76436996459961
1745967286.315,94.02779054641724,1745967286.315,94.02779054641724,1745967286.315,94.02779054641724,1745967286.315,94.02779054641724
1745967286.579,94.29191017150879,1745967286.579,94.29191017150879,1745967286.579,94.29191017150879,1745967286.579,94.29191017150879
1745967286.841,94.55373930931091,1745967286.841,94.55373930931091,1745967286.841,94.55373930931091,1745967286.841,94.55373930931091
1745967287.103,94.81510376930237,1745967287.103,94.81510376930237,1745967287.103,94.81510376930237,1745967287.103,94.81510376930237
1745967287.367,95.07944083213806,1745967287.367,95.07944083213806,1745967287.367,95.07944083213806,1745967287.367,95.07944083213806
1745967287.631,95.34394860267639,1745967287.631,95.34394860267639,1745967287.631,95.34394860267639,1745967287.631,95.34394860267639
1745967287.879,95.59144997596741,1745967287.879,95.59144997596741,1745967287.879,95.59144997596741,1745967287.879,95.59144997596741
1745967288.126,95.83898210525513,1745967288.126,95.83898210525513,1745967288.126,95.83898210525513,1745967288.126,95.83898210525513
1745967288.388,96.10029196739197,1745967288.388,96.10029196739197,1745967288.388,96.10029196739197,1745967288.388,96.10029196739197
1745967288.638,96.35029172897339,1745967288.638,96.35029172897339,1745967288.638,96.35029172897339,1745967288.638,96.35029172897339
1745967288.914,96.62629127502441,1745967288.914,96.62629127502441,1745967288.914,96.62629127502441,1745967288.914,96.62629127502441
1745967289.164,96.87617230415344,1745967289.164,96.87617230415344,1745967289.164,96.87617230415344,1745967289.164,96.87617230415344
1745967289.417,97.12913656234741,1745967289.417,97.12913656234741,1745967289.417,97.12913656234741,1745967289.417,97.12913656234741
1745967289.691,97.40317344665527,1745967289.691,97.40317344665527,1745967289.691,97.40317344665527,1745967289.691,97.40317344665527
1745967289.953,97.6655740737915,1745967289.953,97.6655740737915,1745967289.953,97.6655740737915,1745967289.953,97.6655740737915
1745967290.214,97.92657136917114,1745967290.214,97.92657136917114,1745967290.214,97.92657136917114,1745967290.214,97.92657136917114
1745967290.479,98.19160842895508,1745967290.479,98.19160842895508,1745967290.479,98.19160842895508,1745967290.479,98.19160842895508
1745967290.729,98.44160985946655,1745967290.729,98.44160985946655,1745967290.729,98.44160985946655,1745967290.729,98.44160985946655
1745967291.008,98.72080945968628,1745967291.008,98.72080945968628,1745967291.008,98.72080945968628,1745967291.008,98.72080945968628
1745967291.274,98.98616623878479,1745967291.274,98.98616623878479,1745967291.274,98.98616623878479,1745967291.274,98.98616623878479
1745967291.524,99.23653864860535,1745967291.524,99.23653864860535,1745967291.524,99.23653864860535,1745967291.524,99.23653864860535
1745967291.788,99.50007963180542,1745967291.788,99.50007963180542,1745967291.788,99.50007963180542,1745967291.788,99.50007963180542
1745967292.037,99.75001859664917,1745967292.037,99.75001859664917,1745967292.037,99.75001859664917,1745967292.037,99.75001859664917
1745967292.285,99.9977159500122,1745967292.285,99.9977159500122,1745967292.285,99.9977159500122,1745967292.285,99.9977159500122
1745967292.546,100.25815796852112,1745967292.546,100.25815796852112,1745967292.546,100.25815796852112,1745967292.546,100.25815796852112
1745967292.821,100.53335571289062,1745967292.821,100.53335571289062,1745967292.821,100.53335571289062,1745967292.821,100.53335571289062
1745967293.086,100.79889178276062,1745967293.086,100.79889178276062,1745967293.086,100.79889178276062,1745967293.086,100.79889178276062
1745967293.351,101.0636785030365,1745967293.351,101.0636785030365,1745967293.351,101.0636785030365,1745967293.351,101.0636785030365
1745967293.613,101.32557439804077,1745967293.613,101.32557439804077,1745967293.613,101.32557439804077,1745967293.613,101.32557439804077
1745967293.875,101.58775186538696,1745967293.875,101.58775186538696,1745967293.875,101.58775186538696,1745967293.875,101.58775186538696
1745967294.122,101.83476328849792,1745967294.122,101.83476328849792,1745967294.122,101.83476328849792,1745967294.122,101.83476328849792
1745967294.385,102.09708666801453,1745967294.385,102.09708666801453,1745967294.385,102.09708666801453,1745967294.385,102.09708666801453
1745967294.649,102.36132049560547,1745967294.649,102.36132049560547,1745967294.649,102.36132049560547,1745967294.649,102.36132049560547
1745967294.91,102.62268781661987,1745967294.91,102.62268781661987,1745967294.91,102.62268781661987,1745967294.91,102.62268781661987
1745967295.174,102.88622999191284,1745967295.174,102.88622999191284,1745967295.174,102.88622999191284,1745967295.174,102.88622999191284
1745967295.439,103.15195441246033,1745967295.439,103.15195441246033,1745967295.439,103.15195441246033,1745967295.439,103.15195441246033
1745967295.704,103.4164388179779,1745967295.704,103.4164388179779,1745967295.704,103.4164388179779,1745967295.704,103.4164388179779
1745967295.967,103.67943716049194,1745967295.967,103.67943716049194,1745967295.967,103.67943716049194,1745967295.967,103.67943716049194
1745967296.231,103.94349694252014,1745967296.231,103.94349694252014,1745967296.231,103.94349694252014,1745967296.231,103.94349694252014
1745967296.479,104.19183373451233,1745967296.479,104.19183373451233,1745967296.479,104.19183373451233,1745967296.479,104.19183373451233
1745967296.743,104.45504379272461,1745967296.743,104.45504379272461,1745967296.743,104.45504379272461,1745967296.743,104.45504379272461
1745967296.994,104.70655083656311,1745967296.994,104.70655083656311,1745967296.994,104.70655083656311,1745967296.994,104.70655083656311
1745967297.256,104.9689552783966,1745967297.256,104.9689552783966,1745967297.256,104.9689552783966,1745967297.256,104.9689552783966
1745967297.496,105.20828127861023,1745967297.496,105.20828127861023,1745967297.496,105.20828127861023,1745967297.496,105.20828127861023
1745967297.766,105.47882032394409,1745967297.766,105.47882032394409,1745967297.766,105.47882032394409,1745967297.766,105.47882032394409
1745967298.013,105.72509002685547,1745967298.013,105.72509002685547,1745967298.013,105.72509002685547,1745967298.013,105.72509002685547
1745967298.276,105.98866534233093,1745967298.276,105.98866534233093,1745967298.276,105.98866534233093,1745967298.276,105.98866534233093
1745967298.513,106.22540783882141,1745967298.513,106.22540783882141,1745967298.513,106.22540783882141,1745967298.513,106.22540783882141
1745967298.774,106.4864399433136,1745967298.774,106.4864399433136,1745967298.774,106.4864399433136,1745967298.774,106.4864399433136
1745967299.036,106.74898862838745,1745967299.036,106.74898862838745,1745967299.036,106.74898862838745,1745967299.036,106.74898862838745
1745967299.284,106.99612092971802,1745967299.284,106.99612092971802,1745967299.284,106.99612092971802,1745967299.284,106.99612092971802
1745967299.523,107.23535633087158,1745967299.523,107.23535633087158,1745967299.523,107.23535633087158,1745967299.523,107.23535633087158
1745967299.765,107.47749376296997,1745967299.765,107.47749376296997,1745967299.765,107.47749376296997,1745967299.765,107.47749376296997
1745967300.028,107.74058032035828,1745967300.028,107.74058032035828,1745967300.028,107.74058032035828,1745967300.028,107.74058032035828
1745967300.279,107.99120855331421,1745967300.279,107.99120855331421,1745967300.279,107.99120855331421,1745967300.279,107.99120855331421
1745967300.511,108.22326111793518,1745967300.511,108.22326111793518,1745967300.511,108.22326111793518,1745967300.511,108.22326111793518
1745967300.789,108.50174164772034,1745967300.789,108.50174164772034,1745967300.789,108.50174164772034,1745967300.789,108.50174164772034
1745967301.051,108.76331281661987,1745967301.051,108.76331281661987,1745967301.051,108.76331281661987,1745967301.051,108.76331281661987
1745967301.302,109.01409578323364,1745967301.302,109.01409578323364,1745967301.302,109.01409578323364,1745967301.302,109.01409578323364
1745967301.558,109.27041983604431,1745967301.558,109.27041983604431,1745967301.558,109.27041983604431,1745967301.558,109.27041983604431
1745967301.815,109.52712869644165,1745967301.815,109.52712869644165,1745967301.815,109.52712869644165,1745967301.815,109.52712869644165
1745967302.077,109.78977465629578,1745967302.077,109.78977465629578,1745967302.077,109.78977465629578,1745967302.077,109.78977465629578
1745967302.34,110.0524582862854,1745967302.34,110.0524582862854,1745967302.34,110.0524582862854,1745967302.34,110.0524582862854
1745967302.602,110.31479072570801,1745967302.602,110.31479072570801,1745967302.602,110.31479072570801,1745967302.602,110.31479072570801
1745967302.864,110.57603979110718,1745967302.864,110.57603979110718,1745967302.864,110.57603979110718,1745967302.864,110.57603979110718
1745967303.127,110.83927059173584,1745967303.127,110.83927059173584,1745967303.127,110.83927059173584,1745967303.127,110.83927059173584
1745967303.375,111.0870566368103,1745967303.375,111.0870566368103,1745967303.375,111.0870566368103,1745967303.375,111.0870566368103
1745967303.624,111.33653950691223,1745967303.624,111.33653950691223,1745967303.624,111.33653950691223,1745967303.624,111.33653950691223
1745967303.887,111.59933280944824,1745967303.887,111.59933280944824,1745967303.887,111.59933280944824,1745967303.887,111.59933280944824
1745967304.135,111.84726595878601,1745967304.135,111.84726595878601,1745967304.135,111.84726595878601,1745967304.135,111.84726595878601
1745967304.414,112.12652707099915,1745967304.414,112.12652707099915,1745967304.414,112.12652707099915,1745967304.414,112.12652707099915
1745967304.662,112.37423086166382,1745967304.662,112.37423086166382,1745967304.662,112.37423086166382,1745967304.662,112.37423086166382
1745967304.909,112.62115335464478,1745967304.909,112.62115335464478,1745967304.909,112.62115335464478,1745967304.909,112.62115335464478
1745967305.17,112.88272500038147,1745967305.17,112.88272500038147,1745967305.17,112.88272500038147,1745967305.17,112.88272500038147
1745967305.416,113.12832856178284,1745967305.416,113.12832856178284,1745967305.416,113.12832856178284,1745967305.416,113.12832856178284
1745967305.68,113.39221572875977,1745967305.68,113.39221572875977,1745967305.68,113.39221572875977,1745967305.68,113.39221572875977
1745967305.927,113.63934516906738,1745967305.927,113.63934516906738,1745967305.927,113.63934516906738,1745967305.927,113.63934516906738
1745967306.175,113.88734555244446,1745967306.175,113.88734555244446,1745967306.175,113.88734555244446,1745967306.175,113.88734555244446
1745967306.438,114.15034437179565,1745967306.438,114.15034437179565,1745967306.438,114.15034437179565,1745967306.438,114.15034437179565
1745967306.687,114.39923071861267,1745967306.687,114.39923071861267,1745967306.687,114.39923071861267,1745967306.687,114.39923071861267
1745967306.961,114.67322754859924,1745967306.961,114.67322754859924,1745967306.961,114.67322754859924,1745967306.961,114.67322754859924
1745967307.224,114.93622732162476,1745967307.224,114.93622732162476,1745967307.224,114.93622732162476,1745967307.224,114.93622732162476
1745967307.491,115.20322823524475,1745967307.491,115.20322823524475,1745967307.491,115.20322823524475,1745967307.491,115.20322823524475
1745967307.755,115.46726202964783,1745967307.755,115.46726202964783,1745967307.755,115.46726202964783,1745967307.755,115.46726202964783
1745967308.017,115.72926449775696,1745967308.017,115.72926449775696,1745967308.017,115.72926449775696,1745967308.017,115.72926449775696
1745967308.265,115.97726559638977,1745967308.265,115.97726559638977,1745967308.265,115.97726559638977,1745967308.265,115.97726559638977
1745967308.529,116.24157857894897,1745967308.529,116.24157857894897,1745967308.529,116.24157857894897,1745967308.529,116.24157857894897
1745967308.777,116.4896240234375,1745967308.777,116.4896240234375,1745967308.777,116.4896240234375,1745967308.777,116.4896240234375
1745967309.052,116.76467514038086,1745967309.052,116.76467514038086,1745967309.052,116.76467514038086,1745967309.052,116.76467514038086
1745967309.315,117.02786254882812,1745967309.315,117.02786254882812,1745967309.315,117.02786254882812,1745967309.315,117.02786254882812
1745967309.563,117.27578711509705,1745967309.563,117.27578711509705,1745967309.563,117.27578711509705,1745967309.563,117.27578711509705
1745967309.827,117.5397961139679,1745967309.827,117.5397961139679,1745967309.827,117.5397961139679,1745967309.827,117.5397961139679
1745967310.09,117.80282258987427,1745967310.09,117.80282258987427,1745967310.09,117.80282258987427,1745967310.09,117.80282258987427
1745967310.353,118.06591510772705,1745967310.353,118.06591510772705,1745967310.353,118.06591510772705,1745967310.353,118.06591510772705
1745967310.616,118.32838559150696,1745967310.616,118.32838559150696,1745967310.616,118.32838559150696,1745967310.616,118.32838559150696
1745967310.865,118.57724595069885,1745967310.865,118.57724595069885,1745967310.865,118.57724595069885,1745967310.865,118.57724595069885
1745967311.133,118.84558176994324,1745967311.133,118.84558176994324,1745967311.133,118.84558176994324,1745967311.133,118.84558176994324
1745967311.397,119.10989665985107,1745967311.397,119.10989665985107,1745967311.397,119.10989665985107,1745967311.397,119.10989665985107
1745967311.643,119.35511755943298,1745967311.643,119.35511755943298,1745967311.643,119.35511755943298,1745967311.643,119.35511755943298
1745967311.895,119.60711765289307,1745967311.895,119.60711765289307,1745967311.895,119.60711765289307,1745967311.895,119.60711765289307
1745967312.161,119.87350535392761,1745967312.161,119.87350535392761,1745967312.161,119.87350535392761,1745967312.161,119.87350535392761
1745967312.408,120.12072157859802,1745967312.408,120.12072157859802,1745967312.408,120.12072157859802,1745967312.408,120.12072157859802
1745967312.672,120.384836435318,1745967312.672,120.384836435318,1745967312.672,120.384836435318,1745967312.672,120.384836435318
1745967312.918,120.63042902946472,1745967312.918,120.63042902946472,1745967312.918,120.63042902946472,1745967312.918,120.63042902946472
1745967313.182,120.89463186264038,1745967313.182,120.89463186264038,1745967313.182,120.89463186264038,1745967313.182,120.89463186264038
1745967313.46,121.17261981964111,1745967313.46,121.17261981964111,1745967313.46,121.17261981964111,1745967313.46,121.17261981964111
1745967313.722,121.4348475933075,1745967313.722,121.4348475933075,1745967313.722,121.4348475933075,1745967313.722,121.4348475933075
1745967313.984,121.69635820388794,1745967313.984,121.69635820388794,1745967313.984,121.69635820388794,1745967313.984,121.69635820388794
1745967314.234,121.94701147079468,1745967314.234,121.94701147079468,1745967314.234,121.94701147079468,1745967314.234,121.94701147079468
1745967314.498,122.2109808921814,1745967314.498,122.2109808921814,1745967314.498,122.2109808921814,1745967314.498,122.2109808921814
1745967314.761,122.47355008125305,1745967314.761,122.47355008125305,1745967314.761,122.47355008125305,1745967314.761,122.47355008125305
1745967315.025,122.73747658729553,1745967315.025,122.73747658729553,1745967315.025,122.73747658729553,1745967315.025,122.73747658729553
1745967315.272,122.98467350006104,1745967315.272,122.98467350006104,1745967315.272,122.98467350006104,1745967315.272,122.98467350006104
1745967315.536,123.24843573570251,1745967315.536,123.24843573570251,1745967315.536,123.24843573570251,1745967315.536,123.24843573570251
1745967315.771,123.48394441604614,1745967315.771,123.48394441604614,1745967315.771,123.48394441604614,1745967315.771,123.48394441604614
1745967316.034,123.74645733833313,1745967316.034,123.74645733833313,1745967316.034,123.74645733833313,1745967316.034,123.74645733833313
1745967316.282,123.99489665031433,1745967316.282,123.99489665031433,1745967316.282,123.99489665031433,1745967316.282,123.99489665031433
1745967316.532,124.24489498138428,1745967316.532,124.24489498138428,1745967316.532,124.24489498138428,1745967316.532,124.24489498138428
1745967316.766,124.47877407073975,1745967316.766,124.47877407073975,1745967316.766,124.47877407073975,1745967316.766,124.47877407073975
1745967317.03,124.74212908744812,1745967317.03,124.74212908744812,1745967317.03,124.74212908744812,1745967317.03,124.74212908744812
1745967317.29,125.00298500061035,1745967317.29,125.00298500061035,1745967317.29,125.00298500061035,1745967317.29,125.00298500061035
1745967317.54,125.25267696380615,1745967317.54,125.25267696380615,1745967317.54,125.25267696380615,1745967317.54,125.25267696380615
1745967317.778,125.49074149131775,1745967317.778,125.49074149131775,1745967317.778,125.49074149131775,1745967317.778,125.49074149131775
1745967318.036,125.7488214969635,1745967318.036,125.7488214969635,1745967318.036,125.7488214969635,1745967318.036,125.7488214969635
1745967318.285,125.99774527549744,1745967318.285,125.99774527549744,1745967318.285,125.99774527549744,1745967318.285,125.99774527549744
1745967318.549,126.261549949646,1745967318.549,126.261549949646,1745967318.549,126.261549949646,1745967318.549,126.261549949646
1745967318.796,126.50888752937317,1745967318.796,126.50888752937317,1745967318.796,126.50888752937317,1745967318.796,126.50888752937317
1745967319.064,126.77676701545715,1745967319.064,126.77676701545715,1745967319.064,126.77676701545715,1745967319.064,126.77676701545715
1745967319.329,127.04118418693542,1745967319.329,127.04118418693542,1745967319.329,127.04118418693542,1745967319.329,127.04118418693542
1745967319.577,127.28996896743774,1745967319.577,127.28996896743774,1745967319.577,127.28996896743774,1745967319.577,127.28996896743774
1745967319.812,127.52407741546631,1745967319.812,127.52407741546631,1745967319.812,127.52407741546631,1745967319.812,127.52407741546631
1745967320.074,127.7869644165039,1745967320.074,127.7869644165039,1745967320.074,127.7869644165039,1745967320.074,127.7869644165039
1745967320.337,128.04908084869385,1745967320.337,128.04908084869385,1745967320.337,128.04908084869385,1745967320.337,128.04908084869385
1745967320.6,128.3124213218689,1745967320.6,128.3124213218689,1745967320.6,128.3124213218689,1745967320.6,128.3124213218689
1745967320.864,128.5766212940216,1745967320.864,128.5766212940216,1745967320.864,128.5766212940216,1745967320.864,128.5766212940216
1745967321.126,128.83802318572998,1745967321.126,128.83802318572998,1745967321.126,128.83802318572998,1745967321.126,128.83802318572998
1745967321.389,129.10192275047302,1745967321.389,129.10192275047302,1745967321.389,129.10192275047302,1745967321.389,129.10192275047302
1745967321.642,129.35455918312073,1745967321.642,129.35455918312073,1745967321.642,129.35455918312073,1745967321.642,129.35455918312073
1745967321.892,129.604971408844,1745967321.892,129.604971408844,1745967321.892,129.604971408844,1745967321.892,129.604971408844
1745967322.149,129.86170315742493,1745967322.149,129.86170315742493,1745967322.149,129.86170315742493,1745967322.149,129.86170315742493
1745967322.413,130.12529253959656,1745967322.413,130.12529253959656,1745967322.413,130.12529253959656,1745967322.413,130.12529253959656
1745967322.663,130.37506318092346,1745967322.663,130.37506318092346,1745967322.663,130.37506318092346,1745967322.663,130.37506318092346
1745967322.896,130.6083221435547,1745967322.896,130.6083221435547,1745967322.896,130.6083221435547,1745967322.896,130.6083221435547
1745967323.157,130.86920976638794,1745967323.157,130.86920976638794,1745967323.157,130.86920976638794,1745967323.157,130.86920976638794
1745967323.406,131.11869645118713,1745967323.406,131.11869645118713,1745967323.406,131.11869645118713,1745967323.406,131.11869645118713
1745967323.668,131.3801233768463,1745967323.668,131.3801233768463,1745967323.668,131.3801233768463,1745967323.668,131.3801233768463
1745967323.946,131.65831661224365,1745967323.946,131.65831661224365,1745967323.946,131.65831661224365,1745967323.946,131.65831661224365
1745967324.208,131.92090892791748,1745967324.208,131.92090892791748,1745967324.208,131.92090892791748,1745967324.208,131.92090892791748
1745967324.457,132.1693353652954,1745967324.457,132.1693353652954,1745967324.457,132.1693353652954,1745967324.457,132.1693353652954
1745967324.693,132.40595412254333,1745967324.693,132.40595412254333,1745967324.693,132.40595412254333,1745967324.693,132.40595412254333
1745967324.951,132.663170337677,1745967324.951,132.663170337677,1745967324.951,132.663170337677,1745967324.951,132.663170337677
1745967325.214,132.92664575576782,1745967325.214,132.92664575576782,1745967325.214,132.92664575576782,1745967325.214,132.92664575576782
1745967325.477,133.18907189369202,1745967325.477,133.18907189369202,1745967325.477,133.18907189369202,1745967325.477,133.18907189369202
1745967325.738,133.45049691200256,1745967325.738,133.45049691200256,1745967325.738,133.45049691200256,1745967325.738,133.45049691200256
1745967326.002,133.71425485610962,1745967326.002,133.71425485610962,1745967326.002,133.71425485610962,1745967326.002,133.71425485610962
1745967326.245,133.95798897743225,1745967326.245,133.95798897743225,1745967326.245,133.95798897743225,1745967326.245,133.95798897743225
1745967326.509,134.22180819511414,1745967326.509,134.22180819511414,1745967326.509,134.22180819511414,1745967326.509,134.22180819511414
1745967326.743,134.45505213737488,1745967326.743,134.45505213737488,1745967326.743,134.45505213737488,1745967326.743,134.45505213737488
1745967327.007,134.71981930732727,1745967327.007,134.71981930732727,1745967327.007,134.71981930732727,1745967327.007,134.71981930732727
1745967327.255,134.96746182441711,1745967327.255,134.96746182441711,1745967327.255,134.96746182441711,1745967327.255,134.96746182441711
1745967327.519,135.23195934295654,1745967327.519,135.23195934295654,1745967327.519,135.23195934295654,1745967327.519,135.23195934295654
1745967327.783,135.49530243873596,1745967327.783,135.49530243873596,1745967327.783,135.49530243873596,1745967327.783,135.49530243873596
1745967328.045,135.75759387016296,1745967328.045,135.75759387016296,1745967328.045,135.75759387016296,1745967328.045,135.75759387016296
1745967328.307,136.0193908214569,1745967328.307,136.0193908214569,1745967328.307,136.0193908214569,1745967328.307,136.0193908214569
1745967328.584,136.29649877548218,1745967328.584,136.29649877548218,1745967328.584,136.29649877548218,1745967328.584,136.29649877548218
1745967328.816,136.5289261341095,1745967328.816,136.5289261341095,1745967328.816,136.5289261341095,1745967328.816,136.5289261341095
1745967329.078,136.79025721549988,1745967329.078,136.79025721549988,1745967329.078,136.79025721549988,1745967329.078,136.79025721549988
1745967329.34,137.0528280735016,1745967329.34,137.0528280735016,1745967329.34,137.0528280735016,1745967329.34,137.0528280735016
1745967329.602,137.31468605995178,1745967329.602,137.31468605995178,1745967329.602,137.31468605995178,1745967329.602,137.31468605995178
1745967329.862,137.57439661026,1745967329.862,137.57439661026,1745967329.862,137.57439661026,1745967329.862,137.57439661026
1745967330.111,137.8234465122223,1745967330.111,137.8234465122223,1745967330.111,137.8234465122223,1745967330.111,137.8234465122223
1745967330.373,138.08559441566467,1745967330.373,138.08559441566467,1745967330.373,138.08559441566467,1745967330.373,138.08559441566467
1745967330.622,138.33481216430664,1745967330.622,138.33481216430664,1745967330.622,138.33481216430664,1745967330.622,138.33481216430664
1745967330.886,138.59840512275696,1745967330.886,138.59840512275696,1745967330.886,138.59840512275696,1745967330.886,138.59840512275696
1745967331.136,138.84830117225647,1745967331.136,138.84830117225647,1745967331.136,138.84830117225647,1745967331.136,138.84830117225647
1745967331.4,139.11291027069092,1745967331.4,139.11291027069092,1745967331.4,139.11291027069092,1745967331.4,139.11291027069092
1745967331.661,139.37401938438416,1745967331.661,139.37401938438416,1745967331.661,139.37401938438416,1745967331.661,139.37401938438416
1745967331.942,139.65466928482056,1745967331.942,139.65466928482056,1745967331.942,139.65466928482056,1745967331.942,139.65466928482056
1745967332.189,139.90116453170776,1745967332.189,139.90116453170776,1745967332.189,139.90116453170776,1745967332.189,139.90116453170776
1745967332.451,140.1636884212494,1745967332.451,140.1636884212494,1745967332.451,140.1636884212494,1745967332.451,140.1636884212494
1745967332.718,140.43026208877563,1745967332.718,140.43026208877563,1745967332.718,140.43026208877563,1745967332.718,140.43026208877563
1745967332.965,140.6773121356964,1745967332.965,140.6773121356964,1745967332.965,140.6773121356964,1745967332.965,140.6773121356964
1745967333.241,140.9532105922699,1745967333.241,140.9532105922699,1745967333.241,140.9532105922699,1745967333.241,140.9532105922699
1745967333.503,141.21519565582275,1745967333.503,141.21519565582275,1745967333.503,141.21519565582275,1745967333.503,141.21519565582275
1745967333.765,141.4774146080017,1745967333.765,141.4774146080017,1745967333.765,141.4774146080017,1745967333.765,141.4774146080017
1745967334.028,141.74002361297607,1745967334.028,141.74002361297607,1745967334.028,141.74002361297607,1745967334.028,141.74002361297607
1745967334.289,142.00172352790833,1745967334.289,142.00172352790833,1745967334.289,142.00172352790833,1745967334.289,142.00172352790833
1745967334.537,142.24912118911743,1745967334.537,142.24912118911743,1745967334.537,142.24912118911743,1745967334.537,142.24912118911743
1745967334.789,142.50114917755127,1745967334.789,142.50114917755127,1745967334.789,142.50114917755127,1745967334.789,142.50114917755127
1745967335.018,142.73032999038696,1745967335.018,142.73032999038696,1745967335.018,142.73032999038696,1745967335.018,142.73032999038696
1745967335.282,142.99432826042175,1745967335.282,142.99432826042175,1745967335.282,142.99432826042175,1745967335.282,142.99432826042175
1745967335.545,143.25732374191284,1745967335.545,143.25732374191284,1745967335.545,143.25732374191284,1745967335.545,143.25732374191284
1745967335.795,143.5073537826538,1745967335.795,143.5073537826538,1745967335.795,143.5073537826538,1745967335.795,143.5073537826538
1745967336.061,143.77381825447083,1745967336.061,143.77381825447083,1745967336.061,143.77381825447083,1745967336.061,143.77381825447083
1745967336.336,144.0483992099762,1745967336.336,144.0483992099762,1745967336.336,144.0483992099762,1745967336.336,144.0483992099762
1745967336.596,144.308673620224,1745967336.596,144.308673620224,1745967336.596,144.308673620224,1745967336.596,144.308673620224
1745967336.86,144.5728178024292,1745967336.86,144.5728178024292,1745967336.86,144.5728178024292,1745967336.86,144.5728178024292
1745967337.125,144.83746314048767,1745967337.125,144.83746314048767,1745967337.125,144.83746314048767,1745967337.125,144.83746314048767
1745967337.387,145.09990763664246,1745967337.387,145.09990763664246,1745967337.387,145.09990763664246,1745967337.387,145.09990763664246
1745967337.651,145.36361598968506,1745967337.651,145.36361598968506,1745967337.651,145.36361598968506,1745967337.651,145.36361598968506
1745967337.93,145.64263367652893,1745967337.93,145.64263367652893,1745967337.93,145.64263367652893,1745967337.93,145.64263367652893
1745967338.191,145.9038782119751,1745967338.191,145.9038782119751,1745967338.191,145.9038782119751,1745967338.191,145.9038782119751
1745967338.454,146.1668734550476,1745967338.454,146.1668734550476,1745967338.454,146.1668734550476,1745967338.454,146.1668734550476
1745967338.717,146.42956805229187,1745967338.717,146.42956805229187,1745967338.717,146.42956805229187,1745967338.717,146.42956805229187
1745967338.98,146.6924273967743,1745967338.98,146.6924273967743,1745967338.98,146.6924273967743,1745967338.98,146.6924273967743
1745967339.243,146.95519495010376,1745967339.243,146.95519495010376,1745967339.243,146.95519495010376,1745967339.243,146.95519495010376
1745967339.507,147.21991419792175,1745967339.507,147.21991419792175,1745967339.507,147.21991419792175,1745967339.507,147.21991419792175
1745967339.768,147.4807572364807,1745967339.768,147.4807572364807,1745967339.768,147.4807572364807,1745967339.768,147.4807572364807
1745967340.031,147.74348163604736,1745967340.031,147.74348163604736,1745967340.031,147.74348163604736,1745967340.031,147.74348163604736
1745967340.28,147.99257063865662,1745967340.28,147.99257063865662,1745967340.28,147.99257063865662,1745967340.28,147.99257063865662
1745967340.529,148.24170637130737,1745967340.529,148.24170637130737,1745967340.529,148.24170637130737,1745967340.529,148.24170637130737
1745967340.791,148.5031909942627,1745967340.791,148.5031909942627,1745967340.791,148.5031909942627,1745967340.791,148.5031909942627
1745967341.07,148.78248047828674,1745967341.07,148.78248047828674,1745967341.07,148.78248047828674,1745967341.07,148.78248047828674
1745967341.332,149.04447603225708,1745967341.332,149.04447603225708,1745967341.332,149.04447603225708,1745967341.332,149.04447603225708
1745967341.596,149.30823254585266,1745967341.596,149.30823254585266,1745967341.596,149.30823254585266,1745967341.596,149.30823254585266
1745967341.843,149.55586910247803,1745967341.843,149.55586910247803,1745967341.843,149.55586910247803,1745967341.843,149.55586910247803
1745967342.09,149.80215001106262,1745967342.09,149.80215001106262,1745967342.09,149.80215001106262,1745967342.09,149.80215001106262
1745967342.352,150.06454253196716,1745967342.352,150.06454253196716,1745967342.352,150.06454253196716,1745967342.352,150.06454253196716
1745967342.614,150.32684588432312,1745967342.614,150.32684588432312,1745967342.614,150.32684588432312,1745967342.614,150.32684588432312
1745967342.878,150.5904998779297,1745967342.878,150.5904998779297,1745967342.878,150.5904998779297,1745967342.878,150.5904998779297
1745967343.11,150.8222770690918,1745967343.11,150.8222770690918,1745967343.11,150.8222770690918,1745967343.11,150.8222770690918
1745967343.356,151.06832432746887,1745967343.356,151.06832432746887,1745967343.356,151.06832432746887,1745967343.356,151.06832432746887
1745967343.633,151.34509444236755,1745967343.633,151.34509444236755,1745967343.633,151.34509444236755,1745967343.633,151.34509444236755
1745967343.896,151.60890197753906,1745967343.896,151.60890197753906,1745967343.896,151.60890197753906,1745967343.896,151.60890197753906
1745967344.154,151.86700654029846,1745967344.154,151.86700654029846,1745967344.154,151.86700654029846,1745967344.154,151.86700654029846
1745967344.409,152.121178150177,1745967344.409,152.121178150177,1745967344.409,152.121178150177,1745967344.409,152.121178150177
1745967344.674,152.38677525520325,1745967344.674,152.38677525520325,1745967344.674,152.38677525520325,1745967344.674,152.38677525520325
1745967344.938,152.65097522735596,1745967344.938,152.65097522735596,1745967344.938,152.65097522735596,1745967344.938,152.65097522735596
1745967345.202,152.91414666175842,1745967345.202,152.91414666175842,1745967345.202,152.91414666175842,1745967345.202,152.91414666175842
1745967345.451,153.16309428215027,1745967345.451,153.16309428215027,1745967345.451,153.16309428215027,1745967345.451,153.16309428215027
1745967345.713,153.42592239379883,1745967345.713,153.42592239379883,1745967345.713,153.42592239379883,1745967345.713,153.42592239379883
1745967345.977,153.68939447402954,1745967345.977,153.68939447402954,1745967345.977,153.68939447402954,1745967345.977,153.68939447402954
1745967346.224,153.93671774864197,1745967346.224,153.93671774864197,1745967346.224,153.93671774864197,1745967346.224,153.93671774864197
1745967346.472,154.18475365638733,1745967346.472,154.18475365638733,1745967346.472,154.18475365638733,1745967346.472,154.18475365638733
1745967346.734,154.4467270374298,1745967346.734,154.4467270374298,1745967346.734,154.4467270374298,1745967346.734,154.4467270374298
1745967346.997,154.70965266227722,1745967346.997,154.70965266227722,1745967346.997,154.70965266227722,1745967346.997,154.70965266227722
1745967347.26,154.97257733345032,1745967347.26,154.97257733345032,1745967347.26,154.97257733345032,1745967347.26,154.97257733345032
1745967347.52,155.23297715187073,1745967347.52,155.23297715187073,1745967347.52,155.23297715187073,1745967347.52,155.23297715187073
1745967347.784,155.4963150024414,1745967347.784,155.4963150024414,1745967347.784,155.4963150024414,1745967347.784,155.4963150024414
1745967348.045,155.75802087783813,1745967348.045,155.75802087783813,1745967348.045,155.75802087783813,1745967348.045,155.75802087783813
1745967348.309,156.02191162109375,1745967348.309,156.02191162109375,1745967348.309,156.02191162109375,1745967348.309,156.02191162109375
1745967348.588,156.3000771999359,1745967348.588,156.3000771999359,1745967348.588,156.3000771999359,1745967348.588,156.3000771999359
1745967348.865,156.5772066116333,1745967348.865,156.5772066116333,1745967348.865,156.5772066116333,1745967348.865,156.5772066116333
1745967349.111,156.82312393188477,1745967349.111,156.82312393188477,1745967349.111,156.82312393188477,1745967349.111,156.82312393188477
1745967349.374,157.0867099761963,1745967349.374,157.0867099761963,1745967349.374,157.0867099761963,1745967349.374,157.0867099761963
1745967349.635,157.34790015220642,1745967349.635,157.34790015220642,1745967349.635,157.34790015220642,1745967349.635,157.34790015220642
1745967349.915,157.62785720825195,1745967349.915,157.62785720825195,1745967349.915,157.62785720825195,1745967349.915,157.62785720825195
1745967350.147,157.85992670059204,1745967350.147,157.85992670059204,1745967350.147,157.85992670059204,1745967350.147,157.85992670059204
1745967350.411,158.12306213378906,1745967350.411,158.12306213378906,1745967350.411,158.12306213378906,1745967350.411,158.12306213378906
1745967350.672,158.38409280776978,1745967350.672,158.38409280776978,1745967350.672,158.38409280776978,1745967350.672,158.38409280776978
1745967350.935,158.64717984199524,1745967350.935,158.64717984199524,1745967350.935,158.64717984199524,1745967350.935,158.64717984199524
1745967351.195,158.9074625968933,1745967351.195,158.9074625968933,1745967351.195,158.9074625968933,1745967351.195,158.9074625968933
1745967351.458,159.17008328437805,1745967351.458,159.17008328437805,1745967351.458,159.17008328437805,1745967351.458,159.17008328437805
1745967351.721,159.43326663970947,1745967351.721,159.43326663970947,1745967351.721,159.43326663970947,1745967351.721,159.43326663970947
1745967351.968,159.68017268180847,1745967351.968,159.68017268180847,1745967351.968,159.68017268180847,1745967351.968,159.68017268180847
1745967352.23,159.94291257858276,1745967352.23,159.94291257858276,1745967352.23,159.94291257858276,1745967352.23,159.94291257858276
1745967352.481,160.19373655319214,1745967352.481,160.19373655319214,1745967352.481,160.19373655319214,1745967352.481,160.19373655319214
1745967352.745,160.45724844932556,1745967352.745,160.45724844932556,1745967352.745,160.45724844932556,1745967352.745,160.45724844932556
1745967353.007,160.71982097625732,1745967353.007,160.71982097625732,1745967353.007,160.71982097625732,1745967353.007,160.71982097625732
1745967353.246,160.95836448669434,1745967353.246,160.95836448669434,1745967353.246,160.95836448669434,1745967353.246,160.95836448669434
1745967353.499,161.21122884750366,1745967353.499,161.21122884750366,1745967353.499,161.21122884750366,1745967353.499,161.21122884750366
1745967353.763,161.47551226615906,1745967353.763,161.47551226615906,1745967353.763,161.47551226615906,1745967353.763,161.47551226615906
1745967354.01,161.72240209579468,1745967354.01,161.72240209579468,1745967354.01,161.72240209579468,1745967354.01,161.72240209579468
1745967354.262,161.9748752117157,1745967354.262,161.9748752117157,1745967354.262,161.9748752117157,1745967354.262,161.9748752117157
1745967354.52,162.23295855522156,1745967354.52,162.23295855522156,1745967354.52,162.23295855522156,1745967354.52,162.23295855522156
1745967354.767,162.47926878929138,1745967354.767,162.47926878929138,1745967354.767,162.47926878929138,1745967354.767,162.47926878929138
1745967355.017,162.72941708564758,1745967355.017,162.72941708564758,1745967355.017,162.72941708564758,1745967355.017,162.72941708564758
1745967355.263,162.97592616081238,1745967355.263,162.97592616081238,1745967355.263,162.97592616081238,1745967355.263,162.97592616081238
1745967355.528,163.24083590507507,1745967355.528,163.24083590507507,1745967355.528,163.24083590507507,1745967355.528,163.24083590507507
1745967355.775,163.48748230934143,1745967355.775,163.48748230934143,1745967355.775,163.48748230934143,1745967355.775,163.48748230934143
1745967356.028,163.74019074440002,1745967356.028,163.74019074440002,1745967356.028,163.74019074440002,1745967356.028,163.74019074440002
1745967356.268,163.9800980091095,1745967356.268,163.9800980091095,1745967356.268,163.9800980091095,1745967356.268,163.9800980091095
1745967356.529,164.24179124832153,1745967356.529,164.24179124832153,1745967356.529,164.24179124832153,1745967356.529,164.24179124832153
1745967356.778,164.49007034301758,1745967356.778,164.49007034301758,1745967356.778,164.49007034301758,1745967356.778,164.49007034301758
1745967357.032,164.74445366859436,1745967357.032,164.74445366859436,1745967357.032,164.74445366859436,1745967357.032,164.74445366859436
1745967357.263,164.97596526145935,1745967357.263,164.97596526145935,1745967357.263,164.97596526145935,1745967357.263,164.97596526145935
1745967357.525,165.23725175857544,1745967357.525,165.23725175857544,1745967357.525,165.23725175857544,1745967357.525,165.23725175857544
1745967357.784,165.49680042266846,1745967357.784,165.49680042266846,1745967357.784,165.49680042266846,1745967357.784,165.49680042266846
1745967358.049,165.7618179321289,1745967358.049,165.7618179321289,1745967358.049,165.7618179321289,1745967358.049,165.7618179321289
1745967358.302,166.0145182609558,1745967358.302,166.0145182609558,1745967358.302,166.0145182609558,1745967358.302,166.0145182609558
1745967358.565,166.27746438980103,1745967358.565,166.27746438980103,1745967358.565,166.27746438980103,1745967358.565,166.27746438980103
1745967358.827,166.53999972343445,1745967358.827,166.53999972343445,1745967358.827,166.53999972343445,1745967358.827,166.53999972343445
1745967359.064,166.77639317512512,1745967359.064,166.77639317512512,1745967359.064,166.77639317512512,1745967359.064,166.77639317512512
1745967359.322,167.03489446640015,1745967359.322,167.03489446640015,1745967359.322,167.03489446640015,1745967359.322,167.03489446640015
1745967359.582,167.2949755191803,1745967359.582,167.2949755191803,1745967359.582,167.2949755191803,1745967359.582,167.2949755191803
1745967359.829,167.5416717529297,1745967359.829,167.5416717529297,1745967359.829,167.5416717529297,1745967359.829,167.5416717529297
1745967360.061,167.77398562431335,1745967360.061,167.77398562431335,1745967360.061,167.77398562431335,1745967360.061,167.77398562431335
1745967360.323,168.03548288345337,1745967360.323,168.03548288345337,1745967360.323,168.03548288345337,1745967360.323,168.03548288345337
1745967360.603,168.31527996063232,1745967360.603,168.31527996063232,1745967360.603,168.31527996063232,1745967360.603,168.31527996063232
1745967360.851,168.5635576248169,1745967360.851,168.5635576248169,1745967360.851,168.5635576248169,1745967360.851,168.5635576248169
1745967361.099,168.81160593032837,1745967361.099,168.81160593032837,1745967361.099,168.81160593032837,1745967361.099,168.81160593032837
1745967361.35,169.06228280067444,1745967361.35,169.06228280067444,1745967361.35,169.06228280067444,1745967361.35,169.06228280067444
1745967361.608,169.3205282688141,1745967361.608,169.3205282688141,1745967361.608,169.3205282688141,1745967361.608,169.3205282688141
1745967361.869,169.58126282691956,1745967361.869,169.58126282691956,1745967361.869,169.58126282691956,1745967361.869,169.58126282691956
1745967362.115,169.82762360572815,1745967362.115,169.82762360572815,1745967362.115,169.82762360572815,1745967362.115,169.82762360572815
1745967362.367,170.0793080329895,1745967362.367,170.0793080329895,1745967362.367,170.0793080329895,1745967362.367,170.0793080329895
1745967362.626,170.3380913734436,1745967362.626,170.3380913734436,1745967362.626,170.3380913734436,1745967362.626,170.3380913734436
1745967362.872,170.5844922065735,1745967362.872,170.5844922065735,1745967362.872,170.5844922065735,1745967362.872,170.5844922065735
1745967363.107,170.8197045326233,1745967363.107,170.8197045326233,1745967363.107,170.8197045326233,1745967363.107,170.8197045326233
1745967363.373,171.08514285087585,1745967363.373,171.08514285087585,1745967363.373,171.08514285087585,1745967363.373,171.08514285087585
1745967363.645,171.35706567764282,1745967363.645,171.35706567764282,1745967363.645,171.35706567764282,1745967363.645,171.35706567764282
1745967363.906,171.61889028549194,1745967363.906,171.61889028549194,1745967363.906,171.61889028549194,1745967363.906,171.61889028549194
1745967364.154,171.86700129508972,1745967364.154,171.86700129508972,1745967364.154,171.86700129508972,1745967364.154,171.86700129508972
1745967364.404,172.11634182929993,1745967364.404,172.11634182929993,1745967364.404,172.11634182929993,1745967364.404,172.11634182929993
1745967364.652,172.36414098739624,1745967364.652,172.36414098739624,1745967364.652,172.36414098739624,1745967364.652,172.36414098739624
1745967364.914,172.6262502670288,1745967364.914,172.6262502670288,1745967364.914,172.6262502670288,1745967364.914,172.6262502670288
1745967365.159,172.87193727493286,1745967365.159,172.87193727493286,1745967365.159,172.87193727493286,1745967365.159,172.87193727493286
1745967365.423,173.13515543937683,1745967365.423,173.13515543937683,1745967365.423,173.13515543937683,1745967365.423,173.13515543937683
1745967365.676,173.38866567611694,1745967365.676,173.38866567611694,1745967365.676,173.38866567611694,1745967365.676,173.38866567611694
1745967365.94,173.65206456184387,1745967365.94,173.65206456184387,1745967365.94,173.65206456184387,1745967365.94,173.65206456184387
1745967366.201,173.91373825073242,1745967366.201,173.91373825073242,1745967366.201,173.91373825073242,1745967366.201,173.91373825073242
1745967366.435,174.14773964881897,1745967366.435,174.14773964881897,1745967366.435,174.14773964881897,1745967366.435,174.14773964881897
1745967366.708,174.42072987556458,1745967366.708,174.42072987556458,1745967366.708,174.42072987556458,1745967366.708,174.42072987556458
1745967366.956,174.6687307357788,1745967366.956,174.6687307357788,1745967366.956,174.6687307357788,1745967366.956,174.6687307357788
1745967367.203,174.9158992767334,1745967367.203,174.9158992767334,1745967367.203,174.9158992767334,1745967367.203,174.9158992767334
1745967367.468,175.18090295791626,1745967367.468,175.18090295791626,1745967367.468,175.18090295791626,1745967367.468,175.18090295791626
