timestamp,time,timestamp6,time2,timestamp2,time3,timestamp3,time9
1745967456.637,0.050965070724487305,1745967456.637,0.050965070724487305,1745967456.637,0.050965070724487305,1745967456.637,0.050965070724487305
1745967456.901,0.31496524810791016,1745967456.901,0.31496524810791016,1745967456.901,0.31496524810791016,1745967456.901,0.31496524810791016
1745967457.179,0.5929648876190186,1745967457.179,0.5929648876190186,1745967457.179,0.5929648876190186,1745967457.179,0.5929648876190186
1745967457.444,0.8581945896148682,1745967457.444,0.8581945896148682,1745967457.444,0.8581945896148682,1745967457.444,0.8581945896148682
1745967457.71,1.1242337226867676,1745967457.71,1.1242337226867676,1745967457.71,1.1242337226867676,1745967457.71,1.1242337226867676
1745967457.958,1.372229814529419,1745967457.958,1.372229814529419,1745967457.958,1.372229814529419,1745967457.958,1.372229814529419
1745967458.221,1.6352286338806152,1745967458.221,1.6352286338806152,1745967458.221,1.6352286338806152,1745967458.221,1.6352286338806152
1745967458.472,1.8861968517303467,1745967458.472,1.8861968517303467,1745967458.472,1.8861968517303467,1745967458.472,1.8861968517303467
1745967458.733,2.147092580795288,1745967458.733,2.147092580795288,1745967458.733,2.147092580795288,1745967458.733,2.147092580795288
1745967458.982,2.3964455127716064,1745967458.982,2.3964455127716064,1745967458.982,2.3964455127716064,1745967458.982,2.3964455127716064
1745967459.243,2.6577165126800537,1745967459.243,2.6577165126800537,1745967459.243,2.6577165126800537,1745967459.243,2.6577165126800537
1745967459.507,2.9211535453796387,1745967459.507,2.9211535453796387,1745967459.507,2.9211535453796387,1745967459.507,2.9211535453796387
1745967459.77,3.1845943927764893,1745967459.77,3.1845943927764893,1745967459.77,3.1845943927764893,1745967459.77,3.1845943927764893
1745967460.034,3.447829008102417,1745967460.034,3.447829008102417,1745967460.034,3.447829008102417,1745967460.034,3.447829008102417
1745967460.295,3.7092854976654053,1745967460.295,3.7092854976654053,1745967460.295,3.7092854976654053,1745967460.295,3.7092854976654053
1745967460.556,3.970536470413208,1745967460.556,3.970536470413208,1745967460.556,3.970536470413208,1745967460.556,3.970536470413208
1745967460.821,4.235375165939331,1745967460.821,4.235375165939331,1745967460.821,4.235375165939331,1745967460.821,4.235375165939331
1745967461.084,4.498268127441406,1745967461.084,4.498268127441406,1745967461.084,4.498268127441406,1745967461.084,4.498268127441406
1745967461.347,4.761301517486572,1745967461.347,4.761301517486572,1745967461.347,4.761301517486572,1745967461.347,4.761301517486572
1745967461.608,5.0218915939331055,1745967461.608,5.0218915939331055,1745967461.608,5.0218915939331055,1745967461.608,5.0218915939331055
1745967461.87,5.283916473388672,1745967461.87,5.283916473388672,1745967461.87,5.283916473388672,1745967461.87,5.283916473388672
1745967462.147,5.561474800109863,1745967462.147,5.561474800109863,1745967462.147,5.561474800109863,1745967462.147,5.561474800109863
1745967462.41,5.823976039886475,1745967462.41,5.823976039886475,1745967462.41,5.823976039886475,1745967462.41,5.823976039886475
1745967462.657,6.070988416671753,1745967462.657,6.070988416671753,1745967462.657,6.070988416671753,1745967462.657,6.070988416671753
1745967462.918,6.331883192062378,1745967462.918,6.331883192062378,1745967462.918,6.331883192062378,1745967462.918,6.331883192062378
1745967463.194,6.608299493789673,1745967463.194,6.609321117401123,1745967463.195,6.609321117401123,1745967463.195,6.609321117401123
1745967463.442,6.856276512145996,1745967463.442,6.856276512145996,1745967463.442,6.856276512145996,1745967463.442,6.856276512145996
1745967463.689,7.103523254394531,1745967463.689,7.103523254394531,1745967463.689,7.103523254394531,1745967463.689,7.103523254394531
1745967463.95,7.364025354385376,1745967463.95,7.364025354385376,1745967463.95,7.364025354385376,1745967463.95,7.364025354385376
1745967464.214,7.6285693645477295,1745967464.214,7.6285693645477295,1745967464.214,7.6285693645477295,1745967464.214,7.6285693645477295
1745967464.478,7.892456531524658,1745967464.478,7.892456531524658,1745967464.478,7.892456531524658,1745967464.478,7.892456531524658
1745967464.741,8.155261516571045,1745967464.741,8.155261516571045,1745967464.741,8.155261516571045,1745967464.741,8.155261516571045
1745967465.006,8.420221090316772,1745967465.006,8.420221090316772,1745967465.006,8.420221090316772,1745967465.006,8.420221090316772
1745967465.252,8.666032552719116,1745967465.252,8.666032552719116,1745967465.252,8.666032552719116,1745967465.252,8.666032552719116
1745967465.5,8.91395092010498,1745967465.5,8.91395092010498,1745967465.5,8.91395092010498,1745967465.5,8.91395092010498
1745967465.761,9.175599813461304,1745967465.761,9.175599813461304,1745967465.761,9.175599813461304,1745967465.761,9.175599813461304
1745967466.023,9.43692946434021,1745967466.023,9.43692946434021,1745967466.023,9.43692946434021,1745967466.023,9.43692946434021
1745967466.284,9.69790267944336,1745967466.284,9.69790267944336,1745967466.284,9.69790267944336,1745967466.284,9.69790267944336
1745967466.544,9.957833290100098,1745967466.544,9.957833290100098,1745967466.544,9.957833290100098,1745967466.544,9.957833290100098
1745967466.807,10.221717119216919,1745967466.807,10.221717119216919,1745967466.807,10.221717119216919,1745967466.807,10.221717119216919
1745967467.084,10.498745679855347,1745967467.084,10.498745679855347,1745967467.084,10.498745679855347,1745967467.084,10.498745679855347
1745967467.345,10.759633779525757,1745967467.345,10.759633779525757,1745967467.345,10.759633779525757,1745967467.345,10.759633779525757
1745967467.592,11.00595235824585,1745967467.592,11.00595235824585,1745967467.592,11.00595235824585,1745967467.592,11.00595235824585
1745967467.855,11.268901586532593,1745967467.855,11.268901586532593,1745967467.855,11.268901586532593,1745967467.855,11.268901586532593
1745967468.118,11.531835556030273,1745967468.118,11.531835556030273,1745967468.118,11.531835556030273,1745967468.118,11.531835556030273
1745967468.382,11.796726942062378,1745967468.382,11.796726942062378,1745967468.382,11.796726942062378,1745967468.382,11.796726942062378
1745967468.63,12.044592380523682,1745967468.63,12.044592380523682,1745967468.63,12.044592380523682,1745967468.63,12.044592380523682
1745967468.879,12.292776107788086,1745967468.879,12.292776107788086,1745967468.879,12.292776107788086,1745967468.879,12.292776107788086
1745967469.125,12.539299726486206,1745967469.125,12.539299726486206,1745967469.125,12.539299726486206,1745967469.125,12.539299726486206
1745967469.373,12.786956310272217,1745967469.373,12.786956310272217,1745967469.373,12.786956310272217,1745967469.373,12.786956310272217
1745967469.638,13.052051782608032,1745967469.638,13.052051782608032,1745967469.638,13.052051782608032,1745967469.638,13.052051782608032
1745967469.901,13.315276622772217,1745967469.901,13.315276622772217,1745967469.901,13.315276622772217,1745967469.901,13.315276622772217
1745967470.165,13.579144477844238,1745967470.165,13.579144477844238,1745967470.165,13.579144477844238,1745967470.165,13.579144477844238
1745967470.414,13.82869267463684,1745967470.414,13.82869267463684,1745967470.414,13.82869267463684,1745967470.414,13.82869267463684
1745967470.647,14.061405897140503,1745967470.647,14.061405897140503,1745967470.647,14.061405897140503,1745967470.647,14.061405897140503
1745967470.892,14.30643367767334,1745967470.892,14.30643367767334,1745967470.892,14.30643367767334,1745967470.892,14.30643367767334
1745967471.156,14.57010817527771,1745967471.156,14.57010817527771,1745967471.156,14.57010817527771,1745967471.156,14.57010817527771
1745967471.401,14.81484580039978,1745967471.401,14.81484580039978,1745967471.401,14.81484580039978,1745967471.401,14.81484580039978
1745967471.662,15.076167583465576,1745967471.662,15.076167583465576,1745967471.662,15.076167583465576,1745967471.662,15.076167583465576
1745967471.923,15.336876630783081,1745967471.923,15.336876630783081,1745967471.923,15.336876630783081,1745967471.923,15.336876630783081
1745967472.185,15.598896741867065,1745967472.185,15.598896741867065,1745967472.185,15.598896741867065,1745967472.185,15.598896741867065
1745967472.448,15.862336158752441,1745967472.448,15.862336158752441,1745967472.448,15.862336158752441,1745967472.448,15.862336158752441
1745967472.723,16.137735843658447,1745967472.723,16.137735843658447,1745967472.723,16.137735843658447,1745967472.723,16.137735843658447
1745967472.986,16.399906158447266,1745967472.986,16.399906158447266,1745967472.986,16.399906158447266,1745967472.986,16.399906158447266
1745967473.249,16.662955045700073,1745967473.249,16.662955045700073,1745967473.249,16.662955045700073,1745967473.249,16.662955045700073
1745967473.5,16.91430139541626,1745967473.5,16.91430139541626,1745967473.5,16.91430139541626,1745967473.5,16.91430139541626
1745967473.749,17.16302251815796,1745967473.749,17.16302251815796,1745967473.749,17.16302251815796,1745967473.749,17.16302251815796
1745967474.012,17.426472187042236,1745967474.012,17.426472187042236,1745967474.012,17.426472187042236,1745967474.012,17.426472187042236
1745967474.274,17.68861699104309,1745967474.274,17.68861699104309,1745967474.274,17.68861699104309,1745967474.274,17.68861699104309
1745967474.535,17.94921875,1745967474.535,17.94921875,1745967474.535,17.94921875,1745967474.535,17.94921875
1745967474.795,18.20974588394165,1745967474.795,18.20974588394165,1745967474.795,18.20974588394165,1745967474.795,18.20974588394165
1745967475.058,18.47221350669861,1745967475.058,18.47221350669861,1745967475.058,18.47221350669861,1745967475.058,18.47221350669861
1745967475.321,18.73541283607483,1745967475.321,18.73541283607483,1745967475.321,18.73541283607483,1745967475.321,18.73541283607483
1745967475.583,18.997755765914917,1745967475.583,18.997755765914917,1745967475.583,18.997755765914917,1745967475.583,18.997755765914917
1745967475.832,19.245791912078857,1745967475.832,19.245791912078857,1745967475.832,19.245791912078857,1745967475.832,19.245791912078857
1745967476.094,19.50865340232849,1745967476.094,19.50865340232849,1745967476.094,19.50865340232849,1745967476.094,19.50865340232849
1745967476.344,19.758092880249023,1745967476.344,19.758092880249023,1745967476.344,19.758092880249023,1745967476.344,19.758092880249023
1745967476.606,20.019835710525513,1745967476.606,20.019835710525513,1745967476.606,20.019835710525513,1745967476.606,20.019835710525513
1745967476.868,20.282687425613403,1745967476.868,20.282687425613403,1745967476.868,20.282687425613403,1745967476.868,20.282687425613403
1745967477.117,20.53153085708618,1745967477.117,20.53153085708618,1745967477.117,20.53153085708618,1745967477.117,20.53153085708618
1745967477.38,20.794389247894287,1745967477.38,20.794389247894287,1745967477.38,20.794389247894287,1745967477.38,20.794389247894287
1745967477.616,21.029900550842285,1745967477.616,21.029900550842285,1745967477.616,21.029900550842285,1745967477.616,21.029900550842285
1745967477.873,21.287593841552734,1745967477.873,21.287593841552734,1745967477.873,21.287593841552734,1745967477.873,21.287593841552734
1745967478.139,21.553109884262085,1745967478.139,21.553109884262085,1745967478.139,21.553109884262085,1745967478.139,21.553109884262085
1745967478.401,21.81512761116028,1745967478.401,21.81512761116028,1745967478.401,21.81512761116028,1745967478.401,21.81512761116028
1745967478.639,22.05334973335266,1745967478.639,22.05334973335266,1745967478.639,22.05334973335266,1745967478.639,22.05334973335266
1745967478.885,22.298990488052368,1745967478.885,22.298990488052368,1745967478.885,22.298990488052368,1745967478.885,22.298990488052368
1745967479.163,22.577681064605713,1745967479.163,22.577681064605713,1745967479.163,22.577681064605713,1745967479.163,22.577681064605713
1745967479.427,22.840903282165527,1745967479.427,22.840903282165527,1745967479.427,22.840903282165527,1745967479.427,22.840903282165527
1745967479.687,23.101530075073242,1745967479.687,23.101530075073242,1745967479.687,23.101530075073242,1745967479.687,23.101530075073242
1745967479.953,23.367568492889404,1745967479.953,23.367568492889404,1745967479.953,23.367568492889404,1745967479.953,23.367568492889404
1745967480.218,23.632340669631958,1745967480.218,23.632340669631958,1745967480.218,23.632340669631958,1745967480.218,23.632340669631958
1745967480.479,23.89348340034485,1745967480.479,23.89348340034485,1745967480.479,23.89348340034485,1745967480.479,23.89348340034485
1745967480.744,24.158493041992188,1745967480.744,24.158493041992188,1745967480.744,24.158493041992188,1745967480.744,24.158493041992188
1745967481.004,24.417820692062378,1745967481.004,24.417820692062378,1745967481.004,24.417820692062378,1745967481.004,24.417820692062378
1745967481.265,24.679642915725708,1745967481.265,24.679642915725708,1745967481.265,24.679642915725708,1745967481.265,24.679642915725708
1745967481.526,24.939961194992065,1745967481.526,24.939961194992065,1745967481.526,24.939961194992065,1745967481.526,24.939961194992065
1745967481.803,25.21772050857544,1745967481.803,25.21772050857544,1745967481.803,25.21772050857544,1745967481.803,25.21772050857544
1745967482.066,25.480639934539795,1745967482.066,25.480639934539795,1745967482.066,25.480639934539795,1745967482.066,25.480639934539795
1745967482.328,25.741909980773926,1745967482.328,25.741909980773926,1745967482.328,25.741909980773926,1745967482.328,25.741909980773926
1745967482.591,26.00553059577942,1745967482.591,26.00553059577942,1745967482.591,26.00553059577942,1745967482.591,26.00553059577942
1745967482.851,26.26556897163391,1745967482.851,26.26556897163391,1745967482.851,26.26556897163391,1745967482.851,26.26556897163391
1745967483.1,26.51409673690796,1745967483.1,26.51409673690796,1745967483.1,26.51409673690796,1745967483.1,26.51409673690796
1745967483.364,26.77828311920166,1745967483.364,26.77828311920166,1745967483.364,26.77828311920166,1745967483.364,26.77828311920166
1745967483.61,27.024224281311035,1745967483.61,27.024224281311035,1745967483.61,27.024224281311035,1745967483.61,27.024224281311035
1745967483.87,27.284623861312866,1745967483.87,27.284623861312866,1745967483.87,27.284623861312866,1745967483.87,27.284623861312866
1745967484.134,27.548367023468018,1745967484.134,27.548367023468018,1745967484.134,27.548367023468018,1745967484.134,27.548367023468018
1745967484.396,27.810688018798828,1745967484.396,27.810688018798828,1745967484.396,27.810688018798828,1745967484.396,27.810688018798828
1745967484.644,28.058545351028442,1745967484.644,28.058545351028442,1745967484.644,28.058545351028442,1745967484.644,28.058545351028442
1745967484.89,28.30448031425476,1745967484.89,28.30448031425476,1745967484.89,28.30448031425476,1745967484.89,28.30448031425476
1745967485.14,28.55430269241333,1745967485.14,28.55430269241333,1745967485.14,28.55430269241333,1745967485.14,28.55430269241333
1745967485.403,28.81716775894165,1745967485.403,28.81716775894165,1745967485.403,28.81716775894165,1745967485.403,28.81716775894165
1745967485.653,29.066810846328735,1745967485.653,29.066810846328735,1745967485.653,29.066810846328735,1745967485.653,29.066810846328735
1745967485.929,29.3428692817688,1745967485.929,29.3428692817688,1745967485.929,29.3428692817688,1745967485.929,29.3428692817688
1745967486.193,29.60682964324951,1745967486.193,29.60682964324951,1745967486.193,29.60682964324951,1745967486.193,29.60682964324951
1745967486.455,29.86884903907776,1745967486.455,29.86884903907776,1745967486.455,29.86884903907776,1745967486.455,29.86884903907776
1745967486.704,30.11783003807068,1745967486.704,30.11783003807068,1745967486.704,30.11783003807068,1745967486.704,30.11783003807068
1745967486.951,30.36551022529602,1745967486.951,30.36551022529602,1745967486.951,30.36551022529602,1745967486.951,30.36551022529602
1745967487.198,30.612574100494385,1745967487.198,30.612574100494385,1745967487.198,30.612574100494385,1745967487.198,30.612574100494385
1745967487.474,30.888270139694214,1745967487.474,30.888270139694214,1745967487.474,30.888270139694214,1745967487.474,30.888270139694214
1745967487.739,31.153451681137085,1745967487.739,31.153451681137085,1745967487.739,31.153451681137085,1745967487.739,31.153451681137085
1745967487.99,31.404717206954956,1745967487.99,31.404717206954956,1745967487.99,31.404717206954956,1745967487.99,31.404717206954956
1745967488.252,31.666750192642212,1745967488.252,31.666750192642212,1745967488.252,31.666750192642212,1745967488.252,31.666750192642212
1745967488.502,31.91610813140869,1745967488.502,31.91610813140869,1745967488.502,31.91610813140869,1745967488.502,31.91610813140869
1745967488.746,32.1607301235199,1745967488.746,32.1607301235199,1745967488.746,32.1607301235199,1745967488.746,32.1607301235199
1745967488.979,32.39336609840393,1745967488.979,32.39336609840393,1745967488.979,32.39336609840393,1745967488.979,32.39336609840393
1745967489.255,32.66971039772034,1745967489.255,32.66971039772034,1745967489.255,32.66971039772034,1745967489.255,32.66971039772034
1745967489.501,32.91562366485596,1745967489.501,32.91562366485596,1745967489.501,32.91562366485596,1745967489.501,32.91562366485596
1745967489.768,33.18245196342468,1745967489.768,33.18245196342468,1745967489.768,33.18245196342468,1745967489.768,33.18245196342468
1745967490.032,33.44625544548035,1745967490.032,33.44625544548035,1745967490.032,33.44625544548035,1745967490.032,33.44625544548035
1745967490.279,33.6930205821991,1745967490.279,33.6930205821991,1745967490.279,33.6930205821991,1745967490.279,33.6930205821991
1745967490.528,33.94215679168701,1745967490.528,33.94215679168701,1745967490.528,33.94215679168701,1745967490.528,33.94215679168701
1745967490.775,34.18971014022827,1745967490.775,34.18971014022827,1745967490.775,34.18971014022827,1745967490.775,34.18971014022827
1745967491.039,34.45328950881958,1745967491.039,34.45328950881958,1745967491.039,34.45328950881958,1745967491.039,34.45328950881958
1745967491.286,34.699779987335205,1745967491.286,34.699779987335205,1745967491.286,34.699779987335205,1745967491.286,34.699779987335205
1745967491.532,34.94619846343994,1745967491.532,34.94619846343994,1745967491.532,34.94619846343994,1745967491.532,34.94619846343994
1745967491.796,35.21053719520569,1745967491.796,35.21053719520569,1745967491.796,35.21053719520569,1745967491.796,35.21053719520569
1745967492.059,35.47295522689819,1745967492.059,35.47295522689819,1745967492.059,35.47295522689819,1745967492.059,35.47295522689819
1745967492.323,35.73701524734497,1745967492.323,35.73701524734497,1745967492.323,35.73701524734497,1745967492.323,35.73701524734497
1745967492.601,36.015360832214355,1745967492.601,36.015360832214355,1745967492.601,36.015360832214355,1745967492.601,36.015360832214355
1745967492.849,36.26359248161316,1745967492.849,36.26359248161316,1745967492.849,36.26359248161316,1745967492.849,36.26359248161316
1745967493.11,36.5239143371582,1745967493.11,36.5239143371582,1745967493.11,36.5239143371582,1745967493.11,36.5239143371582
1745967493.373,36.787060260772705,1745967493.373,36.787060260772705,1745967493.373,36.787060260772705,1745967493.373,36.787060260772705
1745967493.636,37.05054783821106,1745967493.636,37.05054783821106,1745967493.636,37.05054783821106,1745967493.636,37.05054783821106
1745967493.889,37.3036425113678,1745967493.889,37.3036425113678,1745967493.889,37.3036425113678,1745967493.889,37.3036425113678
1745967494.164,37.57856559753418,1745967494.164,37.57856559753418,1745967494.164,37.57856559753418,1745967494.164,37.57856559753418
1745967494.428,37.842223167419434,1745967494.428,37.842223167419434,1745967494.428,37.842223167419434,1745967494.428,37.842223167419434
1745967494.675,38.08930850028992,1745967494.675,38.08930850028992,1745967494.675,38.08930850028992,1745967494.675,38.08930850028992
1745967494.937,38.35152626037598,1745967494.937,38.35152626037598,1745967494.937,38.35152626037598,1745967494.937,38.35152626037598
1745967495.184,38.598490953445435,1745967495.184,38.598490953445435,1745967495.184,38.598490953445435,1745967495.184,38.598490953445435
1745967495.447,38.86170840263367,1745967495.447,38.86170840263367,1745967495.447,38.86170840263367,1745967495.447,38.86170840263367
1745967495.712,39.126630783081055,1745967495.712,39.126630783081055,1745967495.712,39.126630783081055,1745967495.712,39.126630783081055
1745967495.932,39.34622144699097,1745967495.932,39.34622144699097,1745967495.932,39.34622144699097,1745967495.932,39.34622144699097
1745967496.207,39.6214120388031,1745967496.207,39.6214120388031,1745967496.207,39.6214120388031,1745967496.207,39.6214120388031
1745967496.469,39.88361883163452,1745967496.469,39.88361883163452,1745967496.469,39.88361883163452,1745967496.469,39.88361883163452
1745967496.733,40.14694285392761,1745967496.733,40.14694285392761,1745967496.733,40.14694285392761,1745967496.733,40.14694285392761
1745967496.998,40.41210412979126,1745967496.998,40.41210412979126,1745967496.998,40.41210412979126,1745967496.998,40.41210412979126
1745967497.259,40.673532247543335,1745967497.259,40.673532247543335,1745967497.259,40.673532247543335,1745967497.259,40.673532247543335
1745967497.521,40.93482828140259,1745967497.521,40.93482828140259,1745967497.521,40.93482828140259,1745967497.521,40.93482828140259
1745967497.782,41.19635891914368,1745967497.782,41.19635891914368,1745967497.782,41.19635891914368,1745967497.782,41.19635891914368
1745967498.044,41.45847725868225,1745967498.044,41.45847725868225,1745967498.044,41.45847725868225,1745967498.044,41.45847725868225
1745967498.308,41.72193193435669,1745967498.308,41.72193193435669,1745967498.308,41.72193193435669,1745967498.308,41.72193193435669
1745967498.586,42.00064015388489,1745967498.586,42.00064015388489,1745967498.586,42.00064015388489,1745967498.586,42.00064015388489
1745967498.834,42.24814057350159,1745967498.834,42.24814057350159,1745967498.834,42.24814057350159,1745967498.834,42.24814057350159
1745967499.094,42.50781226158142,1745967499.094,42.50781226158142,1745967499.094,42.50781226158142,1745967499.094,42.50781226158142
1745967499.354,42.76873445510864,1745967499.354,42.76873445510864,1745967499.354,42.76873445510864,1745967499.354,42.76873445510864
1745967499.632,43.046334743499756,1745967499.632,43.046334743499756,1745967499.632,43.046334743499756,1745967499.632,43.046334743499756
1745967499.894,43.307897329330444,1745967499.894,43.307897329330444,1745967499.894,43.307897329330444,1745967499.894,43.307897329330444
1745967500.157,43.57130789756775,1745967500.157,43.57130789756775,1745967500.157,43.57130789756775,1745967500.157,43.57130789756775
1745967500.403,43.817254304885864,1745967500.403,43.817254304885864,1745967500.403,43.817254304885864,1745967500.403,43.817254304885864
1745967500.652,44.06624126434326,1745967500.652,44.06624126434326,1745967500.652,44.06624126434326,1745967500.652,44.06624126434326
1745967500.913,44.32763457298279,1745967500.913,44.32763457298279,1745967500.913,44.32763457298279,1745967500.913,44.32763457298279
1745967501.163,44.57734537124634,1745967501.163,44.57734537124634,1745967501.163,44.57734537124634,1745967501.163,44.57734537124634
1745967501.409,44.8230414390564,1745967501.409,44.8230414390564,1745967501.409,44.8230414390564,1745967501.409,44.8230414390564
1745967501.672,45.08670663833618,1745967501.672,45.08670663833618,1745967501.672,45.08670663833618,1745967501.672,45.08670663833618
1745967501.935,45.34955143928528,1745967501.935,45.34955143928528,1745967501.935,45.34955143928528,1745967501.935,45.34955143928528
1745967502.197,45.611753702163696,1745967502.197,45.611753702163696,1745967502.197,45.611753702163696,1745967502.197,45.611753702163696
1745967502.473,45.88684844970703,1745967502.473,45.88684844970703,1745967502.473,45.88684844970703,1745967502.473,45.88684844970703
1745967502.735,46.14884161949158,1745967502.735,46.14884161949158,1745967502.735,46.14884161949158,1745967502.735,46.14884161949158
1745967502.997,46.41151213645935,1745967502.997,46.41151213645935,1745967502.997,46.41151213645935,1745967502.997,46.41151213645935
1745967503.247,46.66115117073059,1745967503.247,46.66115117073059,1745967503.247,46.66115117073059,1745967503.247,46.66115117073059
1745967503.495,46.9088613986969,1745967503.495,46.9088613986969,1745967503.495,46.9088613986969,1745967503.495,46.9088613986969
1745967503.77,47.18462300300598,1745967503.77,47.18462300300598,1745967503.77,47.18462300300598,1745967503.77,47.18462300300598
1745967504.022,47.436158657073975,1745967504.022,47.436158657073975,1745967504.022,47.436158657073975,1745967504.022,47.436158657073975
1745967504.264,47.67778968811035,1745967504.264,47.67778968811035,1745967504.264,47.67778968811035,1745967504.264,47.67778968811035
1745967504.511,47.92512083053589,1745967504.511,47.92512083053589,1745967504.511,47.92512083053589,1745967504.511,47.92512083053589
1745967504.775,48.189719438552856,1745967504.775,48.189719438552856,1745967504.775,48.189719438552856,1745967504.775,48.189719438552856
1745967505.039,48.45332455635071,1745967505.039,48.45332455635071,1745967505.039,48.45332455635071,1745967505.039,48.45332455635071
1745967505.286,48.7000789642334,1745967505.286,48.7000789642334,1745967505.286,48.7000789642334,1745967505.286,48.7000789642334
1745967505.534,48.94832634925842,1745967505.534,48.94832634925842,1745967505.534,48.94832634925842,1745967505.534,48.94832634925842
1745967505.798,49.21199035644531,1745967505.798,49.21199035644531,1745967505.798,49.21199035644531,1745967505.798,49.21199035644531
1745967506.05,49.46472716331482,1745967506.05,49.46472716331482,1745967506.05,49.46472716331482,1745967506.05,49.46472716331482
1745967506.31,49.72434592247009,1745967506.31,49.72434592247009,1745967506.31,49.72434592247009,1745967506.31,49.72434592247009
1745967506.573,49.986878871917725,1745967506.573,49.986878871917725,1745967506.573,49.986878871917725,1745967506.573,49.986878871917725
1745967506.85,50.26462984085083,1745967506.85,50.26462984085083,1745967506.85,50.26462984085083,1745967506.85,50.26462984085083
1745967507.112,50.52629113197327,1745967507.112,50.52629113197327,1745967507.112,50.52629113197327,1745967507.112,50.52629113197327
1745967507.376,50.79023742675781,1745967507.376,50.79023742675781,1745967507.376,50.79023742675781,1745967507.376,50.79023742675781
1745967507.64,51.05379557609558,1745967507.64,51.05379557609558,1745967507.64,51.05379557609558,1745967507.64,51.05379557609558
1745967507.886,51.30066919326782,1745967507.886,51.30066919326782,1745967507.886,51.30066919326782,1745967507.886,51.30066919326782
1745967508.15,51.56404232978821,1745967508.15,51.56404232978821,1745967508.15,51.56404232978821,1745967508.15,51.56404232978821
1745967508.413,51.82695960998535,1745967508.413,51.82695960998535,1745967508.413,51.82695960998535,1745967508.413,51.82695960998535
1745967508.662,52.07642912864685,1745967508.662,52.07642912864685,1745967508.662,52.07642912864685,1745967508.662,52.07642912864685
1745967508.908,52.322065353393555,1745967508.908,52.322065353393555,1745967508.908,52.322065353393555,1745967508.908,52.322065353393555
1745967509.171,52.584840297698975,1745967509.171,52.584840297698975,1745967509.171,52.584840297698975,1745967509.171,52.584840297698975
1745967509.434,52.84868574142456,1745967509.434,52.84868574142456,1745967509.434,52.84868574142456,1745967509.434,52.84868574142456
1745967509.696,53.11042141914368,1745967509.696,53.11042141914368,1745967509.696,53.11042141914368,1745967509.696,53.11042141914368
1745967509.959,53.372787952423096,1745967509.959,53.372787952423096,1745967509.959,53.372787952423096,1745967509.959,53.372787952423096
1745967510.207,53.620811462402344,1745967510.207,53.620811462402344,1745967510.207,53.620811462402344,1745967510.207,53.620811462402344
1745967510.454,53.86814880371094,1745967510.454,53.86814880371094,1745967510.454,53.86814880371094,1745967510.454,53.86814880371094
1745967510.719,54.132996797561646,1745967510.719,54.132996797561646,1745967510.719,54.132996797561646,1745967510.719,54.132996797561646
1745967510.966,54.38035273551941,1745967510.966,54.38035273551941,1745967510.966,54.38035273551941,1745967510.966,54.38035273551941
1745967511.23,54.64437747001648,1745967511.23,54.64437747001648,1745967511.23,54.64437747001648,1745967511.23,54.64437747001648
1745967511.495,54.90895891189575,1745967511.495,54.90895891189575,1745967511.495,54.90895891189575,1745967511.495,54.90895891189575
1745967511.771,55.18540668487549,1745967511.771,55.18540668487549,1745967511.771,55.18540668487549,1745967511.771,55.18540668487549
1745967512.018,55.432178020477295,1745967512.018,55.432178020477295,1745967512.018,55.432178020477295,1745967512.018,55.432178020477295
1745967512.28,55.69460439682007,1745967512.28,55.69460439682007,1745967512.28,55.69460439682007,1745967512.28,55.69460439682007
1745967512.543,55.95687484741211,1745967512.543,55.95687484741211,1745967512.543,55.95687484741211,1745967512.543,55.95687484741211
1745967512.821,56.235060691833496,1745967512.821,56.235060691833496,1745967512.821,56.235060691833496,1745967512.821,56.235060691833496
1745967513.083,56.49729251861572,1745967513.083,56.49729251861572,1745967513.083,56.49729251861572,1745967513.083,56.49729251861572
1745967513.346,56.76021671295166,1745967513.346,56.76021671295166,1745967513.346,56.76021671295166,1745967513.346,56.76021671295166
1745967513.611,57.02527451515198,1745967513.611,57.02527451515198,1745967513.611,57.02527451515198,1745967513.611,57.02527451515198
1745967513.873,57.28725337982178,1745967513.873,57.28725337982178,1745967513.873,57.28725337982178,1745967513.873,57.28725337982178
1745967514.11,57.524003744125366,1745967514.11,57.524003744125366,1745967514.11,57.524003744125366,1745967514.11,57.524003744125366
1745967514.367,57.78124451637268,1745967514.367,57.78124451637268,1745967514.367,57.78124451637268,1745967514.367,57.78124451637268
1745967514.628,58.042046546936035,1745967514.628,58.042046546936035,1745967514.628,58.042046546936035,1745967514.628,58.042046546936035
1745967514.889,58.30347561836243,1745967514.889,58.30347561836243,1745967514.889,58.30347561836243,1745967514.889,58.30347561836243
1745967515.149,58.563758850097656,1745967515.149,58.563758850097656,1745967515.149,58.563758850097656,1745967515.149,58.563758850097656
1745967515.41,58.8245313167572,1745967515.41,58.8245313167572,1745967515.41,58.8245313167572,1745967515.41,58.8245313167572
1745967515.659,59.07287788391113,1745967515.659,59.07287788391113,1745967515.659,59.07287788391113,1745967515.659,59.07287788391113
1745967515.924,59.337820053100586,1745967515.924,59.337820053100586,1745967515.924,59.337820053100586,1745967515.924,59.337820053100586
1745967516.186,59.60074043273926,1745967516.186,59.60074043273926,1745967516.186,59.60074043273926,1745967516.186,59.60074043273926
1745967516.449,59.86343598365784,1745967516.449,59.86343598365784,1745967516.449,59.86343598365784,1745967516.449,59.86343598365784
1745967516.725,60.139214515686035,1745967516.725,60.139214515686035,1745967516.725,60.139214515686035,1745967516.725,60.139214515686035
1745967516.971,60.38541126251221,1745967516.971,60.38541126251221,1745967516.971,60.38541126251221,1745967516.971,60.38541126251221
1745967517.234,60.64797258377075,1745967517.234,60.64797258377075,1745967517.234,60.64797258377075,1745967517.234,60.64797258377075
1745967517.496,60.91031074523926,1745967517.496,60.91031074523926,1745967517.496,60.91031074523926,1745967517.496,60.91031074523926
1745967517.745,61.15898370742798,1745967517.745,61.15898370742798,1745967517.745,61.15898370742798,1745967517.745,61.15898370742798
1745967517.994,61.408324241638184,1745967517.994,61.408324241638184,1745967517.994,61.408324241638184,1745967517.994,61.408324241638184
1745967518.257,61.671584129333496,1745967518.257,61.671584129333496,1745967518.257,61.671584129333496,1745967518.257,61.671584129333496
1745967518.492,61.9058403968811,1745967518.492,61.9058403968811,1745967518.492,61.9058403968811,1745967518.492,61.9058403968811
1745967518.751,62.16515827178955,1745967518.751,62.16515827178955,1745967518.751,62.16515827178955,1745967518.751,62.16515827178955
1745967519.0,62.413925886154175,1745967519.0,62.413925886154175,1745967519.0,62.413925886154175,1745967519.0,62.413925886154175
1745967519.232,62.64589834213257,1745967519.232,62.64589834213257,1745967519.232,62.64589834213257,1745967519.232,62.64589834213257
1745967519.494,62.90871620178223,1745967519.494,62.90871620178223,1745967519.494,62.90871620178223,1745967519.494,62.90871620178223
1745967519.736,63.15043067932129,1745967519.736,63.15043067932129,1745967519.736,63.15043067932129,1745967519.736,63.15043067932129
1745967519.986,63.40044379234314,1745967519.986,63.40044379234314,1745967519.986,63.40044379234314,1745967519.986,63.40044379234314
1745967520.254,63.6684684753418,1745967520.254,63.6684684753418,1745967520.254,63.6684684753418,1745967520.254,63.6684684753418
1745967520.518,63.93245077133179,1745967520.518,63.93245077133179,1745967520.518,63.93245077133179,1745967520.518,63.93245077133179
1745967520.764,64.17790269851685,1745967520.764,64.17790269851685,1745967520.764,64.17790269851685,1745967520.764,64.17790269851685
1745967521.027,64.44091486930847,1745967521.027,64.44091486930847,1745967521.027,64.44091486930847,1745967521.027,64.44091486930847
1745967521.289,64.70342564582825,1745967521.289,64.70342564582825,1745967521.289,64.70342564582825,1745967521.289,64.70342564582825
1745967521.553,64.96684455871582,1745967521.553,64.96684455871582,1745967521.553,64.96684455871582,1745967521.553,64.96684455871582
1745967521.815,65.22878503799438,1745967521.815,65.22878503799438,1745967521.815,65.22878503799438,1745967521.815,65.22878503799438
1745967522.076,65.49007368087769,1745967522.076,65.49007368087769,1745967522.076,65.49007368087769,1745967522.076,65.49007368087769
1745967522.337,65.75134515762329,1745967522.337,65.75134515762329,1745967522.337,65.75134515762329,1745967522.337,65.75134515762329
1745967522.599,66.01346373558044,1745967522.599,66.01346373558044,1745967522.599,66.01346373558044,1745967522.599,66.01346373558044
1745967522.86,66.27408909797668,1745967522.86,66.27408909797668,1745967522.86,66.27408909797668,1745967522.86,66.27408909797668
1745967523.123,66.53742671012878,1745967523.123,66.53742671012878,1745967523.123,66.53742671012878,1745967523.123,66.53742671012878
1745967523.386,66.79985690116882,1745967523.386,66.79985690116882,1745967523.386,66.79985690116882,1745967523.386,66.79985690116882
1745967523.663,67.07753157615662,1745967523.663,67.07753157615662,1745967523.663,67.07753157615662,1745967523.663,67.07753157615662
1745967523.925,67.33879494667053,1745967523.925,67.33879494667053,1745967523.925,67.33879494667053,1745967523.925,67.33879494667053
1745967524.186,67.60003805160522,1745967524.186,67.60003805160522,1745967524.186,67.60003805160522,1745967524.186,67.60003805160522
1745967524.449,67.86329221725464,1745967524.449,67.86329221725464,1745967524.449,67.86329221725464,1745967524.449,67.86329221725464
1745967524.71,68.1245629787445,1745967524.71,68.1245629787445,1745967524.71,68.1245629787445,1745967524.71,68.1245629787445
1745967524.974,68.38799691200256,1745967524.974,68.38799691200256,1745967524.974,68.38799691200256,1745967524.974,68.38799691200256
1745967525.236,68.65060114860535,1745967525.236,68.65060114860535,1745967525.236,68.65060114860535,1745967525.236,68.65060114860535
1745967525.499,68.9128360748291,1745967525.499,68.9128360748291,1745967525.499,68.9128360748291,1745967525.499,68.9128360748291
1745967525.76,69.17434215545654,1745967525.76,69.17434215545654,1745967525.76,69.17434215545654,1745967525.76,69.17434215545654
1745967526.039,69.45346903800964,1745967526.039,69.45346903800964,1745967526.039,69.45346903800964,1745967526.039,69.45346903800964
1745967526.301,69.71568632125854,1745967526.301,69.71568632125854,1745967526.301,69.71568632125854,1745967526.301,69.71568632125854
1745967526.563,69.97704696655273,1745967526.563,69.97704696655273,1745967526.563,69.97704696655273,1745967526.563,69.97704696655273
1745967526.825,70.23879671096802,1745967526.825,70.23879671096802,1745967526.825,70.23879671096802,1745967526.825,70.23879671096802
1745967527.073,70.48692631721497,1745967527.073,70.48692631721497,1745967527.073,70.48692631721497,1745967527.073,70.48692631721497
1745967527.312,70.72655177116394,1745967527.312,70.72655177116394,1745967527.312,70.72655177116394,1745967527.312,70.72655177116394
1745967527.571,70.98530316352844,1745967527.571,70.98530316352844,1745967527.571,70.98530316352844,1745967527.571,70.98530316352844
1745967527.835,71.24915552139282,1745967527.835,71.24915552139282,1745967527.835,71.24915552139282,1745967527.835,71.24915552139282
1745967528.101,71.515056848526,1745967528.101,71.515056848526,1745967528.101,71.515056848526,1745967528.101,71.515056848526
1745967528.36,71.77448010444641,1745967528.36,71.77448010444641,1745967528.36,71.77448010444641,1745967528.36,71.77448010444641
1745967528.613,72.02678918838501,1745967528.613,72.02678918838501,1745967528.613,72.02678918838501,1745967528.613,72.02678918838501
1745967528.872,72.28666234016418,1745967528.872,72.28666234016418,1745967528.872,72.28666234016418,1745967528.872,72.28666234016418
1745967529.134,72.54865622520447,1745967529.134,72.54865622520447,1745967529.134,72.54865622520447,1745967529.134,72.54865622520447
1745967529.354,72.76830720901489,1745967529.354,72.76830720901489,1745967529.354,72.76830720901489,1745967529.354,72.76830720901489
1745967529.631,73.04549741744995,1745967529.631,73.04549741744995,1745967529.631,73.04549741744995,1745967529.631,73.04549741744995
1745967529.878,73.29242205619812,1745967529.878,73.29242205619812,1745967529.878,73.29242205619812,1745967529.878,73.29242205619812
1745967530.142,73.55627107620239,1745967530.142,73.55627107620239,1745967530.142,73.55627107620239,1745967530.142,73.55627107620239
1745967530.389,73.80306839942932,1745967530.389,73.80306839942932,1745967530.389,73.80306839942932,1745967530.389,73.80306839942932
1745967530.637,74.05151557922363,1745967530.637,74.05151557922363,1745967530.637,74.05151557922363,1745967530.637,74.05151557922363
1745967530.901,74.31547379493713,1745967530.901,74.31547379493713,1745967530.901,74.31547379493713,1745967530.901,74.31547379493713
1745967531.148,74.56223440170288,1745967531.148,74.56223440170288,1745967531.148,74.56223440170288,1745967531.148,74.56223440170288
1745967531.409,74.82346391677856,1745967531.409,74.82346391677856,1745967531.409,74.82346391677856,1745967531.409,74.82346391677856
1745967531.66,75.07381057739258,1745967531.66,75.07381057739258,1745967531.66,75.07381057739258,1745967531.66,75.07381057739258
1745967531.921,75.33571362495422,1745967531.921,75.33571362495422,1745967531.921,75.33571362495422,1745967531.921,75.33571362495422
1745967532.186,75.60038471221924,1745967532.186,75.60038471221924,1745967532.186,75.60038471221924,1745967532.186,75.60038471221924
1745967532.452,75.86629581451416,1745967532.452,75.86629581451416,1745967532.452,75.86629581451416,1745967532.452,75.86629581451416
1745967532.713,76.12756776809692,1745967532.713,76.12756776809692,1745967532.713,76.12756776809692,1745967532.713,76.12756776809692
1745967532.977,76.39165019989014,1745967532.977,76.39165019989014,1745967532.977,76.39165019989014,1745967532.977,76.39165019989014
1745967533.239,76.65324902534485,1745967533.239,76.65324902534485,1745967533.239,76.65324902534485,1745967533.239,76.65324902534485
1745967533.503,76.9168119430542,1745967533.503,76.9168119430542,1745967533.503,76.9168119430542,1745967533.503,76.9168119430542
1745967533.765,77.17963290214539,1745967533.765,77.17963290214539,1745967533.765,77.17963290214539,1745967533.765,77.17963290214539
1745967534.027,77.44089102745056,1745967534.027,77.44089102745056,1745967534.027,77.44089102745056,1745967534.027,77.44089102745056
1745967534.29,77.70436000823975,1745967534.29,77.70436000823975,1745967534.29,77.70436000823975,1745967534.29,77.70436000823975
1745967534.551,77.9652853012085,1745967534.551,77.9652853012085,1745967534.551,77.9652853012085,1745967534.551,77.9652853012085
1745967534.797,78.21096920967102,1745967534.797,78.21096920967102,1745967534.797,78.21096920967102,1745967534.797,78.21096920967102
1745967535.062,78.47636365890503,1745967535.062,78.47636365890503,1745967535.062,78.47636365890503,1745967535.062,78.47636365890503
1745967535.323,78.73727226257324,1745967535.323,78.73727226257324,1745967535.323,78.73727226257324,1745967535.323,78.73727226257324
1745967535.586,79.00035834312439,1745967535.586,79.00035834312439,1745967535.586,79.00035834312439,1745967535.586,79.00035834312439
1745967535.85,79.26404047012329,1745967535.85,79.26404047012329,1745967535.85,79.26404047012329,1745967535.85,79.26404047012329
1745967536.098,79.51191473007202,1745967536.098,79.51191473007202,1745967536.098,79.51191473007202,1745967536.098,79.51191473007202
1745967536.359,79.77321577072144,1745967536.359,79.77321577072144,1745967536.359,79.77321577072144,1745967536.359,79.77321577072144
1745967536.606,80.02054166793823,1745967536.606,80.02054166793823,1745967536.606,80.02054166793823,1745967536.606,80.02054166793823
1745967536.869,80.28295469284058,1745967536.869,80.28295469284058,1745967536.869,80.28295469284058,1745967536.869,80.28295469284058
1745967537.13,80.5442476272583,1745967537.13,80.5442476272583,1745967537.13,80.5442476272583,1745967537.13,80.5442476272583
1745967537.394,80.8079264163971,1745967537.394,80.8079264163971,1745967537.394,80.8079264163971,1745967537.394,80.8079264163971
1745967537.657,81.07124543190002,1745967537.657,81.07124543190002,1745967537.657,81.07124543190002,1745967537.657,81.07124543190002
1745967537.906,81.32068681716919,1745967537.906,81.32068681716919,1745967537.906,81.32068681716919,1745967537.906,81.32068681716919
1745967538.17,81.58440947532654,1745967538.17,81.58440947532654,1745967538.17,81.58440947532654,1745967538.17,81.58440947532654
1745967538.42,81.83432412147522,1745967538.42,81.83432412147522,1745967538.42,81.83432412147522,1745967538.42,81.83432412147522
1745967538.684,82.09832525253296,1745967538.684,82.09832525253296,1745967538.684,82.09832525253296,1745967538.684,82.09832525253296
1745967538.947,82.36100172996521,1745967538.947,82.36100172996521,1745967538.947,82.36100172996521,1745967538.947,82.36100172996521
1745967539.21,82.6238021850586,1745967539.21,82.6238021850586,1745967539.21,82.6238021850586,1745967539.21,82.6238021850586
1745967539.45,82.86402082443237,1745967539.45,82.86402082443237,1745967539.45,82.86402082443237,1745967539.45,82.86402082443237
1745967539.707,83.12157773971558,1745967539.707,83.12157773971558,1745967539.707,83.12157773971558,1745967539.707,83.12157773971558
1745967539.972,83.3863205909729,1745967539.972,83.3863205909729,1745967539.972,83.3863205909729,1745967539.972,83.3863205909729
1745967540.223,83.63713431358337,1745967540.223,83.63713431358337,1745967540.223,83.63713431358337,1745967540.223,83.63713431358337
1745967540.472,83.88597655296326,1745967540.472,83.88597655296326,1745967540.472,83.88597655296326,1745967540.472,83.88597655296326
1745967540.73,84.14452314376831,1745967540.73,84.14452314376831,1745967540.73,84.14452314376831,1745967540.73,84.14452314376831
1745967541.008,84.4219696521759,1745967541.008,84.4219696521759,1745967541.008,84.4219696521759,1745967541.008,84.4219696521759
1745967541.256,84.6702082157135,1745967541.256,84.6702082157135,1745967541.256,84.6702082157135,1745967541.256,84.6702082157135
1745967541.487,84.90171146392822,1745967541.487,84.90171146392822,1745967541.487,84.90171146392822,1745967541.487,84.90171146392822
1745967541.748,85.16260504722595,1745967541.748,85.16260504722595,1745967541.748,85.16260504722595,1745967541.748,85.16260504722595
1745967541.996,85.41065692901611,1745967541.996,85.41065692901611,1745967541.996,85.41065692901611,1745967541.996,85.41065692901611
1745967542.259,85.67370820045471,1745967542.259,85.67370820045471,1745967542.259,85.67470693588257,1745967542.26,85.67470693588257
1745967542.499,85.91295385360718,1745967542.499,85.91295385360718,1745967542.499,85.91295385360718,1745967542.499,85.91295385360718
1745967542.741,86.15559244155884,1745967542.741,86.15559244155884,1745967542.741,86.15559244155884,1745967542.741,86.15559244155884
1745967543.004,86.41868114471436,1745967543.004,86.41868114471436,1745967543.004,86.41868114471436,1745967543.004,86.41868114471436
1745967543.266,86.67992210388184,1745967543.266,86.67992210388184,1745967543.266,86.67992210388184,1745967543.266,86.67992210388184
1745967543.516,86.93024492263794,1745967543.516,86.93024492263794,1745967543.516,86.93024492263794,1745967543.516,86.93024492263794
1745967543.779,87.19347047805786,1745967543.779,87.19347047805786,1745967543.779,87.19347047805786,1745967543.779,87.19347047805786
1745967544.027,87.44133806228638,1745967544.027,87.44133806228638,1745967544.027,87.44133806228638,1745967544.027,87.44133806228638
1745967544.29,87.70436930656433,1745967544.29,87.70436930656433,1745967544.29,87.70436930656433,1745967544.29,87.70436930656433
1745967544.538,87.95199084281921,1745967544.538,87.95199084281921,1745967544.538,87.95199084281921,1745967544.538,87.95199084281921
1745967544.785,88.19898748397827,1745967544.785,88.19898748397827,1745967544.785,88.19898748397827,1745967544.785,88.19898748397827
1745967545.031,88.4452850818634,1745967545.031,88.4452850818634,1745967545.031,88.4452850818634,1745967545.031,88.4452850818634
1745967545.277,88.69140529632568,1745967545.277,88.69140529632568,1745967545.277,88.69140529632568,1745967545.277,88.69140529632568
1745967545.551,88.96535778045654,1745967545.551,88.96535778045654,1745967545.551,88.96535778045654,1745967545.551,88.96535778045654
1745967545.813,89.2268545627594,1745967545.813,89.2268545627594,1745967545.813,89.2268545627594,1745967545.813,89.2268545627594
1745967546.078,89.4920289516449,1745967546.078,89.4920289516449,1745967546.078,89.4920289516449,1745967546.078,89.4920289516449
1745967546.344,89.75830388069153,1745967546.344,89.75830388069153,1745967546.344,89.75830388069153,1745967546.344,89.75830388069153
1745967546.609,90.02342438697815,1745967546.609,90.02342438697815,1745967546.609,90.02342438697815,1745967546.609,90.02342438697815
1745967546.873,90.28776359558105,1745967546.873,90.28776359558105,1745967546.873,90.28776359558105,1745967546.873,90.28776359558105
1745967547.135,90.5495240688324,1745967547.135,90.5495240688324,1745967547.135,90.5495240688324,1745967547.135,90.5495240688324
1745967547.399,90.81352066993713,1745967547.399,90.81352066993713,1745967547.399,90.81352066993713,1745967547.399,90.81352066993713
1745967547.649,91.06339073181152,1745967547.649,91.06339073181152,1745967547.649,91.06339073181152,1745967547.649,91.06339073181152
1745967547.898,91.31270098686218,1745967547.898,91.31270098686218,1745967547.898,91.31270098686218,1745967547.898,91.31270098686218
1745967548.159,91.5735912322998,1745967548.159,91.5735912322998,1745967548.159,91.5735912322998,1745967548.159,91.5735912322998
1745967548.421,91.83485579490662,1745967548.421,91.83485579490662,1745967548.421,91.83485579490662,1745967548.421,91.83485579490662
1745967548.684,92.09826874732971,1745967548.684,92.09826874732971,1745967548.684,92.09826874732971,1745967548.684,92.09826874732971
1745967548.947,92.36133575439453,1745967548.947,92.36133575439453,1745967548.947,92.36133575439453,1745967548.947,92.36133575439453
1745967549.227,92.64083933830261,1745967549.227,92.64083933830261,1745967549.227,92.64083933830261,1745967549.227,92.64083933830261
1745967549.489,92.90372347831726,1745967549.489,92.90372347831726,1745967549.489,92.90372347831726,1745967549.489,92.90372347831726
1745967549.751,93.16504240036011,1745967549.751,93.16504240036011,1745967549.751,93.16504240036011,1745967549.751,93.16504240036011
1745967549.999,93.41341972351074,1745967549.999,93.41341972351074,1745967549.999,93.41341972351074,1745967549.999,93.41341972351074
1745967550.26,93.6741943359375,1745967550.26,93.6741943359375,1745967550.26,93.6741943359375,1745967550.26,93.6741943359375
1745967550.54,93.95412540435791,1745967550.54,93.95412540435791,1745967550.54,93.95412540435791,1745967550.54,93.95412540435791
1745967550.788,94.20182371139526,1745967550.788,94.20182371139526,1745967550.788,94.20182371139526,1745967550.788,94.20182371139526
1745967551.049,94.46366119384766,1745967551.049,94.46366119384766,1745967551.049,94.46366119384766,1745967551.049,94.46366119384766
1745967551.311,94.72512435913086,1745967551.311,94.72512435913086,1745967551.311,94.72512435913086,1745967551.311,94.72512435913086
1745967551.574,94.98788380622864,1745967551.574,94.98788380622864,1745967551.574,94.98788380622864,1745967551.574,94.98788380622864
1745967551.837,95.25171637535095,1745967551.837,95.25171637535095,1745967551.837,95.25171637535095,1745967551.837,95.25171637535095
1745967552.087,95.50083756446838,1745967552.087,95.50083756446838,1745967552.087,95.50083756446838,1745967552.087,95.50083756446838
1745967552.333,95.74685955047607,1745967552.333,95.74685955047607,1745967552.333,95.74685955047607,1745967552.333,95.74685955047607
1745967552.597,96.01174783706665,1745967552.597,96.01174783706665,1745967552.597,96.01174783706665,1745967552.597,96.01174783706665
1745967552.86,96.274658203125,1745967552.86,96.274658203125,1745967552.86,96.274658203125,1745967552.86,96.274658203125
1745967553.125,96.53969383239746,1745967553.125,96.53969383239746,1745967553.125,96.53969383239746,1745967553.125,96.53969383239746
1745967553.373,96.78680634498596,1745967553.373,96.78680634498596,1745967553.373,96.78680634498596,1745967553.373,96.78680634498596
1745967553.619,97.03331685066223,1745967553.619,97.03331685066223,1745967553.619,97.03331685066223,1745967553.619,97.03331685066223
1745967553.899,97.31362414360046,1745967553.899,97.31362414360046,1745967553.899,97.31362414360046,1745967553.899,97.31362414360046
1745967554.162,97.57638311386108,1745967554.162,97.57638311386108,1745967554.162,97.57638311386108,1745967554.162,97.57638311386108
1745967554.41,97.82474112510681,1745967554.41,97.82474112510681,1745967554.41,97.82474112510681,1745967554.41,97.82474112510681
1745967554.645,98.05884671211243,1745967554.645,98.05884671211243,1745967554.645,98.05884671211243,1745967554.645,98.05884671211243
1745967554.902,98.31641888618469,1745967554.902,98.31641888618469,1745967554.902,98.31641888618469,1745967554.902,98.31641888618469
1745967555.179,98.59367489814758,1745967555.179,98.59367489814758,1745967555.179,98.59367489814758,1745967555.179,98.59367489814758
1745967555.429,98.84304928779602,1745967555.429,98.84304928779602,1745967555.429,98.84304928779602,1745967555.429,98.84304928779602
1745967555.666,99.08009600639343,1745967555.666,99.08009600639343,1745967555.666,99.08009600639343,1745967555.666,99.08009600639343
1745967555.94,99.35438370704651,1745967555.94,99.35438370704651,1745967555.94,99.35438370704651,1745967555.94,99.35438370704651
1745967556.203,99.61776566505432,1745967556.203,99.61776566505432,1745967556.203,99.61776566505432,1745967556.203,99.61776566505432
1745967556.435,99.84931874275208,1745967556.435,99.84931874275208,1745967556.435,99.84931874275208,1745967556.435,99.84931874275208
1745967556.699,100.11363339424133,1745967556.699,100.11363339424133,1745967556.699,100.11363339424133,1745967556.699,100.11363339424133
1745967556.932,100.3461389541626,1745967556.932,100.3461389541626,1745967556.932,100.3461389541626,1745967556.932,100.3461389541626
1745967557.208,100.62272691726685,1745967557.208,100.62272691726685,1745967557.208,100.62272691726685,1745967557.208,100.62272691726685
1745967557.458,100.87222838401794,1745967557.458,100.87222838401794,1745967557.458,100.87222838401794,1745967557.458,100.87222838401794
1745967557.689,101.10359406471252,1745967557.689,101.10359406471252,1745967557.689,101.10359406471252,1745967557.689,101.10359406471252
1745967557.951,101.36492943763733,1745967557.951,101.36492943763733,1745967557.951,101.36492943763733,1745967557.951,101.36492943763733
1745967558.217,101.63111209869385,1745967558.217,101.63111209869385,1745967558.217,101.63111209869385,1745967558.217,101.63111209869385
1745967558.466,101.88025522232056,1745967558.466,101.88025522232056,1745967558.466,101.88025522232056,1745967558.466,101.88025522232056
1745967558.73,102.14466214179993,1745967558.73,102.14466214179993,1745967558.73,102.14466214179993,1745967558.73,102.14466214179993
1745967559.007,102.42148184776306,1745967559.007,102.42148184776306,1745967559.007,102.42181730270386,1745967559.008,102.42181730270386
1745967559.271,102.68543195724487,1745967559.271,102.68543195724487,1745967559.271,102.68543195724487,1745967559.271,102.68543195724487
1745967559.52,102.93459343910217,1745967559.52,102.93459343910217,1745967559.52,102.93459343910217,1745967559.52,102.93459343910217
1745967559.771,103.18490076065063,1745967559.771,103.18490076065063,1745967559.771,103.18490076065063,1745967559.771,103.18490076065063
1745967560.029,103.44320344924927,1745967560.029,103.44320344924927,1745967560.029,103.44320344924927,1745967560.029,103.44320344924927
1745967560.276,103.689932346344,1745967560.276,103.689932346344,1745967560.276,103.689932346344,1745967560.276,103.689932346344
1745967560.538,103.95211386680603,1745967560.538,103.95211386680603,1745967560.538,103.95211386680603,1745967560.538,103.95211386680603
1745967560.773,104.18697905540466,1745967560.773,104.18697905540466,1745967560.773,104.18697905540466,1745967560.773,104.18697905540466
1745967561.016,104.43005180358887,1745967561.016,104.43005180358887,1745967561.016,104.43005180358887,1745967561.016,104.43005180358887
1745967561.263,104.67723488807678,1745967561.263,104.67723488807678,1745967561.263,104.67723488807678,1745967561.263,104.67723488807678
1745967561.526,104.93992137908936,1745967561.526,104.93992137908936,1745967561.526,104.93992137908936,1745967561.526,104.93992137908936
1745967561.774,105.18843841552734,1745967561.774,105.18843841552734,1745967561.774,105.18843841552734,1745967561.774,105.18843841552734
1745967562.039,105.45295095443726,1745967562.039,105.45295095443726,1745967562.039,105.45295095443726,1745967562.039,105.45295095443726
1745967562.288,105.70190453529358,1745967562.288,105.70190453529358,1745967562.288,105.70190453529358,1745967562.288,105.70190453529358
1745967562.55,105.96475982666016,1745967562.55,105.96475982666016,1745967562.55,105.96475982666016,1745967562.55,105.96475982666016
1745967562.803,106.21677923202515,1745967562.803,106.21677923202515,1745967562.803,106.21677923202515,1745967562.803,106.21677923202515
1745967563.06,106.47429966926575,1745967563.06,106.47429966926575,1745967563.06,106.47429966926575,1745967563.06,106.47429966926575
1745967563.321,106.73496723175049,1745967563.321,106.73496723175049,1745967563.321,106.73496723175049,1745967563.321,106.73496723175049
1745967563.582,106.99643850326538,1745967563.582,106.99643850326538,1745967563.582,106.99643850326538,1745967563.582,106.99643850326538
1745967563.82,107.23385787010193,1745967563.82,107.23385787010193,1745967563.82,107.23385787010193,1745967563.82,107.23385787010193
1745967564.078,107.49204611778259,1745967564.078,107.49204611778259,1745967564.078,107.49204611778259,1745967564.078,107.49204611778259
1745967564.339,107.75361561775208,1745967564.339,107.75361561775208,1745967564.339,107.75361561775208,1745967564.339,107.75361561775208
1745967564.616,108.03038692474365,1745967564.616,108.03038692474365,1745967564.616,108.03038692474365,1745967564.616,108.03038692474365
1745967564.88,108.29449009895325,1745967564.88,108.29449009895325,1745967564.88,108.29449009895325,1745967564.88,108.29449009895325
1745967565.129,108.54360270500183,1745967565.129,108.54360270500183,1745967565.129,108.54360270500183,1745967565.129,108.54360270500183
1745967565.377,108.79124760627747,1745967565.377,108.79124760627747,1745967565.377,108.79124760627747,1745967565.377,108.79124760627747
1745967565.625,109.03957629203796,1745967565.625,109.03957629203796,1745967565.625,109.03957629203796,1745967565.625,109.03957629203796
1745967565.874,109.28805017471313,1745967565.874,109.28805017471313,1745967565.874,109.28805017471313,1745967565.874,109.28805017471313
1745967566.136,109.55052399635315,1745967566.136,109.55052399635315,1745967566.136,109.55052399635315,1745967566.136,109.55052399635315
1745967566.384,109.79876947402954,1745967566.384,109.79876947402954,1745967566.384,109.79876947402954,1745967566.384,109.79876947402954
1745967566.661,110.075115442276,1745967566.661,110.075115442276,1745967566.661,110.075115442276,1745967566.661,110.075115442276
1745967566.894,110.3083074092865,1745967566.894,110.3083074092865,1745967566.894,110.3083074092865,1745967566.894,110.3083074092865
1745967567.157,110.57159042358398,1745967567.157,110.57159042358398,1745967567.157,110.57159042358398,1745967567.157,110.57159042358398
1745967567.42,110.83468770980835,1745967567.42,110.83468770980835,1745967567.42,110.83468770980835,1745967567.42,110.83468770980835
1745967567.682,111.09672474861145,1745967567.682,111.09672474861145,1745967567.682,111.09672474861145,1745967567.682,111.09672474861145
1745967567.96,111.37413573265076,1745967567.96,111.37413573265076,1745967567.96,111.37413573265076,1745967567.96,111.37413573265076
1745967568.223,111.63725781440735,1745967568.223,111.63725781440735,1745967568.223,111.63725781440735,1745967568.223,111.63725781440735
1745967568.484,111.89832592010498,1745967568.484,111.89832592010498,1745967568.484,111.89832592010498,1745967568.484,111.89832592010498
1745967568.75,112.16468954086304,1745967568.75,112.16468954086304,1745967568.75,112.16468954086304,1745967568.75,112.16468954086304
1745967569.013,112.42710542678833,1745967569.013,112.42710542678833,1745967569.013,112.42710542678833,1745967569.013,112.42710542678833
1745967569.277,112.69158911705017,1745967569.277,112.69158911705017,1745967569.277,112.69158911705017,1745967569.277,112.69158911705017
1745967569.542,112.95605635643005,1745967569.542,112.95605635643005,1745967569.542,112.95605635643005,1745967569.542,112.95605635643005
1745967569.821,113.23534226417542,1745967569.821,113.23534226417542,1745967569.821,113.23534226417542,1745967569.821,113.23534226417542
1745967570.083,113.49679732322693,1745967570.083,113.49679732322693,1745967570.083,113.49679732322693,1745967570.083,113.49679732322693
1745967570.345,113.75952458381653,1745967570.345,113.75952458381653,1745967570.345,113.75952458381653,1745967570.345,113.75952458381653
1745967570.595,114.00891137123108,1745967570.595,114.00891137123108,1745967570.595,114.00891137123108,1745967570.595,114.00891137123108
1745967570.844,114.25857639312744,1745967570.844,114.25857639312744,1745967570.844,114.25857639312744,1745967570.844,114.25857639312744
1745967571.105,114.51925325393677,1745967571.105,114.51925325393677,1745967571.105,114.51925325393677,1745967571.105,114.51925325393677
1745967571.371,114.78511428833008,1745967571.371,114.78511428833008,1745967571.371,114.78511428833008,1745967571.371,114.78511428833008
1745967571.637,115.05096125602722,1745967571.637,115.05096125602722,1745967571.637,115.05096125602722,1745967571.637,115.05096125602722
1745967571.9,115.31441307067871,1745967571.9,115.31441307067871,1745967571.9,115.31441307067871,1745967571.9,115.31441307067871
1745967572.164,115.57829332351685,1745967572.164,115.57829332351685,1745967572.164,115.57829332351685,1745967572.164,115.57829332351685
1745967572.413,115.82678437232971,1745967572.413,115.82678437232971,1745967572.413,115.82678437232971,1745967572.413,115.82678437232971
1745967572.673,116.08751821517944,1745967572.673,116.08751821517944,1745967572.673,116.08751821517944,1745967572.673,116.08751821517944
1745967572.924,116.33866333961487,1745967572.924,116.33866333961487,1745967572.924,116.33866333961487,1745967572.924,116.33866333961487
1745967573.182,116.59591174125671,1745967573.182,116.59591174125671,1745967573.182,116.59591174125671,1745967573.182,116.59591174125671
1745967573.462,116.87644839286804,1745967573.462,116.87644839286804,1745967573.462,116.87644839286804,1745967573.462,116.87644839286804
1745967573.726,117.14074635505676,1745967573.726,117.14074635505676,1745967573.726,117.14074635505676,1745967573.726,117.14074635505676
1745967573.976,117.39013123512268,1745967573.976,117.39013123512268,1745967573.976,117.39013123512268,1745967573.976,117.39013123512268
1745967574.239,117.65376138687134,1745967574.239,117.65376138687134,1745967574.239,117.65376138687134,1745967574.239,117.65376138687134
1745967574.503,117.91750526428223,1745967574.503,117.91750526428223,1745967574.503,117.91750526428223,1745967574.503,117.91750526428223
1745967574.766,118.17997765541077,1745967574.766,118.17997765541077,1745967574.766,118.17997765541077,1745967574.766,118.17997765541077
1745967575.014,118.42810463905334,1745967575.014,118.42810463905334,1745967575.014,118.42810463905334,1745967575.014,118.42810463905334
1745967575.276,118.69061946868896,1745967575.276,118.69061946868896,1745967575.276,118.69061946868896,1745967575.276,118.69061946868896
1745967575.523,118.93697786331177,1745967575.523,118.93697786331177,1745967575.523,118.93697786331177,1745967575.523,118.93697786331177
1745967575.785,119.19913578033447,1745967575.785,119.19913578033447,1745967575.785,119.19913578033447,1745967575.785,119.19913578033447
1745967576.032,119.44584035873413,1745967576.032,119.44584035873413,1745967576.032,119.44584035873413,1745967576.032,119.44584035873413
1745967576.28,119.69387197494507,1745967576.28,119.69387197494507,1745967576.28,119.69387197494507,1745967576.28,119.69387197494507
1745967576.541,119.95560884475708,1745967576.541,119.95560884475708,1745967576.541,119.95560884475708,1745967576.541,119.95560884475708
1745967576.82,120.23437595367432,1745967576.82,120.23437595367432,1745967576.82,120.23437595367432,1745967576.82,120.23437595367432
1745967577.084,120.49797821044922,1745967577.084,120.49797821044922,1745967577.084,120.49797821044922,1745967577.084,120.49797821044922
1745967577.345,120.75955009460449,1745967577.345,120.75955009460449,1745967577.345,120.75955009460449,1745967577.345,120.75955009460449
1745967577.61,121.02410674095154,1745967577.61,121.02410674095154,1745967577.61,121.02410674095154,1745967577.61,121.02410674095154
1745967577.873,121.28717923164368,1745967577.873,121.28717923164368,1745967577.873,121.28717923164368,1745967577.873,121.28717923164368
1745967578.137,121.55123496055603,1745967578.137,121.55123496055603,1745967578.137,121.55123496055603,1745967578.137,121.55123496055603
1745967578.403,121.8170268535614,1745967578.403,121.8170268535614,1745967578.403,121.8170268535614,1745967578.403,121.8170268535614
1745967578.68,122.09385919570923,1745967578.68,122.09385919570923,1745967578.68,122.09385919570923,1745967578.68,122.09385919570923
1745967578.934,122.34785580635071,1745967578.934,122.34785580635071,1745967578.934,122.34785580635071,1745967578.934,122.34785580635071
1745967579.204,122.61793971061707,1745967579.204,122.61793971061707,1745967579.204,122.61793971061707,1745967579.204,122.61793971061707
1745967579.466,122.88067173957825,1745967579.466,122.88067173957825,1745967579.466,122.88067173957825,1745967579.466,122.88067173957825
1745967579.729,123.14332413673401,1745967579.729,123.14332413673401,1745967579.729,123.14332413673401,1745967579.729,123.14332413673401
1745967579.992,123.4061496257782,1745967579.992,123.4061496257782,1745967579.992,123.4061496257782,1745967579.992,123.4061496257782
1745967580.253,123.66690683364868,1745967580.253,123.66690683364868,1745967580.253,123.66690683364868,1745967580.253,123.66690683364868
1745967580.517,123.9312572479248,1745967580.517,123.9312572479248,1745967580.517,123.9312572479248,1745967580.517,123.9312572479248
1745967580.779,124.19309663772583,1745967580.779,124.19309663772583,1745967580.779,124.19309663772583,1745967580.779,124.19309663772583
1745967581.016,124.43002843856812,1745967581.016,124.43002843856812,1745967581.016,124.43002843856812,1745967581.016,124.43002843856812
1745967581.29,124.7039406299591,1745967581.29,124.7039406299591,1745967581.29,124.7039406299591,1745967581.29,124.7039406299591
1745967581.539,124.95296263694763,1745967581.539,124.95296263694763,1745967581.539,124.95296263694763,1745967581.539,124.95296263694763
1745967581.786,125.200359582901,1745967581.786,125.200359582901,1745967581.786,125.200359582901,1745967581.786,125.200359582901
1745967582.012,125.4263904094696,1745967582.012,125.4263904094696,1745967582.012,125.4263904094696,1745967582.012,125.4263904094696
1745967582.282,125.69641256332397,1745967582.282,125.69641256332397,1745967582.282,125.69641256332397,1745967582.282,125.69641256332397
1745967582.544,125.95784139633179,1745967582.544,125.95784139633179,1745967582.544,125.95784139633179,1745967582.544,125.95784139633179
1745967582.795,126.20902752876282,1745967582.795,126.20902752876282,1745967582.795,126.20902752876282,1745967582.795,126.20902752876282
1745967583.046,126.46022462844849,1745967583.046,126.46022462844849,1745967583.046,126.46022462844849,1745967583.046,126.46022462844849
1745967583.306,126.72027254104614,1745967583.306,126.72027254104614,1745967583.306,126.72027254104614,1745967583.306,126.72027254104614
1745967583.568,126.98233294487,1745967583.568,126.98233294487,1745967583.568,126.98233294487,1745967583.568,126.98233294487
1745967583.832,127.24665141105652,1745967583.832,127.24665141105652,1745967583.832,127.24665141105652,1745967583.832,127.24665141105652
1745967584.064,127.47873401641846,1745967584.064,127.47873401641846,1745967584.064,127.47873401641846,1745967584.064,127.47873401641846
1745967584.329,127.74316954612732,1745967584.329,127.74316954612732,1745967584.329,127.74316954612732,1745967584.329,127.74316954612732
1745967584.577,127.99096870422363,1745967584.577,127.99096870422363,1745967584.577,127.99096870422363,1745967584.577,127.99096870422363
1745967584.84,128.2542359828949,1745967584.84,128.2542359828949,1745967584.84,128.2542359828949,1745967584.84,128.2542359828949
1745967585.091,128.50511813163757,1745967585.091,128.50511813163757,1745967585.091,128.50511813163757,1745967585.091,128.50511813163757
1745967585.339,128.75364995002747,1745967585.339,128.75364995002747,1745967585.339,128.75364995002747,1745967585.339,128.75364995002747
1745967585.616,129.03038811683655,1745967585.616,129.03038811683655,1745967585.616,129.03038811683655,1745967585.616,129.03038811683655
1745967585.864,129.27795028686523,1745967585.864,129.27795028686523,1745967585.864,129.27795028686523,1745967585.864,129.27795028686523
1745967586.111,129.52564787864685,1745967586.111,129.52564787864685,1745967586.111,129.52564787864685,1745967586.111,129.52564787864685
1745967586.357,129.77173018455505,1745967586.357,129.77173018455505,1745967586.357,129.77173018455505,1745967586.357,129.77173018455505
1745967586.621,130.03576183319092,1745967586.621,130.03576183319092,1745967586.621,130.03576183319092,1745967586.621,130.03576183319092
1745967586.887,130.30087757110596,1745967586.887,130.30087757110596,1745967586.887,130.30087757110596,1745967586.887,130.30087757110596
1745967587.151,130.5649425983429,1745967587.151,130.5649425983429,1745967587.151,130.5649425983429,1745967587.151,130.5649425983429
1745967587.412,130.82580471038818,1745967587.412,130.82580471038818,1745967587.412,130.82580471038818,1745967587.412,130.82580471038818
1745967587.661,131.0753297805786,1745967587.661,131.0753297805786,1745967587.661,131.0753297805786,1745967587.661,131.0753297805786
1745967587.925,131.33932781219482,1745967587.925,131.33932781219482,1745967587.925,131.33932781219482,1745967587.925,131.33932781219482
1745967588.174,131.58859133720398,1745967588.174,131.58859133720398,1745967588.174,131.58859133720398,1745967588.174,131.58859133720398
1745967588.439,131.8527810573578,1745967588.439,131.8527810573578,1745967588.439,131.8527810573578,1745967588.439,131.8527810573578
1745967588.702,132.11579394340515,1745967588.702,132.11579394340515,1745967588.702,132.11579394340515,1745967588.702,132.11579394340515
1745967588.963,132.37679481506348,1745967588.963,132.37679481506348,1745967588.963,132.37679481506348,1745967588.963,132.37679481506348
1745967589.223,132.63766431808472,1745967589.223,132.63766431808472,1745967589.223,132.63766431808472,1745967589.223,132.63766431808472
1745967589.487,132.9010033607483,1745967589.487,132.9010033607483,1745967589.487,132.9010033607483,1745967589.487,132.9010033607483
1745967589.751,133.16496324539185,1745967589.751,133.16496324539185,1745967589.751,133.16496324539185,1745967589.751,133.16496324539185
1745967589.995,133.4096715450287,1745967589.995,133.4096715450287,1745967589.995,133.4096715450287,1745967589.995,133.4096715450287
1745967590.26,133.67415642738342,1745967590.26,133.67415642738342,1745967590.26,133.67415642738342,1745967590.26,133.67415642738342
1745967590.54,133.95445322990417,1745967590.54,133.95445322990417,1745967590.54,133.95445322990417,1745967590.54,133.95445322990417
1745967590.803,134.21681356430054,1745967590.803,134.21681356430054,1745967590.803,134.21681356430054,1745967590.803,134.21681356430054
1745967591.068,134.4820156097412,1745967591.068,134.4820156097412,1745967591.068,134.4820156097412,1745967591.068,134.4820156097412
1745967591.329,134.74293780326843,1745967591.329,134.74293780326843,1745967591.329,134.74293780326843,1745967591.329,134.74293780326843
1745967591.575,134.98898124694824,1745967591.575,134.98898124694824,1745967591.575,134.98898124694824,1745967591.575,134.98898124694824
1745967591.852,135.2666072845459,1745967591.852,135.2666072845459,1745967591.852,135.2666072845459,1745967591.852,135.2666072845459
1745967592.116,135.5306203365326,1745967592.116,135.5306203365326,1745967592.116,135.5306203365326,1745967592.116,135.5306203365326
1745967592.364,135.7786316871643,1745967592.364,135.7786316871643,1745967592.364,135.7786316871643,1745967592.364,135.7786316871643
1745967592.624,136.03814697265625,1745967592.624,136.03814697265625,1745967592.624,136.03814697265625,1745967592.624,136.03814697265625
1745967592.886,136.29987335205078,1745967592.886,136.29987335205078,1745967592.886,136.29987335205078,1745967592.886,136.29987335205078
1745967593.153,136.56695318222046,1745967593.153,136.56695318222046,1745967593.153,136.56695318222046,1745967593.153,136.56695318222046
1745967593.411,136.8253812789917,1745967593.411,136.8253812789917,1745967593.411,136.8253812789917,1745967593.411,136.8253812789917
1745967593.673,137.08769345283508,1745967593.673,137.08769345283508,1745967593.673,137.08769345283508,1745967593.673,137.08769345283508
1745967593.934,137.34838700294495,1745967593.934,137.34838700294495,1745967593.934,137.34838700294495,1745967593.934,137.34838700294495
1745967594.197,137.6117558479309,1745967594.197,137.6117558479309,1745967594.197,137.6117558479309,1745967594.197,137.6117558479309
1745967594.459,137.8733673095703,1745967594.459,137.8733673095703,1745967594.459,137.8733673095703,1745967594.459,137.8733673095703
1745967594.72,138.13381171226501,1745967594.72,138.13381171226501,1745967594.72,138.13381171226501,1745967594.72,138.13381171226501
1745967594.984,138.39834904670715,1745967594.984,138.39834904670715,1745967594.984,138.39834904670715,1745967594.984,138.39834904670715
1745967595.245,138.659273147583,1745967595.245,138.659273147583,1745967595.245,138.659273147583,1745967595.245,138.659273147583
1745967595.506,138.92073106765747,1745967595.506,138.92073106765747,1745967595.506,138.92073106765747,1745967595.506,138.92073106765747
1745967595.768,139.1825144290924,1745967595.768,139.1825144290924,1745967595.768,139.1825144290924,1745967595.768,139.1825144290924
1745967596.028,139.4421591758728,1745967596.028,139.4421591758728,1745967596.028,139.4421591758728,1745967596.028,139.4421591758728
1745967596.292,139.70643401145935,1745967596.292,139.70643401145935,1745967596.292,139.70643401145935,1745967596.292,139.70643401145935
1745967596.557,139.97152614593506,1745967596.557,139.97152614593506,1745967596.557,139.97152614593506,1745967596.557,139.97152614593506
1745967596.832,140.24592185020447,1745967596.832,140.24592185020447,1745967596.832,140.24592185020447,1745967596.832,140.24592185020447
1745967597.093,140.5074646472931,1745967597.093,140.5074646472931,1745967597.093,140.5074646472931,1745967597.093,140.5074646472931
1745967597.358,140.7717800140381,1745967597.358,140.7717800140381,1745967597.358,140.7717800140381,1745967597.358,140.7717800140381
1745967597.62,141.0344202518463,1745967597.62,141.0344202518463,1745967597.62,141.0344202518463,1745967597.62,141.0344202518463
1745967597.897,141.31153964996338,1745967597.897,141.31153964996338,1745967597.897,141.31153964996338,1745967597.897,141.31153964996338
1745967598.143,141.5576672554016,1745967598.143,141.5576672554016,1745967598.143,141.5576672554016,1745967598.143,141.5576672554016
1745967598.391,141.80549502372742,1745967598.391,141.80549502372742,1745967598.391,141.80549502372742,1745967598.391,141.80549502372742
1745967598.653,142.06723594665527,1745967598.653,142.06723594665527,1745967598.653,142.06723594665527,1745967598.653,142.06723594665527
1745967598.902,142.31674790382385,1745967598.902,142.31674790382385,1745967598.902,142.31674790382385,1745967598.902,142.31674790382385
1745967599.154,142.5679008960724,1745967599.154,142.5679008960724,1745967599.154,142.5679008960724,1745967599.154,142.5679008960724
1745967599.416,142.83076810836792,1745967599.416,142.83076810836792,1745967599.416,142.83076810836792,1745967599.416,142.83076810836792
1745967599.683,143.09698104858398,1745967599.683,143.09698104858398,1745967599.683,143.09698104858398,1745967599.683,143.09698104858398
1745967599.947,143.36174988746643,1745967599.947,143.36174988746643,1745967599.947,143.36174988746643,1745967599.947,143.36174988746643
1745967600.226,143.64069604873657,1745967600.226,143.64069604873657,1745967600.226,143.64069604873657,1745967600.226,143.64069604873657
1745967600.49,143.90404748916626,1745967600.49,143.90404748916626,1745967600.49,143.90404748916626,1745967600.49,143.90404748916626
1745967600.752,144.16624641418457,1745967600.752,144.16624641418457,1745967600.752,144.16624641418457,1745967600.752,144.16624641418457
1745967600.998,144.4123032093048,1745967600.998,144.4123032093048,1745967600.998,144.4123032093048,1745967600.998,144.4123032093048
1745967601.229,144.64350056648254,1745967601.229,144.64350056648254,1745967601.229,144.64350056648254,1745967601.229,144.64350056648254
1745967601.507,144.9209599494934,1745967601.507,144.9209599494934,1745967601.507,144.9209599494934,1745967601.507,144.9209599494934
1745967601.77,145.184148311615,1745967601.77,145.184148311615,1745967601.77,145.184148311615,1745967601.77,145.184148311615
1745967602.032,145.44600558280945,1745967602.032,145.44600558280945,1745967602.032,145.44600558280945,1745967602.032,145.44600558280945
1745967602.295,145.70903086662292,1745967602.295,145.70903086662292,1745967602.295,145.70903086662292,1745967602.295,145.70903086662292
1745967602.557,145.9716236591339,1745967602.557,145.9716236591339,1745967602.557,145.9716236591339,1745967602.557,145.9716236591339
1745967602.823,146.23709845542908,1745967602.823,146.23709845542908,1745967602.823,146.23709845542908,1745967602.823,146.23709845542908
1745967603.101,146.5155873298645,1745967603.101,146.5155873298645,1745967603.101,146.5155873298645,1745967603.101,146.5155873298645
1745967603.349,146.7632293701172,1745967603.349,146.7632293701172,1745967603.349,146.7632293701172,1745967603.349,146.7632293701172
1745967603.611,147.02518677711487,1745967603.611,147.02518677711487,1745967603.611,147.02518677711487,1745967603.611,147.02518677711487
1745967603.876,147.28979659080505,1745967603.876,147.28979659080505,1745967603.876,147.28979659080505,1745967603.876,147.28979659080505
1745967604.137,147.5515537261963,1745967604.137,147.5515537261963,1745967604.137,147.5515537261963,1745967604.137,147.5515537261963
1745967604.399,147.81339979171753,1745967604.399,147.81339979171753,1745967604.399,147.81339979171753,1745967604.399,147.81339979171753
1745967604.645,148.05926394462585,1745967604.645,148.05926394462585,1745967604.645,148.05926394462585,1745967604.645,148.05926394462585
1745967604.892,148.30647778511047,1745967604.892,148.30647778511047,1745967604.892,148.30647778511047,1745967604.892,148.30647778511047
1745967605.154,148.5684196949005,1745967605.154,148.5684196949005,1745967605.154,148.5684196949005,1745967605.154,148.5684196949005
1745967605.402,148.8160526752472,1745967605.402,148.8160526752472,1745967605.402,148.8160526752472,1745967605.402,148.8160526752472
1745967605.666,149.08001732826233,1745967605.666,149.08001732826233,1745967605.666,149.08001732826233,1745967605.666,149.08001732826233
1745967605.943,149.35757160186768,1745967605.943,149.35757160186768,1745967605.943,149.35757160186768,1745967605.943,149.35757160186768
1745967606.206,149.6197760105133,1745967606.206,149.6197760105133,1745967606.206,149.6197760105133,1745967606.206,149.6197760105133
1745967606.436,149.85060167312622,1745967606.436,149.85060167312622,1745967606.436,149.85060167312622,1745967606.436,149.85060167312622
1745967606.7,150.11464548110962,1745967606.7,150.11464548110962,1745967606.7,150.11464548110962,1745967606.7,150.11464548110962
1745967606.963,150.37716603279114,1745967606.963,150.37716603279114,1745967606.963,150.37716603279114,1745967606.963,150.37716603279114
1745967607.242,150.65591716766357,1745967607.242,150.65591716766357,1745967607.242,150.65591716766357,1745967607.242,150.65591716766357
1745967607.489,150.9037525653839,1745967607.489,150.9037525653839,1745967607.489,150.9037525653839,1745967607.489,150.9037525653839
1745967607.754,151.16805386543274,1745967607.754,151.16805386543274,1745967607.754,151.16805386543274,1745967607.754,151.16805386543274
1745967608.018,151.43183875083923,1745967608.018,151.43183875083923,1745967608.018,151.43183875083923,1745967608.018,151.43183875083923
1745967608.282,151.69591450691223,1745967608.282,151.69591450691223,1745967608.282,151.69591450691223,1745967608.282,151.69591450691223
1745967608.547,151.9608473777771,1745967608.547,151.9608473777771,1745967608.547,151.9608473777771,1745967608.547,151.9608473777771
1745967608.809,152.22361040115356,1745967608.809,152.22361040115356,1745967608.809,152.22361040115356,1745967608.809,152.22361040115356
1745967609.071,152.48531579971313,1745967609.071,152.48531579971313,1745967609.071,152.48531579971313,1745967609.071,152.48531579971313
1745967609.33,152.74461579322815,1745967609.33,152.74461579322815,1745967609.33,152.74461579322815,1745967609.33,152.74461579322815
1745967609.594,153.00836420059204,1745967609.594,153.00836420059204,1745967609.594,153.00836420059204,1745967609.594,153.00836420059204
1745967609.843,153.25682520866394,1745967609.843,153.25682520866394,1745967609.843,153.25682520866394,1745967609.843,153.25682520866394
1745967610.107,153.5214080810547,1745967610.107,153.5214080810547,1745967610.107,153.5214080810547,1745967610.107,153.5214080810547
1745967610.356,153.77044343948364,1745967610.356,153.77044343948364,1745967610.356,153.77044343948364,1745967610.356,153.77044343948364
1745967610.62,154.03442931175232,1745967610.62,154.03442931175232,1745967610.62,154.03442931175232,1745967610.62,154.03442931175232
1745967610.87,154.28444647789001,1745967610.87,154.28444647789001,1745967610.87,154.28444647789001,1745967610.87,154.28444647789001
1745967611.133,154.54727005958557,1745967611.133,154.54727005958557,1745967611.133,154.54727005958557,1745967611.133,154.54727005958557
1745967611.382,154.79612946510315,1745967611.382,154.79612946510315,1745967611.382,154.79612946510315,1745967611.382,154.79612946510315
1745967611.646,155.06011128425598,1745967611.646,155.06011128425598,1745967611.646,155.06011128425598,1745967611.646,155.06011128425598
1745967611.894,155.30787086486816,1745967611.894,155.30787086486816,1745967611.894,155.30787086486816,1745967611.894,155.30787086486816
1745967612.155,155.56881093978882,1745967612.155,155.56881093978882,1745967612.155,155.56881093978882,1745967612.155,155.56881093978882
1745967612.402,155.81608772277832,1745967612.402,155.81608772277832,1745967612.402,155.81608772277832,1745967612.402,155.81608772277832
1745967612.666,156.0804476737976,1745967612.666,156.0804476737976,1745967612.666,156.0804476737976,1745967612.666,156.0804476737976
1745967612.945,156.35882949829102,1745967612.945,156.35882949829102,1745967612.945,156.35882949829102,1745967612.945,156.35882949829102
1745967613.205,156.61952590942383,1745967613.205,156.61952590942383,1745967613.205,156.61952590942383,1745967613.205,156.61952590942383
1745967613.469,156.883065700531,1745967613.469,156.883065700531,1745967613.469,156.883065700531,1745967613.469,156.883065700531
1745967613.715,157.1293020248413,1745967613.715,157.1293020248413,1745967613.715,157.1293020248413,1745967613.715,157.1293020248413
1745967613.993,157.40712189674377,1745967613.993,157.40712189674377,1745967613.993,157.40712189674377,1745967613.993,157.40712189674377
1745967614.257,157.67131161689758,1745967614.257,157.67131161689758,1745967614.257,157.67131161689758,1745967614.257,157.67131161689758
1745967614.49,157.90401554107666,1745967614.49,157.90401554107666,1745967614.49,157.90401554107666,1745967614.49,157.90401554107666
1745967614.734,158.14860010147095,1745967614.734,158.14860010147095,1745967614.734,158.14860010147095,1745967614.734,158.14860010147095
1745967615.003,158.41756129264832,1745967615.003,158.41756129264832,1745967615.003,158.41756129264832,1745967615.003,158.41756129264832
1745967615.264,158.6785204410553,1745967615.264,158.6785204410553,1745967615.264,158.6785204410553,1745967615.264,158.6785204410553
1745967615.527,158.94156193733215,1745967615.527,158.94156193733215,1745967615.527,158.94156193733215,1745967615.527,158.94156193733215
1745967615.776,159.19026613235474,1745967615.776,159.19026613235474,1745967615.776,159.19026613235474,1745967615.776,159.19026613235474
1745967616.026,159.44017624855042,1745967616.026,159.44017624855042,1745967616.026,159.44017624855042,1745967616.026,159.44017624855042
1745967616.271,159.68535590171814,1745967616.271,159.68535590171814,1745967616.271,159.68535590171814,1745967616.271,159.68632221221924
1745967616.494,159.90834093093872,1745967616.494,159.90834093093872,1745967616.494,159.90834093093872,1745967616.494,159.90834093093872
1745967616.75,160.16444182395935,1745967616.75,160.16444182395935,1745967616.75,160.16444182395935,1745967616.75,160.16444182395935
1745967616.997,160.4117453098297,1745967616.997,160.4117453098297,1745967616.997,160.4117453098297,1745967616.997,160.4117453098297
1745967617.247,160.66115188598633,1745967617.247,160.66115188598633,1745967617.247,160.66115188598633,1745967617.247,160.66115188598633
1745967617.498,160.9125988483429,1745967617.498,160.9125988483429,1745967617.498,160.9125988483429,1745967617.498,160.9125988483429
1745967617.755,161.16887259483337,1745967617.755,161.16887259483337,1745967617.755,161.16887259483337,1745967617.755,161.16887259483337
1745967618.003,161.41755747795105,1745967618.003,161.41755747795105,1745967618.003,161.41755747795105,1745967618.003,161.41755747795105
1745967618.268,161.68219685554504,1745967618.268,161.68219685554504,1745967618.268,161.68219685554504,1745967618.268,161.68219685554504
1745967618.513,161.92754006385803,1745967618.513,161.92754006385803,1745967618.513,161.92754006385803,1745967618.513,161.92754006385803
1745967618.778,162.1919960975647,1745967618.778,162.1919960975647,1745967618.778,162.1919960975647,1745967618.778,162.1919960975647
1745967619.029,162.44299578666687,1745967619.029,162.44299578666687,1745967619.029,162.44299578666687,1745967619.029,162.44299578666687
1745967619.277,162.6909954547882,1745967619.277,162.6909954547882,1745967619.277,162.6909954547882,1745967619.277,162.6909954547882
1745967619.514,162.92800569534302,1745967619.514,162.92800569534302,1745967619.514,162.92800569534302,1745967619.514,162.92800569534302
1745967619.773,163.1876721382141,1745967619.773,163.1876721382141,1745967619.773,163.1876721382141,1745967619.773,163.1876721382141
1745967620.019,163.43368077278137,1745967620.019,163.43368077278137,1745967620.019,163.43368077278137,1745967620.019,163.43368077278137
1745967620.284,163.69868350028992,1745967620.284,163.69868350028992,1745967620.284,163.69868350028992,1745967620.284,163.69868350028992
1745967620.519,163.93364906311035,1745967620.519,163.93364906311035,1745967620.519,163.93364906311035,1745967620.519,163.93364906311035
1745967620.763,164.17764806747437,1745967620.763,164.17764806747437,1745967620.763,164.17764806747437,1745967620.763,164.17764806747437
1745967621.011,164.42568111419678,1745967621.011,164.42568111419678,1745967621.011,164.42568111419678,1745967621.011,164.42568111419678
1745967621.271,164.68567323684692,1745967621.271,164.68567323684692,1745967621.271,164.68567323684692,1745967621.271,164.68567323684692
