timestamp,time,timestamp6,time2,timestamp2,time3,timestamp3,time9
1745968075.591,0.04395914077758789,1745968075.591,0.04395914077758789,1745968075.591,0.04395914077758789,1745968075.591,0.04395914077758789
1745968075.85,0.30295801162719727,1745968075.85,0.30295801162719727,1745968075.85,0.30295801162719727,1745968075.85,0.30295801162719727
1745968076.114,0.5669944286346436,1745968076.114,0.5669944286346436,1745968076.114,0.5669944286346436,1745968076.114,0.5669944286346436
1745968076.362,0.8149778842926025,1745968076.362,0.8149778842926025,1745968076.362,0.8149778842926025,1745968076.362,0.8149778842926025
1745968076.612,1.0649778842926025,1745968076.612,1.0649778842926025,1745968076.612,1.0649778842926025,1745968076.612,1.0649778842926025
1745968076.873,1.3260023593902588,1745968076.873,1.3260023593902588,1745968076.873,1.3260023593902588,1745968076.873,1.3260023593902588
1745968077.137,1.5900123119354248,1745968077.137,1.5900123119354248,1745968077.137,1.5900123119354248,1745968077.137,1.5900123119354248
1745968077.402,1.8549890518188477,1745968077.402,1.8549890518188477,1745968077.402,1.8549890518188477,1745968077.402,1.8549890518188477
1745968077.68,2.13289213180542,1745968077.68,2.13289213180542,1745968077.68,2.13289213180542,1745968077.68,2.13289213180542
1745968077.943,2.3960821628570557,1745968077.943,2.3960821628570557,1745968077.943,2.3960821628570557,1745968077.943,2.3960821628570557
1745968078.204,2.6572248935699463,1745968078.204,2.6572248935699463,1745968078.204,2.6572248935699463,1745968078.204,2.6572248935699463
1745968078.466,2.9191081523895264,1745968078.466,2.9191081523895264,1745968078.466,2.9191081523895264,1745968078.466,2.9191081523895264
1745968078.728,3.1812920570373535,1745968078.728,3.1812920570373535,1745968078.728,3.1812920570373535,1745968078.728,3.1812920570373535
1745968078.975,3.428544282913208,1745968078.975,3.428544282913208,1745968078.975,3.428544282913208,1745968078.975,3.428544282913208
1745968079.238,3.690934419631958,1745968079.238,3.690934419631958,1745968079.238,3.690934419631958,1745968079.238,3.690934419631958
1745968079.5,3.953598976135254,1745968079.5,3.953598976135254,1745968079.5,3.953598976135254,1745968079.5,3.953598976135254
1745968079.764,4.217572450637817,1745968079.764,4.217572450637817,1745968079.764,4.217572450637817,1745968079.764,4.217572450637817
1745968080.027,4.480292081832886,1745968080.027,4.480292081832886,1745968080.027,4.480292081832886,1745968080.027,4.480292081832886
1745968080.289,4.742633819580078,1745968080.289,4.742633819580078,1745968080.289,4.742633819580078,1745968080.289,4.742633819580078
1745968080.535,4.988106966018677,1745968080.535,4.988106966018677,1745968080.535,4.988106966018677,1745968080.535,4.988106966018677
1745968080.797,5.250307321548462,1745968080.797,5.250307321548462,1745968080.797,5.250307321548462,1745968080.797,5.250307321548462
1745968081.058,5.511462450027466,1745968081.058,5.511462450027466,1745968081.058,5.511462450027466,1745968081.058,5.511462450027466
1745968081.323,5.776578426361084,1745968081.323,5.776578426361084,1745968081.323,5.776578426361084,1745968081.323,5.776578426361084
1745968081.558,6.011170864105225,1745968081.558,6.011170864105225,1745968081.558,6.011170864105225,1745968081.558,6.011170864105225
1745968081.818,6.27172589302063,1745968081.818,6.27172589302063,1745968081.818,6.27172589302063,1745968081.818,6.27172589302063
1745968082.081,6.534486293792725,1745968082.081,6.534486293792725,1745968082.081,6.534486293792725,1745968082.081,6.534486293792725
1745968082.346,6.799519300460815,1745968082.346,6.799519300460815,1745968082.346,6.799519300460815,1745968082.346,6.799519300460815
1745968082.609,7.062132358551025,1745968082.609,7.062132358551025,1745968082.609,7.062132358551025,1745968082.609,7.062132358551025
1745968082.87,7.323422431945801,1745968082.87,7.323422431945801,1745968082.87,7.323422431945801,1745968082.87,7.323422431945801
1745968083.134,7.587357759475708,1745968083.134,7.587357759475708,1745968083.134,7.587357759475708,1745968083.134,7.587357759475708
1745968083.397,7.850569725036621,1745968083.397,7.850569725036621,1745968083.397,7.850569725036621,1745968083.397,7.850569725036621
1745968083.644,8.096987962722778,1745968083.644,8.096987962722778,1745968083.644,8.096987962722778,1745968083.644,8.096987962722778
1745968083.905,8.358154058456421,1745968083.905,8.358154058456421,1745968083.905,8.358154058456421,1745968083.905,8.358154058456421
1745968084.167,8.620545387268066,1745968084.167,8.620545387268066,1745968084.167,8.620545387268066,1745968084.167,8.620545387268066
1745968084.444,8.897321701049805,1745968084.444,8.897321701049805,1745968084.444,8.897321701049805,1745968084.444,8.897321701049805
1745968084.707,9.160420179367065,1745968084.707,9.160420179367065,1745968084.707,9.160420179367065,1745968084.707,9.160420179367065
1745968084.967,9.420839548110962,1745968084.967,9.420839548110962,1745968084.967,9.420839548110962,1745968084.967,9.420839548110962
1745968085.216,9.668908596038818,1745968085.216,9.668908596038818,1745968085.216,9.668908596038818,1745968085.216,9.668908596038818
1745968085.478,9.930856227874756,1745968085.478,9.930856227874756,1745968085.478,9.930856227874756,1745968085.478,9.930856227874756
1745968085.757,10.210598468780518,1745968085.757,10.210598468780518,1745968085.757,10.210598468780518,1745968085.757,10.210598468780518
1745968086.017,10.470717668533325,1745968086.017,10.470717668533325,1745968086.017,10.470717668533325,1745968086.017,10.470717668533325
1745968086.264,10.717559814453125,1745968086.264,10.717559814453125,1745968086.264,10.717559814453125,1745968086.264,10.717559814453125
1745968086.528,10.981141567230225,1745968086.528,10.981141567230225,1745968086.528,10.981141567230225,1745968086.528,10.981141567230225
1745968086.776,11.229207038879395,1745968086.776,11.229207038879395,1745968086.776,11.229207038879395,1745968086.776,11.229207038879395
1745968087.038,11.491796255111694,1745968087.038,11.491796255111694,1745968087.038,11.491796255111694,1745968087.038,11.491796255111694
1745968087.299,11.7523512840271,1745968087.299,11.7523512840271,1745968087.299,11.7523512840271,1745968087.299,11.7523512840271
1745968087.561,12.014268398284912,1745968087.561,12.014268398284912,1745968087.561,12.014268398284912,1745968087.561,12.014268398284912
1745968087.826,12.27899956703186,1745968087.826,12.27899956703186,1745968087.826,12.27899956703186,1745968087.826,12.27899956703186
1745968088.09,12.543002128601074,1745968088.09,12.543002128601074,1745968088.09,12.543002128601074,1745968088.09,12.543002128601074
1745968088.367,12.820556163787842,1745968088.367,12.820556163787842,1745968088.367,12.820556163787842,1745968088.367,12.820556163787842
1745968088.63,13.083039283752441,1745968088.63,13.083039283752441,1745968088.63,13.083039283752441,1745968088.63,13.083039283752441
1745968088.877,13.330533027648926,1745968088.877,13.330533027648926,1745968088.877,13.330533027648926,1745968088.877,13.330533027648926
1745968089.14,13.593747615814209,1745968089.14,13.593747615814209,1745968089.14,13.593747615814209,1745968089.14,13.593747615814209
1745968089.404,13.857052564620972,1745968089.404,13.857052564620972,1745968089.404,13.857052564620972,1745968089.404,13.857052564620972
1745968089.653,14.106433153152466,1745968089.653,14.106433153152466,1745968089.653,14.106433153152466,1745968089.653,14.106433153152466
1745968089.913,14.365992784500122,1745968089.913,14.365992784500122,1745968089.913,14.365992784500122,1745968089.913,14.365992784500122
1745968090.16,14.61344575881958,1745968090.16,14.61344575881958,1745968090.16,14.61344575881958,1745968090.16,14.61344575881958
1745968090.423,14.876037120819092,1745968090.423,14.876037120819092,1745968090.423,14.876037120819092,1745968090.423,14.876037120819092
1745968090.674,15.127687692642212,1745968090.674,15.127687692642212,1745968090.674,15.127687692642212,1745968090.674,15.127687692642212
1745968090.936,15.389206171035767,1745968090.936,15.389206171035767,1745968090.936,15.389206171035767,1745968090.936,15.389206171035767
1745968091.183,15.635884523391724,1745968091.183,15.635884523391724,1745968091.183,15.635884523391724,1745968091.183,15.635884523391724
1745968091.462,15.91513180732727,1745968091.462,15.91513180732727,1745968091.462,15.91513180732727,1745968091.462,15.91513180732727
1745968091.685,16.138691186904907,1745968091.685,16.138691186904907,1745968091.685,16.138691186904907,1745968091.685,16.138691186904907
1745968091.954,16.407159328460693,1745968091.954,16.407159328460693,1745968091.954,16.407159328460693,1745968091.954,16.407159328460693
1745968092.216,16.66954231262207,1745968092.216,16.66954231262207,1745968092.216,16.66954231262207,1745968092.216,16.66954231262207
1745968092.478,16.93161916732788,1745968092.478,16.93161916732788,1745968092.478,16.93161916732788,1745968092.478,16.93161916732788
1745968092.742,17.19490885734558,1745968092.742,17.19490885734558,1745968092.742,17.19490885734558,1745968092.742,17.19490885734558
1745968093.003,17.456239700317383,1745968093.003,17.456239700317383,1745968093.003,17.456239700317383,1745968093.003,17.456239700317383
1745968093.264,17.717363595962524,1745968093.264,17.717363595962524,1745968093.264,17.717363595962524,1745968093.264,17.717363595962524
1745968093.511,17.964053869247437,1745968093.511,17.964053869247437,1745968093.511,17.964053869247437,1745968093.511,17.964053869247437
1745968093.776,18.229235410690308,1745968093.776,18.229235410690308,1745968093.776,18.229235410690308,1745968093.776,18.229235410690308
1745968094.022,18.475834608078003,1745968094.022,18.475834608078003,1745968094.022,18.475834608078003,1745968094.022,18.475834608078003
1745968094.286,18.739838123321533,1745968094.286,18.739838123321533,1745968094.286,18.739838123321533,1745968094.286,18.739838123321533
1745968094.55,19.0031099319458,1745968094.55,19.0031099319458,1745968094.55,19.0031099319458,1745968094.55,19.0031099319458
1745968094.798,19.251586198806763,1745968094.798,19.251586198806763,1745968094.798,19.251586198806763,1745968094.798,19.251586198806763
1745968095.062,19.514904022216797,1745968095.062,19.514904022216797,1745968095.062,19.514904022216797,1745968095.062,19.514904022216797
1745968095.309,19.76228427886963,1745968095.309,19.76228427886963,1745968095.309,19.76228427886963,1745968095.309,19.76228427886963
1745968095.574,20.02738380432129,1745968095.574,20.02738380432129,1745968095.574,20.02738380432129,1745968095.574,20.02738380432129
1745968095.852,20.305579900741577,1745968095.852,20.305579900741577,1745968095.852,20.305579900741577,1745968095.852,20.305579900741577
1745968096.114,20.567306995391846,1745968096.114,20.567306995391846,1745968096.114,20.567306995391846,1745968096.114,20.567306995391846
1745968096.361,20.81450867652893,1745968096.361,20.81450867652893,1745968096.361,20.81450867652893,1745968096.361,20.81450867652893
1745968096.623,21.076213836669922,1745968096.623,21.076213836669922,1745968096.623,21.076213836669922,1745968096.623,21.076213836669922
1745968096.872,21.324971914291382,1745968096.872,21.324971914291382,1745968096.872,21.324971914291382,1745968096.872,21.324971914291382
1745968097.118,21.571147680282593,1745968097.118,21.571147680282593,1745968097.118,21.571147680282593,1745968097.118,21.571147680282593
1745968097.378,21.831722021102905,1745968097.378,21.831722021102905,1745968097.378,21.831722021102905,1745968097.378,21.831722021102905
1745968097.642,22.09551978111267,1745968097.642,22.09551978111267,1745968097.642,22.09551978111267,1745968097.642,22.09551978111267
1745968097.904,22.35718846321106,1745968097.904,22.35718846321106,1745968097.904,22.35718846321106,1745968097.904,22.35718846321106
1745968098.169,22.622174978256226,1745968098.169,22.622174978256226,1745968098.169,22.622174978256226,1745968098.169,22.622174978256226
1745968098.444,22.897146701812744,1745968098.444,22.897146701812744,1745968098.444,22.897146701812744,1745968098.444,22.897146701812744
1745968098.69,23.143142223358154,1745968098.69,23.143142223358154,1745968098.69,23.143142223358154,1745968098.69,23.143142223358154
1745968098.955,23.408226013183594,1745968098.955,23.408226013183594,1745968098.955,23.408226013183594,1745968098.955,23.408226013183594
1745968099.217,23.67066240310669,1745968099.217,23.67066240310669,1745968099.217,23.67066240310669,1745968099.217,23.67066240310669
1745968099.481,23.934796810150146,1745968099.481,23.934796810150146,1745968099.481,23.934796810150146,1745968099.481,23.934796810150146
1745968099.744,24.196887731552124,1745968099.744,24.196887731552124,1745968099.744,24.196887731552124,1745968099.744,24.196887731552124
1745968100.006,24.45982551574707,1745968100.006,24.45982551574707,1745968100.006,24.45982551574707,1745968100.006,24.45982551574707
1745968100.268,24.721771001815796,1745968100.268,24.721771001815796,1745968100.268,24.721771001815796,1745968100.268,24.721771001815796
1745968100.532,24.985551595687866,1745968100.532,24.985551595687866,1745968100.532,24.985551595687866,1745968100.532,24.985551595687866
1745968100.795,25.24837565422058,1745968100.795,25.24837565422058,1745968100.795,25.24837565422058,1745968100.795,25.24837565422058
1745968101.06,25.512948274612427,1745968101.06,25.512948274612427,1745968101.06,25.512948274612427,1745968101.06,25.512948274612427
1745968101.325,25.778796195983887,1745968101.325,25.778796195983887,1745968101.325,25.778796195983887,1745968101.325,25.778796195983887
1745968101.59,26.042972564697266,1745968101.59,26.042972564697266,1745968101.59,26.042972564697266,1745968101.59,26.042972564697266
1745968101.845,26.2985520362854,1745968101.845,26.2985520362854,1745968101.845,26.2985520362854,1745968101.845,26.2985520362854
1745968102.117,26.57014226913452,1745968102.117,26.57014226913452,1745968102.117,26.57014226913452,1745968102.117,26.57014226913452
1745968102.378,26.831300020217896,1745968102.378,26.831300020217896,1745968102.378,26.831300020217896,1745968102.378,26.831300020217896
1745968102.627,27.08031702041626,1745968102.627,27.08031702041626,1745968102.627,27.08031702041626,1745968102.627,27.08031702041626
1745968102.862,27.315002918243408,1745968102.862,27.315002918243408,1745968102.862,27.315002918243408,1745968102.862,27.315002918243408
1745968103.122,27.575767517089844,1745968103.122,27.575767517089844,1745968103.122,27.575767517089844,1745968103.122,27.575767517089844
1745968103.387,27.8398654460907,1745968103.387,27.8398654460907,1745968103.387,27.8398654460907,1745968103.387,27.8398654460907
1745968103.651,28.104184865951538,1745968103.651,28.104184865951538,1745968103.651,28.104184865951538,1745968103.651,28.104184865951538
1745968103.916,28.36915159225464,1745968103.916,28.36915159225464,1745968103.916,28.36915159225464,1745968103.916,28.36915159225464
1745968104.194,28.64709973335266,1745968104.194,28.64709973335266,1745968104.194,28.64709973335266,1745968104.194,28.64709973335266
1745968104.458,28.91143536567688,1745968104.458,28.91143536567688,1745968104.458,28.91143536567688,1745968104.458,28.91143536567688
1745968104.707,29.16062045097351,1745968104.707,29.16062045097351,1745968104.707,29.16062045097351,1745968104.707,29.16062045097351
1745968104.956,29.40941834449768,1745968104.956,29.40941834449768,1745968104.956,29.40941834449768,1745968104.956,29.40941834449768
1745968105.217,29.67035675048828,1745968105.217,29.67035675048828,1745968105.217,29.67035675048828,1745968105.217,29.67035675048828
1745968105.465,29.918364763259888,1745968105.465,29.918364763259888,1745968105.465,29.918364763259888,1745968105.465,29.918364763259888
1745968105.714,30.1676025390625,1745968105.714,30.1676025390625,1745968105.714,30.1676025390625,1745968105.714,30.1676025390625
1745968105.976,30.42912006378174,1745968105.976,30.42912006378174,1745968105.976,30.42912006378174,1745968105.976,30.42912006378174
1745968106.221,30.673941612243652,1745968106.221,30.673941612243652,1745968106.221,30.673941612243652,1745968106.221,30.673941612243652
1745968106.482,30.93522596359253,1745968106.482,30.93522596359253,1745968106.482,30.93522596359253,1745968106.482,30.93522596359253
1745968106.746,31.19958186149597,1745968106.746,31.19958186149597,1745968106.746,31.19958186149597,1745968106.746,31.19958186149597
1745968107.01,31.46341586112976,1745968107.01,31.46341586112976,1745968107.01,31.46341586112976,1745968107.01,31.46341586112976
1745968107.26,31.71324348449707,1745968107.26,31.71324348449707,1745968107.26,31.71324348449707,1745968107.26,31.71324348449707
1745968107.537,31.990559101104736,1745968107.537,31.990559101104736,1745968107.537,31.990559101104736,1745968107.537,31.990559101104736
1745968107.784,32.23758006095886,1745968107.784,32.23758006095886,1745968107.784,32.23758006095886,1745968107.784,32.23758006095886
1745968108.046,32.49934506416321,1745968108.046,32.49934506416321,1745968108.046,32.49934506416321,1745968108.046,32.49934506416321
1745968108.308,32.761492013931274,1745968108.308,32.761492013931274,1745968108.308,32.761492013931274,1745968108.308,32.761492013931274
1745968108.586,33.03947114944458,1745968108.586,33.03947114944458,1745968108.586,33.03947114944458,1745968108.586,33.03947114944458
1745968108.835,33.28853511810303,1745968108.835,33.28853511810303,1745968108.835,33.28853511810303,1745968108.835,33.28853511810303
1745968109.083,33.536027669906616,1745968109.083,33.536027669906616,1745968109.083,33.536027669906616,1745968109.083,33.536027669906616
1745968109.343,33.79635691642761,1745968109.343,33.79635691642761,1745968109.343,33.79635691642761,1745968109.343,33.79635691642761
1745968109.604,34.057220220565796,1745968109.604,34.057220220565796,1745968109.604,34.057220220565796,1745968109.604,34.057220220565796
1745968109.883,34.33613872528076,1745968109.883,34.33613872528076,1745968109.883,34.33613872528076,1745968109.883,34.33613872528076
1745968110.142,34.59562706947327,1745968110.142,34.59562706947327,1745968110.142,34.59562706947327,1745968110.142,34.59562706947327
1745968110.388,34.84088635444641,1745968110.388,34.84088635444641,1745968110.388,34.84088635444641,1745968110.388,34.84088635444641
1745968110.636,35.08967614173889,1745968110.636,35.08967614173889,1745968110.636,35.08967614173889,1745968110.636,35.08967614173889
1745968110.886,35.33925414085388,1745968110.886,35.33925414085388,1745968110.886,35.33925414085388,1745968110.886,35.33925414085388
1745968111.148,35.601191997528076,1745968111.148,35.601191997528076,1745968111.148,35.601191997528076,1745968111.148,35.601191997528076
1745968111.409,35.86239171028137,1745968111.409,35.86239171028137,1745968111.409,35.86239171028137,1745968111.409,35.86239171028137
1745968111.66,36.11337065696716,1745968111.66,36.11337065696716,1745968111.66,36.11337065696716,1745968111.66,36.11337065696716
1745968111.909,36.362730503082275,1745968111.909,36.362730503082275,1745968111.909,36.362730503082275,1745968111.909,36.362730503082275
1745968112.172,36.625749349594116,1745968112.172,36.625749349594116,1745968112.172,36.625749349594116,1745968112.172,36.625749349594116
1745968112.42,36.87341380119324,1745968112.42,36.87341380119324,1745968112.42,36.87341380119324,1745968112.42,36.87341380119324
1745968112.696,37.149163007736206,1745968112.696,37.149163007736206,1745968112.696,37.149163007736206,1745968112.696,37.149163007736206
1745968112.957,37.410560131073,1745968112.957,37.410560131073,1745968112.957,37.410560131073,1745968112.957,37.410560131073
1745968113.22,37.67338681221008,1745968113.22,37.67338681221008,1745968113.22,37.67338681221008,1745968113.22,37.67338681221008
1745968113.468,37.92146372795105,1745968113.468,37.92146372795105,1745968113.468,37.92146372795105,1745968113.468,37.92146372795105
1745968113.715,38.16830039024353,1745968113.715,38.16830039024353,1745968113.715,38.16830039024353,1745968113.715,38.16830039024353
1745968113.977,38.42999029159546,1745968113.977,38.42999029159546,1745968113.977,38.42999029159546,1745968113.977,38.42999029159546
1745968114.24,38.69363284111023,1745968114.24,38.69363284111023,1745968114.24,38.69363284111023,1745968114.24,38.69363284111023
1745968114.506,38.95966053009033,1745968114.506,38.95966053009033,1745968114.506,38.95966053009033,1745968114.506,38.95966053009033
1745968114.77,39.22320318222046,1745968114.77,39.22320318222046,1745968114.77,39.22320318222046,1745968114.77,39.22320318222046
1745968115.029,39.48224449157715,1745968115.029,39.48224449157715,1745968115.029,39.48224449157715,1745968115.029,39.48224449157715
1745968115.284,39.737539768218994,1745968115.284,39.737539768218994,1745968115.284,39.737539768218994,1745968115.284,39.737539768218994
1745968115.544,39.99759912490845,1745968115.544,39.99759912490845,1745968115.544,39.99759912490845,1745968115.544,39.99759912490845
1745968115.792,40.245707988739014,1745968115.792,40.245707988739014,1745968115.792,40.245707988739014,1745968115.792,40.245707988739014
1745968116.05,40.502978801727295,1745968116.05,40.502978801727295,1745968116.05,40.502978801727295,1745968116.05,40.502978801727295
1745968116.315,40.76874613761902,1745968116.315,40.76874613761902,1745968116.315,40.76874613761902,1745968116.315,40.76874613761902
1745968116.581,41.03465270996094,1745968116.581,41.03465270996094,1745968116.581,41.03465270996094,1745968116.581,41.03465270996094
1745968116.844,41.29748558998108,1745968116.844,41.29748558998108,1745968116.844,41.29748558998108,1745968116.844,41.29748558998108
1745968117.113,41.5662260055542,1745968117.113,41.5662260055542,1745968117.113,41.5662260055542,1745968117.113,41.5662260055542
1745968117.374,41.82760548591614,1745968117.374,41.82760548591614,1745968117.374,41.82760548591614,1745968117.374,41.82760548591614
1745968117.635,42.088725090026855,1745968117.635,42.088725090026855,1745968117.635,42.088725090026855,1745968117.635,42.088725090026855
1745968117.913,42.36632013320923,1745968117.913,42.36632013320923,1745968117.913,42.36632013320923,1745968117.913,42.36632013320923
1745968118.178,42.63104009628296,1745968118.178,42.63104009628296,1745968118.178,42.63104009628296,1745968118.178,42.63104009628296
1745968118.438,42.89175772666931,1745968118.438,42.89175772666931,1745968118.438,42.89175772666931,1745968118.438,42.89175772666931
1745968118.699,43.15252208709717,1745968118.699,43.15252208709717,1745968118.699,43.15252208709717,1745968118.699,43.15252208709717
1745968118.976,43.42938017845154,1745968118.976,43.42938017845154,1745968118.976,43.42938017845154,1745968118.976,43.42938017845154
1745968119.237,43.69040107727051,1745968119.237,43.69040107727051,1745968119.237,43.69040107727051,1745968119.237,43.69040107727051
1745968119.5,43.9529345035553,1745968119.5,43.9529345035553,1745968119.5,43.9529345035553,1745968119.5,43.9529345035553
1745968119.764,44.21702027320862,1745968119.764,44.21702027320862,1745968119.764,44.21702027320862,1745968119.764,44.21702027320862
1745968120.028,44.481133460998535,1745968120.028,44.481133460998535,1745968120.028,44.481133460998535,1745968120.028,44.481133460998535
1745968120.291,44.743900299072266,1745968120.291,44.743900299072266,1745968120.291,44.743900299072266,1745968120.291,44.743900299072266
1745968120.538,44.99126172065735,1745968120.538,44.99126172065735,1745968120.538,44.99126172065735,1745968120.538,44.99126172065735
1745968120.786,45.2391140460968,1745968120.786,45.2391140460968,1745968120.786,45.2391140460968,1745968120.786,45.2391140460968
1745968121.034,45.48768448829651,1745968121.034,45.48768448829651,1745968121.034,45.48768448829651,1745968121.034,45.48768448829651
1745968121.299,45.7520489692688,1745968121.299,45.7520489692688,1745968121.299,45.7520489692688,1745968121.299,45.7520489692688
1745968121.561,46.013970136642456,1745968121.561,46.013970136642456,1745968121.561,46.013970136642456,1745968121.561,46.013970136642456
1745968121.824,46.27711606025696,1745968121.824,46.278074502944946,1745968121.825,46.278074502944946,1745968121.825,46.278074502944946
1745968122.087,46.5400185585022,1745968122.087,46.5400185585022,1745968122.087,46.5400185585022,1745968122.087,46.5400185585022
1745968122.335,46.78871154785156,1745968122.335,46.78871154785156,1745968122.335,46.78871154785156,1745968122.335,46.78871154785156
1745968122.598,47.050928831100464,1745968122.598,47.050928831100464,1745968122.598,47.050928831100464,1745968122.598,47.050928831100464
1745968122.862,47.31494760513306,1745968122.862,47.31494760513306,1745968122.862,47.31494760513306,1745968122.862,47.31494760513306
1745968123.111,47.56458878517151,1745968123.111,47.56458878517151,1745968123.111,47.56458878517151,1745968123.111,47.56458878517151
1745968123.371,47.82447361946106,1745968123.371,47.82447361946106,1745968123.371,47.82447361946106,1745968123.371,47.82447361946106
1745968123.617,48.07065153121948,1745968123.617,48.07065153121948,1745968123.617,48.07065153121948,1745968123.617,48.07065153121948
1745968123.88,48.33370351791382,1745968123.88,48.33370351791382,1745968123.88,48.33370351791382,1745968123.88,48.33370351791382
1745968124.115,48.56872773170471,1745968124.115,48.56872773170471,1745968124.115,48.56872773170471,1745968124.115,48.56872773170471
1745968124.374,48.82772207260132,1745968124.374,48.82772207260132,1745968124.374,48.82772207260132,1745968124.374,48.82772207260132
1745968124.623,49.07636618614197,1745968124.623,49.07636618614197,1745968124.623,49.07636618614197,1745968124.623,49.07636618614197
1745968124.872,49.32533359527588,1745968124.872,49.32533359527588,1745968124.872,49.32533359527588,1745968124.872,49.32533359527588
1745968125.119,49.57235836982727,1745968125.119,49.57235836982727,1745968125.119,49.57235836982727,1745968125.119,49.57235836982727
1745968125.395,49.84813737869263,1745968125.395,49.84813737869263,1745968125.395,49.84813737869263,1745968125.395,49.84813737869263
1745968125.659,50.112523555755615,1745968125.659,50.112523555755615,1745968125.659,50.112523555755615,1745968125.659,50.112523555755615
1745968125.908,50.36176013946533,1745968125.908,50.36176013946533,1745968125.908,50.36176013946533,1745968125.908,50.36176013946533
1745968126.142,50.59497618675232,1745968126.142,50.59497618675232,1745968126.142,50.59497618675232,1745968126.142,50.59497618675232
1745968126.39,50.842854738235474,1745968126.39,50.842854738235474,1745968126.39,50.842854738235474,1745968126.39,50.842854738235474
1745968126.653,51.1062548160553,1745968126.653,51.1062548160553,1745968126.653,51.1062548160553,1745968126.653,51.1062548160553
1745968126.9,51.353299379348755,1745968126.9,51.353299379348755,1745968126.9,51.353299379348755,1745968126.9,51.353299379348755
1745968127.152,51.60488843917847,1745968127.152,51.60488843917847,1745968127.152,51.60488843917847,1745968127.152,51.60488843917847
1745968127.402,51.85552263259888,1745968127.402,51.85552263259888,1745968127.402,51.85552263259888,1745968127.402,51.85552263259888
1745968127.652,52.10518455505371,1745968127.652,52.10518455505371,1745968127.652,52.10518455505371,1745968127.652,52.10518455505371
1745968127.915,52.36794352531433,1745968127.915,52.36794352531433,1745968127.915,52.36794352531433,1745968127.915,52.36794352531433
1745968128.164,52.61720895767212,1745968128.164,52.61720895767212,1745968128.164,52.61720895767212,1745968128.164,52.61720895767212
1745968128.413,52.866260290145874,1745968128.413,52.866260290145874,1745968128.413,52.866260290145874,1745968128.413,52.866260290145874
1745968128.672,53.12497138977051,1745968128.672,53.12497138977051,1745968128.672,53.12497138977051,1745968128.672,53.12497138977051
1745968128.933,53.38655710220337,1745968128.933,53.38655710220337,1745968128.933,53.38655710220337,1745968128.933,53.38655710220337
1745968129.183,53.636587142944336,1745968129.183,53.636587142944336,1745968129.183,53.636587142944336,1745968129.183,53.636587142944336
1745968129.458,53.91136646270752,1745968129.458,53.91136646270752,1745968129.458,53.91136646270752,1745968129.458,53.91136646270752
1745968129.721,54.17438292503357,1745968129.721,54.17438292503357,1745968129.721,54.17438292503357,1745968129.721,54.17438292503357
1745968129.97,54.42341947555542,1745968129.97,54.42341947555542,1745968129.97,54.42341947555542,1745968129.97,54.42341947555542
1745968130.231,54.68438673019409,1745968130.231,54.68438673019409,1745968130.231,54.68438673019409,1745968130.231,54.68438673019409
1745968130.492,54.94584250450134,1745968130.492,54.94584250450134,1745968130.492,54.94584250450134,1745968130.492,54.94584250450134
1745968130.758,55.211013078689575,1745968130.758,55.211013078689575,1745968130.758,55.211013078689575,1745968130.758,55.211013078689575
1745968131.017,55.470820903778076,1745968131.017,55.470820903778076,1745968131.017,55.470820903778076,1745968131.017,55.470820903778076
1745968131.278,55.73166751861572,1745968131.278,55.73166751861572,1745968131.278,55.73166751861572,1745968131.278,55.73166751861572
1745968131.525,55.97864317893982,1745968131.525,55.97864317893982,1745968131.525,55.97864317893982,1745968131.525,55.97864317893982
1745968131.79,56.24315810203552,1745968131.79,56.24315810203552,1745968131.79,56.24315810203552,1745968131.79,56.24315810203552
1745968132.054,56.507519245147705,1745968132.054,56.507519245147705,1745968132.054,56.507519245147705,1745968132.054,56.507519245147705
1745968132.305,56.75808882713318,1745968132.305,56.75808882713318,1745968132.305,56.75808882713318,1745968132.305,56.75808882713318
1745968132.568,57.02180528640747,1745968132.568,57.02180528640747,1745968132.568,57.02180528640747,1745968132.568,57.02180528640747
1745968132.831,57.28400015830994,1745968132.831,57.28400015830994,1745968132.831,57.28400015830994,1745968132.831,57.28400015830994
1745968133.079,57.53200030326843,1745968133.079,57.53200030326843,1745968133.079,57.53200030326843,1745968133.079,57.53200030326843
1745968133.314,57.76700496673584,1745968133.314,57.76700496673584,1745968133.314,57.76700496673584,1745968133.314,57.76700496673584
1745968133.576,58.02900004386902,1745968133.576,58.02900004386902,1745968133.576,58.02900004386902,1745968133.576,58.02900004386902
1745968133.841,58.29400014877319,1745968133.841,58.29400014877319,1745968133.841,58.29400014877319,1745968133.841,58.29400014877319
1745968134.106,58.55899977684021,1745968134.106,58.55899977684021,1745968134.106,58.55899977684021,1745968134.106,58.55899977684021
1745968134.373,58.82600140571594,1745968134.373,58.82600140571594,1745968134.373,58.82600140571594,1745968134.373,58.82600140571594
1745968134.634,59.087708711624146,1745968134.634,59.087708711624146,1745968134.634,59.087708711624146,1745968134.634,59.087708711624146
1745968134.896,59.349746227264404,1745968134.896,59.349746227264404,1745968134.896,59.349746227264404,1745968134.896,59.349746227264404
1745968135.145,59.59864401817322,1745968135.145,59.59864401817322,1745968135.145,59.59864401817322,1745968135.145,59.59864401817322
1745968135.392,59.845067501068115,1745968135.392,59.845067501068115,1745968135.392,59.845067501068115,1745968135.392,59.845067501068115
1745968135.655,60.10856628417969,1745968135.655,60.10856628417969,1745968135.655,60.10856628417969,1745968135.655,60.10856628417969
1745968135.9,60.35383057594299,1745968135.9,60.35383057594299,1745968135.9,60.35383057594299,1745968135.9,60.35383057594299
1745968136.149,60.60204076766968,1745968136.149,60.60204076766968,1745968136.149,60.60204076766968,1745968136.149,60.60204076766968
1745968136.4,60.85286355018616,1745968136.4,60.85286355018616,1745968136.4,60.85286355018616,1745968136.4,60.85286355018616
1745968136.648,61.101152420043945,1745968136.648,61.101152420043945,1745968136.648,61.101152420043945,1745968136.648,61.101152420043945
