timestamp,time,timestamp6,time2,timestamp2,time3,timestamp3,time9
1745968139.244,0.0469968318939209,1745968139.244,0.0469968318939209,1745968139.244,0.0469968318939209,1745968139.244,0.0469968318939209
1745968139.505,0.3079962730407715,1745968139.505,0.3079962730407715,1745968139.505,0.3079962730407715,1745968139.505,0.3079962730407715
1745968139.767,0.5699946880340576,1745968139.767,0.5699946880340576,1745968139.767,0.5699946880340576,1745968139.767,0.5699946880340576
1745968140.015,0.8178932666778564,1745968140.015,0.8178932666778564,1745968140.015,0.8178932666778564,1745968140.015,0.8178932666778564
1745968140.265,1.0677149295806885,1745968140.265,1.0677149295806885,1745968140.265,1.0677149295806885,1745968140.265,1.0677149295806885
1745968140.53,1.3330650329589844,1745968140.53,1.3330650329589844,1745968140.53,1.3330650329589844,1745968140.53,1.3330650329589844
1745968140.779,1.5821092128753662,1745968140.779,1.5821092128753662,1745968140.779,1.5821092128753662,1745968140.779,1.5821092128753662
1745968141.024,1.8268167972564697,1745968141.024,1.8268167972564697,1745968141.024,1.8268167972564697,1745968141.024,1.8268167972564697
1745968141.276,2.0784270763397217,1745968141.276,2.0784270763397217,1745968141.276,2.0784270763397217,1745968141.276,2.0784270763397217
1745968141.523,2.3258795738220215,1745968141.523,2.3258795738220215,1745968141.523,2.3258795738220215,1745968141.523,2.3258795738220215
1745968141.786,2.5886828899383545,1745968141.786,2.5886828899383545,1745968141.786,2.5886828899383545,1745968141.786,2.5886828899383545
1745968142.047,2.8498425483703613,1745968142.047,2.8498425483703613,1745968142.047,2.8498425483703613,1745968142.047,2.8498425483703613
1745968142.311,3.1138718128204346,1745968142.311,3.1138718128204346,1745968142.311,3.1138718128204346,1745968142.311,3.1138718128204346
1745968142.574,3.3763184547424316,1745968142.574,3.3763184547424316,1745968142.574,3.3763184547424316,1745968142.574,3.3763184547424316
1745968142.851,3.6533358097076416,1745968142.851,3.6533358097076416,1745968142.851,3.6533358097076416,1745968142.851,3.6533358097076416
1745968143.116,3.9187631607055664,1745968143.116,3.9187631607055664,1745968143.116,3.9187631607055664,1745968143.116,3.9187631607055664
1745968143.38,4.182647705078125,1745968143.38,4.182647705078125,1745968143.38,4.182647705078125,1745968143.38,4.182647705078125
1745968143.627,4.429359436035156,1745968143.627,4.429359436035156,1745968143.627,4.429359436035156,1745968143.627,4.429359436035156
1745968143.873,4.675609111785889,1745968143.873,4.675609111785889,1745968143.873,4.675609111785889,1745968143.873,4.675609111785889
1745968144.12,4.923088550567627,1745968144.12,4.923088550567627,1745968144.12,4.923088550567627,1745968144.12,4.923088550567627
1745968144.398,5.2003326416015625,1745968144.398,5.2003326416015625,1745968144.398,5.2003326416015625,1745968144.398,5.2003326416015625
1745968144.663,5.465559959411621,1745968144.663,5.465559959411621,1745968144.663,5.465559959411621,1745968144.663,5.465559959411621
1745968144.911,5.7139692306518555,1745968144.911,5.7139692306518555,1745968144.911,5.7139692306518555,1745968144.911,5.7139692306518555
1745968145.147,5.949875593185425,1745968145.147,5.949875593185425,1745968145.147,5.949875593185425,1745968145.147,5.949875593185425
1745968145.405,6.208150386810303,1745968145.405,6.208150386810303,1745968145.405,6.208150386810303,1745968145.405,6.208150386810303
1745968145.652,6.455174207687378,1745968145.652,6.455174207687378,1745968145.652,6.455174207687378,1745968145.652,6.455174207687378
1745968145.914,6.7163591384887695,1745968145.914,6.7163591384887695,1745968145.914,6.7163591384887695,1745968145.914,6.7163591384887695
1745968146.153,6.956049680709839,1745968146.153,6.956049680709839,1745968146.153,6.956049680709839,1745968146.153,6.956049680709839
1745968146.403,7.20599627494812,1745968146.403,7.20599627494812,1745968146.403,7.20599627494812,1745968146.403,7.20599627494812
1745968146.654,7.456387042999268,1745968146.654,7.456387042999268,1745968146.654,7.456387042999268,1745968146.654,7.456387042999268
1745968146.9,7.702256441116333,1745968146.9,7.702256441116333,1745968146.9,7.702256441116333,1745968146.9,7.702256441116333
1745968147.162,7.964497089385986,1745968147.162,7.964497089385986,1745968147.162,7.964497089385986,1745968147.162,7.964497089385986
1745968147.409,8.212202072143555,1745968147.409,8.212202072143555,1745968147.409,8.212202072143555,1745968147.409,8.212202072143555
1745968147.671,8.473501205444336,1745968147.671,8.473501205444336,1745968147.671,8.473501205444336,1745968147.671,8.473501205444336
1745968147.919,8.721260070800781,1745968147.919,8.721260070800781,1745968147.919,8.721260070800781,1745968147.919,8.721260070800781
1745968148.184,8.98632526397705,1745968148.184,8.98632526397705,1745968148.184,8.98632526397705,1745968148.184,8.98632526397705
1745968148.431,9.234021663665771,1745968148.431,9.234021663665771,1745968148.431,9.234021663665771,1745968148.431,9.234021663665771
1745968148.711,9.513605117797852,1745968148.711,9.513605117797852,1745968148.711,9.513605117797852,1745968148.711,9.513605117797852
1745968148.943,9.745865106582642,1745968148.943,9.745865106582642,1745968148.943,9.745865106582642,1745968148.943,9.745865106582642
1745968149.194,9.99651837348938,1745968149.194,9.99651837348938,1745968149.194,9.99651837348938,1745968149.194,9.99651837348938
1745968149.454,10.256355047225952,1745968149.454,10.256355047225952,1745968149.454,10.256355047225952,1745968149.454,10.256355047225952
1745968149.702,10.504634380340576,1745968149.702,10.504634380340576,1745968149.702,10.504634380340576,1745968149.702,10.504634380340576
1745968149.951,10.753791332244873,1745968149.951,10.753791332244873,1745968149.951,10.753791332244873,1745968149.951,10.753791332244873
1745968150.187,10.989656209945679,1745968150.187,10.989656209945679,1745968150.187,10.989656209945679,1745968150.187,10.989656209945679
1745968150.447,11.250123262405396,1745968150.447,11.250123262405396,1745968150.447,11.250123262405396,1745968150.447,11.250123262405396
1745968150.726,11.528745174407959,1745968150.726,11.528745174407959,1745968150.726,11.528745174407959,1745968150.726,11.528745174407959
1745968150.974,11.776370525360107,1745968150.974,11.776370525360107,1745968150.974,11.776370525360107,1745968150.974,11.776370525360107
1745968151.234,12.036948442459106,1745968151.234,12.036948442459106,1745968151.234,12.036948442459106,1745968151.234,12.036948442459106
1745968151.496,12.299145221710205,1745968151.496,12.299145221710205,1745968151.496,12.299145221710205,1745968151.496,12.299145221710205
1745968151.774,12.57655119895935,1745968151.774,12.57655119895935,1745968151.774,12.57655119895935,1745968151.774,12.57655119895935
1745968152.019,12.821779489517212,1745968152.019,12.821779489517212,1745968152.019,12.821779489517212,1745968152.019,12.821779489517212
1745968152.281,13.08362627029419,1745968152.281,13.08362627029419,1745968152.281,13.08362627029419,1745968152.281,13.08362627029419
1745968152.544,13.346275091171265,1745968152.544,13.346275091171265,1745968152.544,13.346275091171265,1745968152.544,13.346275091171265
1745968152.805,13.608164072036743,1745968152.805,13.608164072036743,1745968152.805,13.608164072036743,1745968152.805,13.608164072036743
1745968153.067,13.870216608047485,1745968153.067,13.870216608047485,1745968153.067,13.870216608047485,1745968153.067,13.870216608047485
1745968153.33,14.13318657875061,1745968153.33,14.13318657875061,1745968153.33,14.13318657875061,1745968153.33,14.13318657875061
1745968153.593,14.395652770996094,1745968153.593,14.395652770996094,1745968153.593,14.395652770996094,1745968153.593,14.395652770996094
1745968153.857,14.659541130065918,1745968153.857,14.659541130065918,1745968153.857,14.659541130065918,1745968153.857,14.659541130065918
1745968154.118,14.920493125915527,1745968154.118,14.920493125915527,1745968154.118,14.920493125915527,1745968154.118,14.920493125915527
1745968154.381,15.183629035949707,1745968154.381,15.183629035949707,1745968154.381,15.183629035949707,1745968154.381,15.183629035949707
1745968154.628,15.430911540985107,1745968154.628,15.430911540985107,1745968154.628,15.430911540985107,1745968154.628,15.430911540985107
1745968154.892,15.694260358810425,1745968154.892,15.694260358810425,1745968154.892,15.694260358810425,1745968154.892,15.694260358810425
1745968155.156,15.958946943283081,1745968155.156,15.958946943283081,1745968155.156,15.958946943283081,1745968155.156,15.958946943283081
1745968155.421,16.223434448242188,1745968155.421,16.223434448242188,1745968155.421,16.223434448242188,1745968155.421,16.223434448242188
1745968155.684,16.48626136779785,1745968155.684,16.48626136779785,1745968155.684,16.48626136779785,1745968155.684,16.48626136779785
1745968155.962,16.764321088790894,1745968155.962,16.764321088790894,1745968155.962,16.764321088790894,1745968155.962,16.764321088790894
1745968156.196,16.99832034111023,1745968156.196,16.99832034111023,1745968156.196,16.99832034111023,1745968156.196,16.99832034111023
1745968156.461,17.263696432113647,1745968156.461,17.263696432113647,1745968156.461,17.263696432113647,1745968156.461,17.263696432113647
1745968156.723,17.52563190460205,1745968156.723,17.52563190460205,1745968156.723,17.52563190460205,1745968156.723,17.52563190460205
1745968156.986,17.789161920547485,1745968156.986,17.789161920547485,1745968156.986,17.789161920547485,1745968156.986,17.789161920547485
1745968157.249,18.05137276649475,1745968157.249,18.05137276649475,1745968157.249,18.05137276649475,1745968157.249,18.05137276649475
1745968157.51,18.312873601913452,1745968157.51,18.312873601913452,1745968157.51,18.312873601913452,1745968157.51,18.312873601913452
1745968157.773,18.575276374816895,1745968157.773,18.575276374816895,1745968157.773,18.575276374816895,1745968157.773,18.575276374816895
1745968158.039,18.84175968170166,1745968158.039,18.84175968170166,1745968158.039,18.84175968170166,1745968158.039,18.84175968170166
1745968158.302,19.10469889640808,1745968158.302,19.10469889640808,1745968158.302,19.10469889640808,1745968158.302,19.10469889640808
1745968158.564,19.366817235946655,1745968158.564,19.366817235946655,1745968158.564,19.366817235946655,1745968158.564,19.366817235946655
1745968158.826,19.62866234779358,1745968158.826,19.62866234779358,1745968158.826,19.62866234779358,1745968158.826,19.62866234779358
1745968159.072,19.87493371963501,1745968159.072,19.87493371963501,1745968159.072,19.87493371963501,1745968159.072,19.87493371963501
1745968159.321,20.123300313949585,1745968159.321,20.123300313949585,1745968159.321,20.123300313949585,1745968159.321,20.123300313949585
1745968159.585,20.38798975944519,1745968159.585,20.38798975944519,1745968159.585,20.38798975944519,1745968159.585,20.38798975944519
1745968159.849,20.652092933654785,1745968159.849,20.652092933654785,1745968159.849,20.652092933654785,1745968159.849,20.652092933654785
1745968160.097,20.899720430374146,1745968160.097,20.899720430374146,1745968160.097,20.899720430374146,1745968160.097,20.899720430374146
1745968160.345,21.14739155769348,1745968160.345,21.14739155769348,1745968160.345,21.14739155769348,1745968160.345,21.14739155769348
1745968160.609,21.411858081817627,1745968160.609,21.411858081817627,1745968160.609,21.411858081817627,1745968160.609,21.411858081817627
1745968160.873,21.67585802078247,1745968160.873,21.67585802078247,1745968160.873,21.67585802078247,1745968160.873,21.67585802078247
1745968161.106,21.908857822418213,1745968161.106,21.908857822418213,1745968161.106,21.908857822418213,1745968161.106,21.908857822418213
1745968161.361,22.163320064544678,1745968161.361,22.163320064544678,1745968161.361,22.163320064544678,1745968161.361,22.163320064544678
1745968161.623,22.42575764656067,1745968161.623,22.42575764656067,1745968161.623,22.42575764656067,1745968161.623,22.42575764656067
1745968161.871,22.673335075378418,1745968161.871,22.673335075378418,1745968161.871,22.673335075378418,1745968161.871,22.673335075378418
1745968162.119,22.92137122154236,1745968162.119,22.92137122154236,1745968162.119,22.92137122154236,1745968162.119,22.92137122154236
1745968162.369,23.17137050628662,1745968162.369,23.17137050628662,1745968162.369,23.17137050628662,1745968162.369,23.17137050628662
1745968162.617,23.419376373291016,1745968162.617,23.419376373291016,1745968162.617,23.419376373291016,1745968162.617,23.419376373291016
1745968162.879,23.681400775909424,1745968162.879,23.681400775909424,1745968162.879,23.681400775909424,1745968162.879,23.681400775909424
1745968163.126,23.92884373664856,1745968163.126,23.92884373664856,1745968163.126,23.92884373664856,1745968163.126,23.92884373664856
1745968163.373,24.175408124923706,1745968163.373,24.175408124923706,1745968163.373,24.175408124923706,1745968163.373,24.175408124923706
1745968163.636,24.438555479049683,1745968163.636,24.438555479049683,1745968163.636,24.438555479049683,1745968163.636,24.438555479049683
1745968163.9,24.702313899993896,1745968163.9,24.702313899993896,1745968163.9,24.702313899993896,1745968163.9,24.702313899993896
1745968164.162,24.964719772338867,1745968164.162,24.964719772338867,1745968164.162,24.964719772338867,1745968164.162,24.964719772338867
1745968164.404,25.20631241798401,1745968164.404,25.20631241798401,1745968164.404,25.20631241798401,1745968164.404,25.20631241798401
1745968164.661,25.46356749534607,1745968164.661,25.46356749534607,1745968164.661,25.46356749534607,1745968164.661,25.46356749534607
1745968164.924,25.726537227630615,1745968164.924,25.726537227630615,1745968164.924,25.726537227630615,1745968164.924,25.726537227630615
1745968165.19,25.992278337478638,1745968165.19,25.992278337478638,1745968165.19,25.992278337478638,1745968165.19,25.992278337478638
1745968165.451,26.254045248031616,1745968165.451,26.254045248031616,1745968165.451,26.254045248031616,1745968165.451,26.254045248031616
1745968165.713,26.51604914665222,1745968165.713,26.51604914665222,1745968165.713,26.51604914665222,1745968165.713,26.51604914665222
1745968165.977,26.77975869178772,1745968165.977,26.77975869178772,1745968165.977,26.77975869178772,1745968165.977,26.77975869178772
1745968166.241,27.044188261032104,1745968166.241,27.044188261032104,1745968166.241,27.044188261032104,1745968166.241,27.044188261032104
1745968166.488,27.2911479473114,1745968166.488,27.2911479473114,1745968166.488,27.2911479473114,1745968166.488,27.2911479473114
1745968166.75,27.552507877349854,1745968166.75,27.552507877349854,1745968166.75,27.552507877349854,1745968166.75,27.552507877349854
1745968167.015,27.817699193954468,1745968167.015,27.817699193954468,1745968167.015,27.817699193954468,1745968167.015,27.817699193954468
1745968167.264,28.066378116607666,1745968167.264,28.066378116607666,1745968167.264,28.066378116607666,1745968167.264,28.066378116607666
1745968167.528,28.33033037185669,1745968167.528,28.33033037185669,1745968167.528,28.33033037185669,1745968167.528,28.33033037185669
1745968167.776,28.578476667404175,1745968167.776,28.578476667404175,1745968167.776,28.578476667404175,1745968167.776,28.578476667404175
1745968168.053,28.856213092803955,1745968168.053,28.856213092803955,1745968168.053,28.856213092803955,1745968168.053,28.856213092803955
1745968168.318,29.12096071243286,1745968168.318,29.12096071243286,1745968168.318,29.12096071243286,1745968168.318,29.12096071243286
1745968168.564,29.366538763046265,1745968168.564,29.366538763046265,1745968168.564,29.366538763046265,1745968168.564,29.366538763046265
1745968168.827,29.629342317581177,1745968168.827,29.629342317581177,1745968168.827,29.629342317581177,1745968168.827,29.629342317581177
1745968169.089,29.891703367233276,1745968169.089,29.891703367233276,1745968169.089,29.891703367233276,1745968169.089,29.891703367233276
1745968169.352,30.154983282089233,1745968169.352,30.154983282089233,1745968169.352,30.154983282089233,1745968169.352,30.154983282089233
1745968169.603,30.405576467514038,1745968169.603,30.405576467514038,1745968169.603,30.405576467514038,1745968169.603,30.405576467514038
1745968169.865,30.667734384536743,1745968169.865,30.667734384536743,1745968169.865,30.667734384536743,1745968169.865,30.667734384536743
1745968170.111,30.913901567459106,1745968170.111,30.913901567459106,1745968170.111,30.913901567459106,1745968170.111,30.913901567459106
1745968170.375,31.178226470947266,1745968170.375,31.178226470947266,1745968170.375,31.178226470947266,1745968170.375,31.178226470947266
1745968170.637,31.4393253326416,1745968170.637,31.4393253326416,1745968170.637,31.4393253326416,1745968170.637,31.4393253326416
1745968170.913,31.715349912643433,1745968170.913,31.715349912643433,1745968170.913,31.715349912643433,1745968170.913,31.715349912643433
1745968171.158,31.9611496925354,1745968171.158,31.9611496925354,1745968171.158,31.9611496925354,1745968171.158,31.9611496925354
1745968171.419,32.222198247909546,1745968171.419,32.222198247909546,1745968171.419,32.222198247909546,1745968171.419,32.222198247909546
1745968171.684,32.48625373840332,1745968171.684,32.48625373840332,1745968171.684,32.48625373840332,1745968171.684,32.48625373840332
1745968171.96,32.76279258728027,1745968171.96,32.76279258728027,1745968171.96,32.76279258728027,1745968171.96,32.76279258728027
1745968172.225,33.0277681350708,1745968172.225,33.0277681350708,1745968172.225,33.0277681350708,1745968172.225,33.0277681350708
1745968172.487,33.28948354721069,1745968172.487,33.28948354721069,1745968172.487,33.28948354721069,1745968172.487,33.28948354721069
1745968172.752,33.5547890663147,1745968172.752,33.5547890663147,1745968172.752,33.5547890663147,1745968172.752,33.5547890663147
1745968173.014,33.81722688674927,1745968173.014,33.81722688674927,1745968173.014,33.81722688674927,1745968173.014,33.81722688674927
1745968173.276,34.07881712913513,1745968173.276,34.07881712913513,1745968173.276,34.07881712913513,1745968173.276,34.07881712913513
1745968173.511,34.31397247314453,1745968173.511,34.31397247314453,1745968173.511,34.31397247314453,1745968173.511,34.31397247314453
1745968173.786,34.58888864517212,1745968173.786,34.58888864517212,1745968173.786,34.58888864517212,1745968173.786,34.58888864517212
1745968174.032,34.834415912628174,1745968174.032,34.834415912628174,1745968174.032,34.834415912628174,1745968174.032,34.834415912628174
1745968174.293,35.095563888549805,1745968174.293,35.095563888549805,1745968174.293,35.095563888549805,1745968174.293,35.095563888549805
1745968174.553,35.35554647445679,1745968174.553,35.35554647445679,1745968174.553,35.35554647445679,1745968174.553,35.35554647445679
1745968174.816,35.61829686164856,1745968174.816,35.61829686164856,1745968174.816,35.61829686164856,1745968174.816,35.61829686164856
1745968175.078,35.88045358657837,1745968175.078,35.88045358657837,1745968175.078,35.88045358657837,1745968175.078,35.88045358657837
1745968175.339,36.14197063446045,1745968175.339,36.14197063446045,1745968175.339,36.14197063446045,1745968175.339,36.14197063446045
1745968175.603,36.40611982345581,1745968175.603,36.40611982345581,1745968175.603,36.40611982345581,1745968175.603,36.40611982345581
1745968175.869,36.67164731025696,1745968175.869,36.67164731025696,1745968175.869,36.67164731025696,1745968175.869,36.67164731025696
1745968176.131,36.933791399002075,1745968176.131,36.933791399002075,1745968176.131,36.933791399002075,1745968176.131,36.933791399002075
1745968176.393,37.196211099624634,1745968176.393,37.196211099624634,1745968176.393,37.196211099624634,1745968176.393,37.196211099624634
1745968176.658,37.46108341217041,1745968176.658,37.46108341217041,1745968176.658,37.46108341217041,1745968176.658,37.46108341217041
1745968176.904,37.70707964897156,1745968176.904,37.70707964897156,1745968176.904,37.70707964897156,1745968176.904,37.70707964897156
1745968177.153,37.95546841621399,1745968177.153,37.95546841621399,1745968177.153,37.95546841621399,1745968177.153,37.95546841621399
1745968177.402,38.204349994659424,1745968177.402,38.204349994659424,1745968177.402,38.204349994659424,1745968177.402,38.204349994659424
1745968177.666,38.46890306472778,1745968177.666,38.46890306472778,1745968177.666,38.46890306472778,1745968177.666,38.46890306472778
1745968177.927,38.73020029067993,1745968177.927,38.73020029067993,1745968177.927,38.73020029067993,1745968177.927,38.73020029067993
1745968178.19,38.99302411079407,1745968178.19,38.99302411079407,1745968178.19,38.99302411079407,1745968178.19,38.99302411079407
1745968178.45,39.25254487991333,1745968178.45,39.25254487991333,1745968178.45,39.25254487991333,1745968178.45,39.25254487991333
1745968178.728,39.530792474746704,1745968178.728,39.530792474746704,1745968178.728,39.530792474746704,1745968178.728,39.530792474746704
1745968178.979,39.781505823135376,1745968178.979,39.781505823135376,1745968178.979,39.781505823135376,1745968178.979,39.781505823135376
1745968179.243,40.0454204082489,1745968179.243,40.0454204082489,1745968179.243,40.0454204082489,1745968179.243,40.0454204082489
1745968179.506,40.30916786193848,1745968179.506,40.30916786193848,1745968179.506,40.30916786193848,1745968179.506,40.30916786193848
1745968179.768,40.570759296417236,1745968179.768,40.570759296417236,1745968179.768,40.570759296417236,1745968179.768,40.570759296417236
1745968180.018,40.82048583030701,1745968180.018,40.82048583030701,1745968180.018,40.82048583030701,1745968180.018,40.82048583030701
1745968180.264,41.066324949264526,1745968180.264,41.066324949264526,1745968180.264,41.066324949264526,1745968180.264,41.066324949264526
1745968180.526,41.328608751297,1745968180.526,41.328608751297,1745968180.526,41.328608751297,1745968180.526,41.328608751297
1745968180.79,41.593010663986206,1745968180.79,41.593010663986206,1745968180.79,41.593010663986206,1745968180.79,41.593010663986206
1745968181.039,41.84132099151611,1745968181.039,41.84132099151611,1745968181.039,41.84132099151611,1745968181.039,41.84132099151611
1745968181.284,42.08718204498291,1745968181.284,42.08718204498291,1745968181.284,42.08718204498291,1745968181.284,42.08718204498291
1745968181.549,42.35142159461975,1745968181.549,42.35142159461975,1745968181.549,42.35142159461975,1745968181.549,42.35142159461975
1745968181.81,42.61309027671814,1745968181.81,42.61309027671814,1745968181.81,42.61309027671814,1745968181.81,42.61309027671814
1745968182.075,42.8780083656311,1745968182.075,42.8780083656311,1745968182.075,42.8780083656311,1745968182.075,42.8780083656311
1745968182.339,43.14201092720032,1745968182.339,43.14201092720032,1745968182.339,43.14201092720032,1745968182.339,43.14201092720032
1745968182.606,43.40879726409912,1745968182.606,43.40879726409912,1745968182.606,43.40879726409912,1745968182.606,43.40879726409912
1745968182.88,43.682924032211304,1745968182.88,43.682924032211304,1745968182.88,43.682924032211304,1745968182.88,43.682924032211304
1745968183.129,43.93178176879883,1745968183.129,43.93178176879883,1745968183.129,43.93178176879883,1745968183.129,43.93178176879883
1745968183.36,44.16268301010132,1745968183.36,44.16268301010132,1745968183.36,44.16268301010132,1745968183.36,44.16268301010132
1745968183.612,44.414511919021606,1745968183.612,44.414511919021606,1745968183.612,44.414511919021606,1745968183.612,44.414511919021606
1745968183.873,44.67550539970398,1745968183.873,44.67550539970398,1745968183.873,44.67550539970398,1745968183.873,44.67550539970398
1745968184.136,44.93839144706726,1745968184.136,44.93839144706726,1745968184.136,44.93839144706726,1745968184.136,44.93839144706726
1745968184.399,45.201942920684814,1745968184.399,45.201942920684814,1745968184.399,45.201942920684814,1745968184.399,45.201942920684814
1745968184.653,45.4555938243866,1745968184.653,45.4555938243866,1745968184.653,45.4555938243866,1745968184.653,45.4555938243866
1745968184.926,45.72903752326965,1745968184.926,45.72903752326965,1745968184.926,45.72903752326965,1745968184.926,45.72903752326965
1745968185.188,45.990429401397705,1745968185.188,45.990429401397705,1745968185.188,45.990429401397705,1745968185.188,45.990429401397705
1745968185.452,46.25444841384888,1745968185.452,46.25444841384888,1745968185.452,46.25444841384888,1745968185.452,46.25444841384888
1745968185.701,46.50411653518677,1745968185.701,46.50411653518677,1745968185.701,46.50411653518677,1745968185.701,46.505125999450684
1745968185.949,46.75214076042175,1745968185.949,46.75214076042175,1745968185.949,46.75214076042175,1745968185.949,46.75214076042175
1745968186.214,47.01636219024658,1745968186.214,47.01636219024658,1745968186.214,47.01636219024658,1745968186.214,47.01636219024658
1745968186.491,47.29344916343689,1745968186.491,47.29344916343689,1745968186.491,47.29344916343689,1745968186.491,47.29344916343689
1745968186.74,47.542555809020996,1745968186.74,47.542555809020996,1745968186.74,47.542555809020996,1745968186.74,47.542555809020996
1745968187.004,47.80645823478699,1745968187.004,47.80645823478699,1745968187.004,47.80645823478699,1745968187.004,47.80645823478699
1745968187.252,48.05482459068298,1745968187.252,48.05482459068298,1745968187.252,48.05482459068298,1745968187.252,48.05482459068298
1745968187.512,48.31447720527649,1745968187.512,48.31447720527649,1745968187.512,48.31447720527649,1745968187.512,48.31447720527649
1745968187.774,48.5763156414032,1745968187.774,48.5763156414032,1745968187.774,48.5763156414032,1745968187.774,48.5763156414032
1745968188.037,48.840017318725586,1745968188.037,48.840017318725586,1745968188.037,48.840017318725586,1745968188.037,48.840017318725586
1745968188.286,49.08833885192871,1745968188.286,49.08833885192871,1745968188.286,49.08833885192871,1745968188.286,49.08833885192871
1745968188.534,49.33675003051758,1745968188.534,49.33675003051758,1745968188.534,49.33675003051758,1745968188.534,49.33675003051758
1745968188.797,49.599353313446045,1745968188.797,49.599353313446045,1745968188.797,49.599353313446045,1745968188.797,49.599353313446045
1745968189.045,49.848111391067505,1745968189.045,49.848111391067505,1745968189.045,49.848111391067505,1745968189.045,49.848111391067505
1745968189.307,50.10924482345581,1745968189.307,50.10924482345581,1745968189.307,50.10924482345581,1745968189.307,50.10924482345581
1745968189.585,50.38788986206055,1745968189.585,50.38788986206055,1745968189.585,50.38788986206055,1745968189.585,50.38788986206055
1745968189.832,50.63479685783386,1745968189.832,50.63479685783386,1745968189.832,50.63479685783386,1745968189.832,50.63479685783386
1745968190.08,50.882779598236084,1745968190.08,50.882779598236084,1745968190.08,50.882779598236084,1745968190.08,50.882779598236084
1745968190.313,51.11529850959778,1745968190.313,51.11529850959778,1745968190.313,51.11529850959778,1745968190.313,51.11529850959778
1745968190.574,51.37680268287659,1745968190.574,51.37680268287659,1745968190.574,51.37680268287659,1745968190.574,51.37680268287659
1745968190.837,51.63925385475159,1745968190.837,51.63925385475159,1745968190.837,51.63925385475159,1745968190.837,51.63925385475159
1745968191.102,51.904855489730835,1745968191.102,51.904855489730835,1745968191.102,51.904855489730835,1745968191.102,51.904855489730835
1745968191.351,52.153759479522705,1745968191.351,52.153759479522705,1745968191.351,52.153759479522705,1745968191.351,52.153759479522705
1745968191.616,52.41824984550476,1745968191.616,52.41824984550476,1745968191.616,52.41824984550476,1745968191.616,52.41824984550476
1745968191.881,52.68349075317383,1745968191.881,52.68349075317383,1745968191.881,52.68349075317383,1745968191.881,52.68349075317383
1745968192.141,52.943851947784424,1745968192.141,52.943851947784424,1745968192.141,52.943851947784424,1745968192.141,52.943851947784424
1745968192.387,53.19015669822693,1745968192.387,53.19015669822693,1745968192.387,53.19015669822693,1745968192.387,53.19015669822693
1745968192.652,53.454450845718384,1745968192.652,53.454450845718384,1745968192.652,53.454450845718384,1745968192.652,53.454450845718384
1745968192.911,53.71414113044739,1745968192.911,53.71414113044739,1745968192.911,53.71414113044739,1745968192.911,53.71414113044739
1745968193.162,53.96430444717407,1745968193.162,53.96430444717407,1745968193.162,53.96430444717407,1745968193.162,53.96430444717407
1745968193.409,54.211326599121094,1745968193.409,54.211326599121094,1745968193.409,54.211326599121094,1745968193.409,54.211326599121094
1745968193.645,54.44772744178772,1745968193.645,54.44772744178772,1745968193.645,54.44772744178772,1745968193.645,54.44772744178772
1745968193.9,54.70258188247681,1745968193.9,54.70258188247681,1745968193.9,54.70258188247681,1745968193.9,54.70258188247681
1745968194.163,54.96557903289795,1745968194.163,54.96557903289795,1745968194.163,54.96557903289795,1745968194.163,54.96557903289795
1745968194.425,55.22779369354248,1745968194.425,55.22779369354248,1745968194.425,55.22779369354248,1745968194.425,55.22779369354248
1745968194.686,55.489156007766724,1745968194.686,55.489156007766724,1745968194.686,55.489156007766724,1745968194.686,55.489156007766724
1745968194.948,55.75054121017456,1745968194.948,55.75054121017456,1745968194.948,55.75054121017456,1745968194.948,55.75054121017456
1745968195.225,56.02812433242798,1745968195.225,56.02812433242798,1745968195.225,56.02812433242798,1745968195.225,56.02812433242798
1745968195.487,56.28953456878662,1745968195.487,56.28953456878662,1745968195.487,56.28953456878662,1745968195.487,56.28953456878662
1745968195.752,56.55449056625366,1745968195.752,56.55449056625366,1745968195.752,56.55449056625366,1745968195.752,56.55449056625366
1745968195.999,56.801981687545776,1745968195.999,56.801981687545776,1745968195.999,56.801981687545776,1745968195.999,56.801981687545776
1745968196.249,57.051292419433594,1745968196.249,57.051292419433594,1745968196.249,57.051292419433594,1745968196.249,57.051292419433594
1745968196.51,57.312828063964844,1745968196.51,57.312828063964844,1745968196.51,57.312828063964844,1745968196.51,57.312828063964844
1745968196.775,57.57729363441467,1745968196.775,57.57729363441467,1745968196.775,57.57729363441467,1745968196.775,57.57729363441467
1745968197.038,57.84108066558838,1745968197.038,57.84108066558838,1745968197.038,57.84108066558838,1745968197.038,57.84108066558838
1745968197.286,58.088765382766724,1745968197.286,58.088765382766724,1745968197.286,58.088765382766724,1745968197.286,58.088765382766724
1745968197.547,58.349276542663574,1745968197.547,58.349276542663574,1745968197.547,58.349276542663574,1745968197.547,58.349276542663574
1745968197.81,58.61280059814453,1745968197.81,58.61280059814453,1745968197.81,58.61280059814453,1745968197.81,58.61280059814453
1745968198.075,58.87743544578552,1745968198.075,58.87743544578552,1745968198.075,58.87743544578552,1745968198.075,58.87743544578552
1745968198.323,59.12588834762573,1745968198.323,59.12588834762573,1745968198.323,59.12588834762573,1745968198.323,59.12588834762573
1745968198.602,59.40446090698242,1745968198.602,59.40446090698242,1745968198.602,59.40446090698242,1745968198.602,59.40446090698242
1745968198.848,59.65095019340515,1745968198.848,59.65095019340515,1745968198.848,59.65095019340515,1745968198.848,59.65095019340515
1745968199.11,59.91272044181824,1745968199.11,59.91272044181824,1745968199.11,59.91272044181824,1745968199.11,59.91272044181824
1745968199.357,60.15978240966797,1745968199.357,60.15978240966797,1745968199.357,60.15978240966797,1745968199.357,60.15978240966797
1745968199.62,60.42289590835571,1745968199.62,60.42289590835571,1745968199.62,60.42289590835571,1745968199.62,60.42289590835571
1745968199.854,60.6562385559082,1745968199.854,60.6562385559082,1745968199.854,60.6562385559082,1745968199.854,60.6562385559082
1745968200.128,60.930521965026855,1745968200.128,60.930521965026855,1745968200.128,60.930521965026855,1745968200.128,60.930521965026855
1745968200.377,61.17951416969299,1745968200.377,61.17951416969299,1745968200.377,61.17951416969299,1745968200.377,61.17951416969299
1745968200.627,61.42948007583618,1745968200.627,61.42948007583618,1745968200.627,61.42948007583618,1745968200.627,61.42948007583618
1745968200.859,61.662062883377075,1745968200.859,61.662062883377075,1745968200.859,61.662062883377075,1745968200.859,61.662062883377075
1745968201.122,61.92505693435669,1745968201.122,61.92505693435669,1745968201.122,61.92505693435669,1745968201.122,61.92505693435669
1745968201.388,62.191091537475586,1745968201.388,62.191091537475586,1745968201.388,62.191091537475586,1745968201.388,62.191091537475586
1745968201.65,62.45305418968201,1745968201.65,62.45305418968201,1745968201.65,62.45305418968201,1745968201.65,62.45305418968201
1745968201.914,62.71709156036377,1745968201.914,62.71709156036377,1745968201.914,62.71709156036377,1745968201.914,62.71709156036377
1745968202.162,62.96505570411682,1745968202.162,62.96505570411682,1745968202.162,62.96505570411682,1745968202.162,62.96505570411682
1745968202.427,63.229238748550415,1745968202.427,63.229238748550415,1745968202.427,63.229238748550415,1745968202.427,63.229238748550415
1745968202.69,63.493191719055176,1745968202.69,63.493191719055176,1745968202.69,63.493191719055176,1745968202.69,63.493191719055176
1745968202.942,63.74457240104675,1745968202.942,63.74457240104675,1745968202.942,63.74457240104675,1745968202.942,63.74457240104675
1745968203.202,64.00490665435791,1745968203.202,64.00490665435791,1745968203.202,64.00490665435791,1745968203.202,64.00490665435791
1745968203.462,64.26520228385925,1745968203.462,64.26520228385925,1745968203.462,64.26520228385925,1745968203.462,64.26520228385925
1745968203.741,64.54375958442688,1745968203.741,64.54375958442688,1745968203.741,64.54375958442688,1745968203.741,64.54375958442688
1745968203.989,64.79219031333923,1745968203.989,64.79219031333923,1745968203.989,64.79219031333923,1745968203.989,64.79219031333923
1745968204.237,65.03950381278992,1745968204.237,65.03950381278992,1745968204.237,65.03950381278992,1745968204.237,65.03950381278992
1745968204.502,65.30487370491028,1745968204.502,65.30487370491028,1745968204.502,65.30487370491028,1745968204.502,65.30487370491028
1745968204.739,65.54178214073181,1745968204.739,65.54178214073181,1745968204.739,65.54178214073181,1745968204.739,65.54178214073181
1745968204.999,65.80128335952759,1745968204.999,65.80128335952759,1745968204.999,65.80128335952759,1745968204.999,65.80128335952759
1745968205.262,66.06494212150574,1745968205.262,66.06494212150574,1745968205.262,66.06494212150574,1745968205.262,66.06494212150574
1745968205.525,66.32739520072937,1745968205.525,66.32739520072937,1745968205.525,66.32739520072937,1745968205.525,66.32739520072937
1745968205.762,66.56477642059326,1745968205.762,66.56477642059326,1745968205.762,66.56477642059326,1745968205.762,66.56477642059326
1745968206.022,66.82478189468384,1745968206.022,66.82478189468384,1745968206.022,66.82478189468384,1745968206.022,66.82478189468384
1745968206.268,67.07083582878113,1745968206.268,67.07083582878113,1745968206.268,67.07083582878113,1745968206.268,67.07083582878113
1745968206.516,67.31857395172119,1745968206.516,67.31857395172119,1745968206.516,67.31857395172119,1745968206.516,67.31857395172119
1745968206.767,67.56955885887146,1745968206.767,67.56955885887146,1745968206.767,67.56955885887146,1745968206.767,67.56955885887146
1745968207.026,67.82866215705872,1745968207.026,67.82866215705872,1745968207.026,67.82866215705872,1745968207.026,67.82866215705872
1745968207.289,68.09216928482056,1745968207.289,68.09216928482056,1745968207.289,68.09216928482056,1745968207.289,68.09216928482056
1745968207.553,68.35575652122498,1745968207.553,68.35575652122498,1745968207.553,68.35575652122498,1745968207.553,68.35575652122498
1745968207.803,68.60523653030396,1745968207.803,68.60523653030396,1745968207.803,68.60523653030396,1745968207.803,68.60523653030396
1745968208.052,68.85459160804749,1745968208.052,68.85459160804749,1745968208.052,68.85459160804749,1745968208.052,68.85459160804749
1745968208.318,69.12043833732605,1745968208.318,69.12043833732605,1745968208.318,69.12043833732605,1745968208.318,69.12043833732605
1745968208.566,69.3682599067688,1745968208.566,69.3682599067688,1745968208.566,69.3682599067688,1745968208.566,69.3682599067688
1745968208.829,69.63171052932739,1745968208.829,69.63171052932739,1745968208.829,69.63171052932739,1745968208.829,69.63171052932739
1745968209.075,69.8776319026947,1745968209.075,69.8776319026947,1745968209.075,69.8776319026947,1745968209.075,69.8776319026947
1745968209.337,70.13968849182129,1745968209.337,70.13968849182129,1745968209.337,70.13968849182129,1745968209.337,70.13968849182129
1745968209.6,70.40260887145996,1745968209.6,70.40260887145996,1745968209.6,70.40260887145996,1745968209.6,70.40260887145996
1745968209.846,70.64907121658325,1745968209.846,70.64907121658325,1745968209.846,70.64907121658325,1745968209.846,70.64907121658325
1745968210.11,70.91265439987183,1745968210.11,70.91265439987183,1745968210.11,70.91265439987183,1745968210.11,70.91265439987183
1745968210.356,71.15893864631653,1745968210.356,71.15893864631653,1745968210.356,71.15893864631653,1745968210.356,71.15893864631653
1745968210.632,71.43435049057007,1745968210.632,71.43435049057007,1745968210.632,71.43435049057007,1745968210.632,71.43435049057007
1745968210.879,71.68152213096619,1745968210.879,71.68152213096619,1745968210.879,71.68152213096619,1745968210.879,71.68152213096619
1745968211.129,71.93151235580444,1745968211.129,71.93151235580444,1745968211.129,71.93151235580444,1745968211.129,71.93151235580444
1745968211.378,72.18097519874573,1745968211.378,72.18097519874573,1745968211.378,72.18097519874573,1745968211.378,72.18097519874573
1745968211.626,72.4287474155426,1745968211.626,72.4287474155426,1745968211.626,72.4287474155426,1745968211.626,72.4287474155426
1745968211.887,72.68968844413757,1745968211.887,72.68968844413757,1745968211.887,72.68968844413757,1745968211.887,72.68968844413757
1745968212.15,72.95317530632019,1745968212.15,72.95317530632019,1745968212.15,72.95317530632019,1745968212.15,72.95317530632019
1745968212.415,73.21730875968933,1745968212.415,73.21730875968933,1745968212.415,73.21730875968933,1745968212.415,73.21730875968933
1745968212.662,73.46439361572266,1745968212.662,73.46439361572266,1745968212.662,73.46439361572266,1745968212.662,73.46439361572266
1745968212.906,73.70827198028564,1745968212.906,73.70827198028564,1745968212.906,73.70827198028564,1745968212.906,73.70827198028564
1745968213.152,73.95499062538147,1745968213.152,73.95499062538147,1745968213.152,73.95499062538147,1745968213.152,73.95499062538147
1745968213.43,74.23238825798035,1745968213.43,74.23238825798035,1745968213.43,74.23238825798035,1745968213.43,74.23238825798035
1745968213.692,74.49458503723145,1745968213.692,74.49458503723145,1745968213.692,74.49458503723145,1745968213.692,74.49458503723145
1745968213.943,74.74527621269226,1745968213.943,74.74527621269226,1745968213.943,74.74527621269226,1745968213.943,74.74527621269226
1745968214.206,75.00900387763977,1745968214.206,75.00900387763977,1745968214.206,75.00900387763977,1745968214.206,75.00900387763977
1745968214.469,75.2713270187378,1745968214.469,75.2713270187378,1745968214.469,75.2713270187378,1745968214.469,75.2713270187378
1745968214.742,75.54516577720642,1745968214.742,75.54516577720642,1745968214.742,75.54516577720642,1745968214.742,75.54516577720642
1745968215.003,75.8052396774292,1745968215.003,75.8052396774292,1745968215.003,75.8052396774292,1745968215.003,75.8052396774292
1745968215.264,76.06678891181946,1745968215.264,76.06678891181946,1745968215.264,76.06678891181946,1745968215.264,76.06678891181946
1745968215.515,76.31742453575134,1745968215.515,76.31742453575134,1745968215.515,76.31742453575134,1745968215.515,76.31742453575134
1745968215.778,76.58071756362915,1745968215.778,76.58071756362915,1745968215.778,76.58071756362915,1745968215.778,76.58071756362915
1745968216.026,76.82909536361694,1745968216.026,76.82909536361694,1745968216.026,76.82909536361694,1745968216.026,76.82909536361694
1745968216.29,77.092609167099,1745968216.29,77.092609167099,1745968216.29,77.092609167099,1745968216.29,77.092609167099
1745968216.538,77.34064841270447,1745968216.538,77.34064841270447,1745968216.538,77.34064841270447,1745968216.538,77.34064841270447
1745968216.801,77.60364246368408,1745968216.801,77.60364246368408,1745968216.801,77.60364246368408,1745968216.801,77.60364246368408
1745968217.065,77.86764478683472,1745968217.065,77.86764478683472,1745968217.065,77.86764478683472,1745968217.065,77.86764478683472
1745968217.333,78.1356430053711,1745968217.333,78.1356430053711,1745968217.333,78.1356430053711,1745968217.333,78.1356430053711
1745968217.595,78.39767932891846,1745968217.595,78.39767932891846,1745968217.595,78.39767932891846,1745968217.595,78.39767932891846
1745968217.842,78.64499235153198,1745968217.842,78.64499235153198,1745968217.842,78.64499235153198,1745968217.842,78.64499235153198
1745968218.106,78.9089891910553,1745968218.106,78.9089891910553,1745968218.106,78.9089891910553,1745968218.106,78.9089891910553
1745968218.354,79.15699052810669,1745968218.354,79.15699052810669,1745968218.354,79.15699052810669,1745968218.354,79.15699052810669
1745968218.616,79.41899394989014,1745968218.616,79.41899394989014,1745968218.616,79.41899394989014,1745968218.616,79.41899394989014
1745968218.884,79.68664479255676,1745968218.884,79.68664479255676,1745968218.884,79.68664479255676,1745968218.884,79.68664479255676
1745968219.134,79.93665146827698,1745968219.134,79.93665146827698,1745968219.134,79.93665146827698,1745968219.134,79.93665146827698
