timestamp,time,timestamp6,time2,timestamp2,time3,timestamp3,time9
1745968371.062,0.04409360885620117,1745968371.062,0.04409360885620117,1745968371.062,0.04409360885620117,1745968371.062,0.04409360885620117
1745968371.329,0.3108663558959961,1745968371.329,0.3108663558959961,1745968371.329,0.3108663558959961,1745968371.329,0.3108663558959961
1745968371.59,0.5718669891357422,1745968371.59,0.5718669891357422,1745968371.59,0.5718669891357422,1745968371.59,0.5718669891357422
1745968371.853,0.835540771484375,1745968371.853,0.835540771484375,1745968371.853,0.835540771484375,1745968371.853,0.835540771484375
1745968372.12,1.1019046306610107,1745968372.12,1.1019046306610107,1745968372.12,1.1019046306610107,1745968372.12,1.1019046306610107
1745968372.382,1.3647749423980713,1745968372.382,1.3647749423980713,1745968372.382,1.3647749423980713,1745968372.382,1.3647749423980713
1745968372.643,1.6258156299591064,1745968372.643,1.6258156299591064,1745968372.643,1.6258156299591064,1745968372.643,1.6258156299591064
1745968372.887,1.8694188594818115,1745968372.887,1.8694188594818115,1745968372.887,1.8694188594818115,1745968372.887,1.8694188594818115
1745968373.142,2.124476432800293,1745968373.142,2.124476432800293,1745968373.142,2.124476432800293,1745968373.142,2.124476432800293
1745968373.404,2.3864009380340576,1745968373.404,2.3864009380340576,1745968373.404,2.3864009380340576,1745968373.404,2.3864009380340576
1745968373.668,2.65014910697937,1745968373.668,2.65014910697937,1745968373.668,2.65014910697937,1745968373.668,2.65014910697937
1745968373.945,2.9270331859588623,1745968373.945,2.9270331859588623,1745968373.945,2.9270331859588623,1745968373.945,2.9270331859588623
1745968374.207,3.1896159648895264,1745968374.207,3.1896159648895264,1745968374.207,3.1896159648895264,1745968374.207,3.1896159648895264
1745968374.47,3.452129364013672,1745968374.47,3.452129364013672,1745968374.47,3.452129364013672,1745968374.47,3.452129364013672
1745968374.733,3.7150986194610596,1745968374.733,3.7150986194610596,1745968374.733,3.7150986194610596,1745968374.733,3.7150986194610596
1745968374.997,3.9790186882019043,1745968374.997,3.9790186882019043,1745968374.997,3.9790186882019043,1745968374.997,3.9790186882019043
1745968375.256,4.238626003265381,1745968375.256,4.238626003265381,1745968375.256,4.238626003265381,1745968375.256,4.238626003265381
1745968375.521,4.503037452697754,1745968375.521,4.503037452697754,1745968375.521,4.503037452697754,1745968375.521,4.503037452697754
1745968375.782,4.76400351524353,1745968375.782,4.76400351524353,1745968375.782,4.76400351524353,1745968375.782,4.76400351524353
1745968376.042,5.024511098861694,1745968376.042,5.024511098861694,1745968376.042,5.024511098861694,1745968376.042,5.024511098861694
1745968376.305,5.287186861038208,1745968376.305,5.287186861038208,1745968376.305,5.287186861038208,1745968376.305,5.287186861038208
1745968376.566,5.548113822937012,1745968376.566,5.548113822937012,1745968376.566,5.548113822937012,1745968376.566,5.548113822937012
1745968376.827,5.8090434074401855,1745968376.827,5.8090434074401855,1745968376.827,5.8090434074401855,1745968376.827,5.8090434074401855
1745968377.073,6.055598735809326,1745968377.073,6.055598735809326,1745968377.073,6.055598735809326,1745968377.073,6.055598735809326
1745968377.351,6.333114385604858,1745968377.351,6.333114385604858,1745968377.351,6.333114385604858,1745968377.351,6.333114385604858
1745968377.612,6.594438552856445,1745968377.612,6.594438552856445,1745968377.612,6.594438552856445,1745968377.612,6.594438552856445
1745968377.874,6.856825828552246,1745968377.874,6.856825828552246,1745968377.874,6.856825828552246,1745968377.874,6.856825828552246
1745968378.105,7.0873894691467285,1745968378.105,7.0873894691467285,1745968378.105,7.0873894691467285,1745968378.105,7.0873894691467285
1745968378.382,7.364502429962158,1745968378.382,7.364502429962158,1745968378.382,7.364502429962158,1745968378.382,7.364502429962158
1745968378.629,7.611060619354248,1745968378.629,7.611060619354248,1745968378.629,7.611060619354248,1745968378.629,7.611060619354248
1745968378.893,7.8754963874816895,1745968378.893,7.8754963874816895,1745968378.893,7.8754963874816895,1745968378.893,7.8754963874816895
1745968379.158,8.139912128448486,1745968379.158,8.139912128448486,1745968379.158,8.139912128448486,1745968379.158,8.139912128448486
1745968379.402,8.384156703948975,1745968379.402,8.384156703948975,1745968379.402,8.384156703948975,1745968379.402,8.384156703948975
1745968379.65,8.632782936096191,1745968379.65,8.632782936096191,1745968379.65,8.632782936096191,1745968379.65,8.632782936096191
1745968379.912,8.894556283950806,1745968379.912,8.894556283950806,1745968379.912,8.894556283950806,1745968379.912,8.894556283950806
1745968380.161,9.142915964126587,1745968380.161,9.142915964126587,1745968380.161,9.142915964126587,1745968380.161,9.142915964126587
1745968380.417,9.39945650100708,1745968380.417,9.39945650100708,1745968380.417,9.39945650100708,1745968380.417,9.39945650100708
1745968380.688,9.670272588729858,1745968380.688,9.670272588729858,1745968380.688,9.670272588729858,1745968380.688,9.670272588729858
1745968380.95,9.931906938552856,1745968380.95,9.931906938552856,1745968380.95,9.931906938552856,1745968380.95,9.931906938552856
1745968381.225,10.207025051116943,1745968381.225,10.207025051116943,1745968381.225,10.207025051116943,1745968381.225,10.207025051116943
1745968381.485,10.467667818069458,1745968381.485,10.467667818069458,1745968381.485,10.467667818069458,1745968381.485,10.467667818069458
1745968381.747,10.728965044021606,1745968381.747,10.728965044021606,1745968381.747,10.728965044021606,1745968381.747,10.728965044021606
1745968381.996,10.978844404220581,1745968381.996,10.978844404220581,1745968381.996,10.978844404220581,1745968381.996,10.978844404220581
1745968382.268,11.2507164478302,1745968382.268,11.2507164478302,1745968382.268,11.2507164478302,1745968382.268,11.2507164478302
1745968382.532,11.514097452163696,1745968382.532,11.514097452163696,1745968382.532,11.514097452163696,1745968382.532,11.514097452163696
1745968382.77,11.75279974937439,1745968382.77,11.75279974937439,1745968382.77,11.75279974937439,1745968382.77,11.75279974937439
1745968383.014,11.99656057357788,1745968383.014,11.99656057357788,1745968383.014,11.99656057357788,1745968383.014,11.99656057357788
1745968383.289,12.270885705947876,1745968383.289,12.270885705947876,1745968383.289,12.270885705947876,1745968383.289,12.270885705947876
1745968383.55,12.531908750534058,1745968383.55,12.531908750534058,1745968383.55,12.531908750534058,1745968383.55,12.531908750534058
1745968383.811,12.793044328689575,1745968383.811,12.793044328689575,1745968383.811,12.793044328689575,1745968383.811,12.793044328689575
1745968384.063,13.045145034790039,1745968384.063,13.045145034790039,1745968384.063,13.045145034790039,1745968384.063,13.045145034790039
1745968384.322,13.304128408432007,1745968384.322,13.304128408432007,1745968384.322,13.304128408432007,1745968384.322,13.304128408432007
1745968384.571,13.553295135498047,1745968384.571,13.553295135498047,1745968384.571,13.553295135498047,1745968384.571,13.553295135498047
1745968384.832,13.814420461654663,1745968384.832,13.814420461654663,1745968384.832,13.814420461654663,1745968384.832,13.814420461654663
1745968385.082,14.06464147567749,1745968385.082,14.06464147567749,1745968385.082,14.06464147567749,1745968385.082,14.06464147567749
1745968385.34,14.32212519645691,1745968385.34,14.32212519645691,1745968385.34,14.32212519645691,1745968385.34,14.32212519645691
1745968385.604,14.58604097366333,1745968385.604,14.58604097366333,1745968385.604,14.58604097366333,1745968385.604,14.58604097366333
1745968385.88,14.862499713897705,1745968385.88,14.862499713897705,1745968385.88,14.862499713897705,1745968385.88,14.862499713897705
1745968386.128,15.110389709472656,1745968386.128,15.110389709472656,1745968386.128,15.110389709472656,1745968386.128,15.110389709472656
1745968386.393,15.37517762184143,1745968386.393,15.37517762184143,1745968386.393,15.37517762184143,1745968386.393,15.37517762184143
1745968386.656,15.638800144195557,1745968386.656,15.638800144195557,1745968386.656,15.638800144195557,1745968386.656,15.638800144195557
1745968386.919,15.901415348052979,1745968386.919,15.901415348052979,1745968386.919,15.901415348052979,1745968386.919,15.901415348052979
1745968387.184,16.16646122932434,1745968387.184,16.16646122932434,1745968387.184,16.16646122932434,1745968387.184,16.16646122932434
1745968387.448,16.429933786392212,1745968387.448,16.429933786392212,1745968387.448,16.429933786392212,1745968387.448,16.429933786392212
1745968387.724,16.70591640472412,1745968387.724,16.70591640472412,1745968387.724,16.70591640472412,1745968387.724,16.70591640472412
1745968387.985,16.967538595199585,1745968387.985,16.967538595199585,1745968387.985,16.967538595199585,1745968387.985,16.967538595199585
1745968388.248,17.230229139328003,1745968388.248,17.230229139328003,1745968388.248,17.230229139328003,1745968388.248,17.230229139328003
1745968388.513,17.495082139968872,1745968388.513,17.495082139968872,1745968388.513,17.495082139968872,1745968388.513,17.495082139968872
1745968388.776,17.758589029312134,1745968388.776,17.758589029312134,1745968388.776,17.758589029312134,1745968388.776,17.758589029312134
1745968389.053,18.035425186157227,1745968389.053,18.035425186157227,1745968389.053,18.035425186157227,1745968389.053,18.035425186157227
1745968389.299,18.28115200996399,1745968389.299,18.28115200996399,1745968389.299,18.28115200996399,1745968389.299,18.28115200996399
1745968389.563,18.545127868652344,1745968389.563,18.545127868652344,1745968389.563,18.545127868652344,1745968389.563,18.545127868652344
1745968389.825,18.80701208114624,1745968389.825,18.80701208114624,1745968389.825,18.80701208114624,1745968389.825,18.80701208114624
1745968390.073,19.05529236793518,1745968390.073,19.05529236793518,1745968390.073,19.05529236793518,1745968390.073,19.05529236793518
1745968390.35,19.332197904586792,1745968390.35,19.332197904586792,1745968390.35,19.332197904586792,1745968390.35,19.332197904586792
1745968390.611,19.593164205551147,1745968390.611,19.593164205551147,1745968390.611,19.593164205551147,1745968390.611,19.593164205551147
1745968390.859,19.8411865234375,1745968390.859,19.8411865234375,1745968390.859,19.8411865234375,1745968390.859,19.8411865234375
1745968391.107,20.089420795440674,1745968391.107,20.089420795440674,1745968391.107,20.089420795440674,1745968391.107,20.089420795440674
1745968391.37,20.35224151611328,1745968391.37,20.35224151611328,1745968391.37,20.35224151611328,1745968391.37,20.35224151611328
1745968391.619,20.60097599029541,1745968391.619,20.60097599029541,1745968391.619,20.60097599029541,1745968391.619,20.60097599029541
1745968391.882,20.86384916305542,1745968391.882,20.86384916305542,1745968391.882,20.86384916305542,1745968391.882,20.86384916305542
1745968392.12,21.102394104003906,1745968392.12,21.102394104003906,1745968392.12,21.102394104003906,1745968392.12,21.102394104003906
1745968392.379,21.36140513420105,1745968392.379,21.36140513420105,1745968392.379,21.36140513420105,1745968392.379,21.36140513420105
1745968392.641,21.62286925315857,1745968392.641,21.62286925315857,1745968392.641,21.62286925315857,1745968392.641,21.62286925315857
1745968392.888,21.870717525482178,1745968392.888,21.870717525482178,1745968392.888,21.870717525482178,1745968392.888,21.870717525482178
1745968393.14,22.12258529663086,1745968393.14,22.12258529663086,1745968393.14,22.12258529663086,1745968393.14,22.12258529663086
1745968393.413,22.395552158355713,1745968393.413,22.395552158355713,1745968393.413,22.395552158355713,1745968393.413,22.395552158355713
1745968393.665,22.646854877471924,1745968393.665,22.646854877471924,1745968393.665,22.646854877471924,1745968393.665,22.646854877471924
1745968393.911,22.893789291381836,1745968393.911,22.893789291381836,1745968393.911,22.893789291381836,1745968393.911,22.893789291381836
1745968394.154,23.1360023021698,1745968394.154,23.1360023021698,1745968394.154,23.1360023021698,1745968394.154,23.1360023021698
1745968394.424,23.40648126602173,1745968394.424,23.40648126602173,1745968394.424,23.40648126602173,1745968394.424,23.40648126602173
1745968394.689,23.670929431915283,1745968394.689,23.670929431915283,1745968394.689,23.670929431915283,1745968394.689,23.670929431915283
1745968394.951,23.93328094482422,1745968394.951,23.93328094482422,1745968394.951,23.93328094482422,1745968394.951,23.93328094482422
1745968395.213,24.195584774017334,1745968395.213,24.195584774017334,1745968395.213,24.195584774017334,1745968395.213,24.195584774017334
1745968395.49,24.472043991088867,1745968395.49,24.472043991088867,1745968395.49,24.472043991088867,1745968395.49,24.472043991088867
1745968395.754,24.736693620681763,1745968395.754,24.736693620681763,1745968395.754,24.736693620681763,1745968395.754,24.736693620681763
1745968396.002,24.984261989593506,1745968396.002,24.984261989593506,1745968396.002,24.984261989593506,1745968396.002,24.984261989593506
1745968396.233,25.215487718582153,1745968396.233,25.215487718582153,1745968396.233,25.215487718582153,1745968396.233,25.215487718582153
1745968396.493,25.47567582130432,1745968396.493,25.47567582130432,1745968396.493,25.47567582130432,1745968396.493,25.47567582130432
1745968396.755,25.737773180007935,1745968396.755,25.737773180007935,1745968396.755,25.737773180007935,1745968396.755,25.737773180007935
1745968397.015,25.99692726135254,1745968397.015,25.99692726135254,1745968397.015,25.99692726135254,1745968397.015,25.99692726135254
1745968397.278,26.260395765304565,1745968397.278,26.260395765304565,1745968397.278,26.260395765304565,1745968397.278,26.260395765304565
1745968397.538,26.52065920829773,1745968397.538,26.52065920829773,1745968397.538,26.52065920829773,1745968397.538,26.52065920829773
1745968397.786,26.768088817596436,1745968397.786,26.768088817596436,1745968397.786,26.768088817596436,1745968397.786,26.768088817596436
1745968398.034,27.016531467437744,1745968398.034,27.016531467437744,1745968398.034,27.016531467437744,1745968398.034,27.016531467437744
1745968398.302,27.28439164161682,1745968398.302,27.28439164161682,1745968398.302,27.28439164161682,1745968398.302,27.28439164161682
1745968398.563,27.54568600654602,1745968398.563,27.54568600654602,1745968398.563,27.54568600654602,1745968398.563,27.54568600654602
1745968398.828,27.80997371673584,1745968398.828,27.80997371673584,1745968398.828,27.80997371673584,1745968398.828,27.80997371673584
1745968399.092,28.074061155319214,1745968399.092,28.074061155319214,1745968399.092,28.074061155319214,1745968399.092,28.074061155319214
1745968399.356,28.338446378707886,1745968399.356,28.338446378707886,1745968399.356,28.338446378707886,1745968399.356,28.338446378707886
1745968399.619,28.60121512413025,1745968399.619,28.60121512413025,1745968399.619,28.60121512413025,1745968399.619,28.60121512413025
1745968399.895,28.877705574035645,1745968399.895,28.877705574035645,1745968399.895,28.877705574035645,1745968399.895,28.877705574035645
1745968400.159,29.140904426574707,1745968400.159,29.140904426574707,1745968400.159,29.140904426574707,1745968400.159,29.140904426574707
1745968400.421,29.403337001800537,1745968400.421,29.403337001800537,1745968400.421,29.403337001800537,1745968400.421,29.403337001800537
1745968400.685,29.667054414749146,1745968400.685,29.667054414749146,1745968400.685,29.667054414749146,1745968400.685,29.667054414749146
1745968400.946,29.92808485031128,1745968400.946,29.92808485031128,1745968400.946,29.92808485031128,1745968400.946,29.92808485031128
1745968401.212,30.194469451904297,1745968401.212,30.194469451904297,1745968401.212,30.194469451904297,1745968401.212,30.194469451904297
1745968401.459,30.441410303115845,1745968401.459,30.441410303115845,1745968401.459,30.441410303115845,1745968401.459,30.441410303115845
1745968401.722,30.704376935958862,1745968401.722,30.704376935958862,1745968401.722,30.704376935958862,1745968401.722,30.704376935958862
1745968401.986,30.968013286590576,1745968401.986,30.968013286590576,1745968401.986,30.968013286590576,1745968401.986,30.968013286590576
1745968402.247,31.22885799407959,1745968402.247,31.22885799407959,1745968402.247,31.22885799407959,1745968402.247,31.22885799407959
1745968402.511,31.49308180809021,1745968402.511,31.49308180809021,1745968402.511,31.49308180809021,1745968402.511,31.49308180809021
1745968402.789,31.771302700042725,1745968402.789,31.771302700042725,1745968402.789,31.771302700042725,1745968402.789,31.771302700042725
1745968403.037,32.01978516578674,1745968403.037,32.01978516578674,1745968403.037,32.01978516578674,1745968403.037,32.01978516578674
1745968403.279,32.26129698753357,1745968403.279,32.26129698753357,1745968403.279,32.26129698753357,1745968403.279,32.26129698753357
1745968403.534,32.51665186882019,1745968403.534,32.51665186882019,1745968403.534,32.51665186882019,1745968403.534,32.51665186882019
1745968403.781,32.76350021362305,1745968403.781,32.76350021362305,1745968403.781,32.76350021362305,1745968403.781,32.76350021362305
1745968404.029,33.01163911819458,1745968404.029,33.01163911819458,1745968404.029,33.01163911819458,1745968404.029,33.01163911819458
1745968404.293,33.275107622146606,1745968404.293,33.275107622146606,1745968404.293,33.275107622146606,1745968404.293,33.275107622146606
1745968404.541,33.523128271102905,1745968404.541,33.523128271102905,1745968404.541,33.523128271102905,1745968404.541,33.523128271102905
1745968404.82,33.80190110206604,1745968404.82,33.80190110206604,1745968404.82,33.80190110206604,1745968404.82,33.80190110206604
1745968405.084,34.06586813926697,1745968405.084,34.06586813926697,1745968405.084,34.06586813926697,1745968405.084,34.06586813926697
1745968405.308,34.29016995429993,1745968405.308,34.29016995429993,1745968405.308,34.29016995429993,1745968405.308,34.29016995429993
1745968405.578,34.55988550186157,1745968405.578,34.55988550186157,1745968405.578,34.55988550186157,1745968405.578,34.55988550186157
1745968405.825,34.80711364746094,1745968405.825,34.80711364746094,1745968405.825,34.80711364746094,1745968405.825,34.80711364746094
1745968406.086,35.06790590286255,1745968406.086,35.06790590286255,1745968406.086,35.06790590286255,1745968406.086,35.06790590286255
1745968406.333,35.315258264541626,1745968406.333,35.315258264541626,1745968406.333,35.315258264541626,1745968406.333,35.315258264541626
1745968406.596,35.578161001205444,1745968406.596,35.578161001205444,1745968406.596,35.578161001205444,1745968406.596,35.578161001205444
1745968406.859,35.841139793395996,1745968406.859,35.841139793395996,1745968406.859,35.841139793395996,1745968406.859,35.841139793395996
1745968407.122,36.10464406013489,1745968407.122,36.10464406013489,1745968407.122,36.10464406013489,1745968407.122,36.10464406013489
1745968407.372,36.354684829711914,1745968407.372,36.354684829711914,1745968407.372,36.354684829711914,1745968407.372,36.354684829711914
1745968407.645,36.62781763076782,1745968407.645,36.62781763076782,1745968407.645,36.62781763076782,1745968407.645,36.62781763076782
1745968407.894,36.87649941444397,1745968407.894,36.87649941444397,1745968407.894,36.87649941444397,1745968407.894,36.87649941444397
1745968408.155,37.13719153404236,1745968408.155,37.13719153404236,1745968408.155,37.13719153404236,1745968408.155,37.13719153404236
1745968408.388,37.37034893035889,1745968408.388,37.37034893035889,1745968408.388,37.37034893035889,1745968408.388,37.37034893035889
1745968408.639,37.62150478363037,1745968408.639,37.62150478363037,1745968408.639,37.62150478363037,1745968408.639,37.62150478363037
1745968408.888,37.8704948425293,1745968408.888,37.8704948425293,1745968408.888,37.8704948425293,1745968408.888,37.8704948425293
1745968409.15,38.13245129585266,1745968409.15,38.13245129585266,1745968409.15,38.13245129585266,1745968409.15,38.13245129585266
1745968409.404,38.38624548912048,1745968409.404,38.38624548912048,1745968409.404,38.38624548912048,1745968409.404,38.38624548912048
1745968409.662,38.644729137420654,1745968409.662,38.644729137420654,1745968409.662,38.644729137420654,1745968409.662,38.644729137420654
1745968409.925,38.90756392478943,1745968409.925,38.90756392478943,1745968409.925,38.90756392478943,1745968409.925,38.90756392478943
1745968410.187,39.16911315917969,1745968410.187,39.16911315917969,1745968410.187,39.16911315917969,1745968410.187,39.16911315917969
1745968410.437,39.41970610618591,1745968410.437,39.41970610618591,1745968410.437,39.41970610618591,1745968410.437,39.41970610618591
1745968410.711,39.693347215652466,1745968410.711,39.693347215652466,1745968410.711,39.693347215652466,1745968410.711,39.693347215652466
1745968410.975,39.95763349533081,1745968410.975,39.95763349533081,1745968410.975,39.95763349533081,1745968410.975,39.95763349533081
1745968411.222,40.20424771308899,1745968411.222,40.20424771308899,1745968411.222,40.20424771308899,1745968411.222,40.20424771308899
1745968411.487,40.46972298622131,1745968411.487,40.46972298622131,1745968411.487,40.46972298622131,1745968411.487,40.46972298622131
1745968411.735,40.7175190448761,1745968411.735,40.7175190448761,1745968411.735,40.7175190448761,1745968411.735,40.7175190448761
1745968411.982,40.964691162109375,1745968411.982,40.964691162109375,1745968411.982,40.964691162109375,1745968411.982,40.964691162109375
1745968412.246,41.22802805900574,1745968412.246,41.22802805900574,1745968412.246,41.22802805900574,1745968412.246,41.22802805900574
1745968412.507,41.48960828781128,1745968412.507,41.48960828781128,1745968412.507,41.48960828781128,1745968412.507,41.48960828781128
1745968412.756,41.73832726478577,1745968412.756,41.73832726478577,1745968412.756,41.73832726478577,1745968412.756,41.73832726478577
1745968413.0,41.982391595840454,1745968413.0,41.982391595840454,1745968413.0,41.982391595840454,1745968413.0,41.982391595840454
1745968413.263,42.245487213134766,1745968413.263,42.245487213134766,1745968413.263,42.245487213134766,1745968413.263,42.245487213134766
1745968413.529,42.51091504096985,1745968413.529,42.51091504096985,1745968413.529,42.51091504096985,1745968413.529,42.51091504096985
1745968413.792,42.77392101287842,1745968413.792,42.77392101287842,1745968413.792,42.77392101287842,1745968413.792,42.77392101287842
1745968414.071,43.0535101890564,1745968414.071,43.0535101890564,1745968414.071,43.0535101890564,1745968414.071,43.0535101890564
1745968414.332,43.31441903114319,1745968414.332,43.31441903114319,1745968414.332,43.31441903114319,1745968414.332,43.31441903114319
1745968414.566,43.54809761047363,1745968414.566,43.54809761047363,1745968414.566,43.54809761047363,1745968414.566,43.54809761047363
1745968414.827,43.809751987457275,1745968414.827,43.809751987457275,1745968414.827,43.809751987457275,1745968414.827,43.809751987457275
1745968415.089,44.07138109207153,1745968415.089,44.07138109207153,1745968415.089,44.07138109207153,1745968415.089,44.07138109207153
1745968415.353,44.3350887298584,1745968415.353,44.3350887298584,1745968415.353,44.3350887298584,1745968415.353,44.3350887298584
1745968415.599,44.58160471916199,1745968415.599,44.58160471916199,1745968415.599,44.58160471916199,1745968415.599,44.58160471916199
1745968415.864,44.84674048423767,1745968415.864,44.84674048423767,1745968415.864,44.84674048423767,1745968415.864,44.84674048423767
1745968416.128,45.11017155647278,1745968416.128,45.11017155647278,1745968416.128,45.11017155647278,1745968416.128,45.11017155647278
1745968416.391,45.37380599975586,1745968416.391,45.37380599975586,1745968416.391,45.37380599975586,1745968416.391,45.37380599975586
1745968416.654,45.63607907295227,1745968416.654,45.63607907295227,1745968416.654,45.63607907295227,1745968416.654,45.63607907295227
1745968416.917,45.899619340896606,1745968416.917,45.899619340896606,1745968416.917,45.899619340896606,1745968416.917,45.899619340896606
1745968417.195,46.17768096923828,1745968417.195,46.17768096923828,1745968417.195,46.17768096923828,1745968417.195,46.17768096923828
1745968417.458,46.44020628929138,1745968417.458,46.44020628929138,1745968417.458,46.44020628929138,1745968417.458,46.44020628929138
1745968417.719,46.701579570770264,1745968417.719,46.701579570770264,1745968417.719,46.701579570770264,1745968417.719,46.701579570770264
1745968417.984,46.96644115447998,1745968417.984,46.96644115447998,1745968417.984,46.96644115447998,1745968417.984,46.96644115447998
1745968418.247,47.22962236404419,1745968418.247,47.22962236404419,1745968418.247,47.22962236404419,1745968418.247,47.22962236404419
1745968418.481,47.46380305290222,1745968418.481,47.46380305290222,1745968418.481,47.46380305290222,1745968418.481,47.46380305290222
1745968418.744,47.72660493850708,1745968418.744,47.72660493850708,1745968418.744,47.72660493850708,1745968418.744,47.72660493850708
1745968419.024,48.00601601600647,1745968419.024,48.00601601600647,1745968419.024,48.00601601600647,1745968419.024,48.00601601600647
1745968419.273,48.254894971847534,1745968419.273,48.254894971847534,1745968419.273,48.254894971847534,1745968419.273,48.254894971847534
1745968419.536,48.51860523223877,1745968419.536,48.51860523223877,1745968419.536,48.51860523223877,1745968419.536,48.51860523223877
1745968419.783,48.76552748680115,1745968419.783,48.76552748680115,1745968419.783,48.76552748680115,1745968419.783,48.76552748680115
1745968420.048,49.02987766265869,1745968420.048,49.02987766265869,1745968420.048,49.02987766265869,1745968420.048,49.02987766265869
1745968420.31,49.29235029220581,1745968420.31,49.29235029220581,1745968420.31,49.29235029220581,1745968420.31,49.29235029220581
1745968420.571,49.55380725860596,1745968420.571,49.55380725860596,1745968420.571,49.55380725860596,1745968420.571,49.55380725860596
1745968420.836,49.81861066818237,1745968420.836,49.81861066818237,1745968420.836,49.81861066818237,1745968420.836,49.81861066818237
1745968421.099,50.081100940704346,1745968421.099,50.081100940704346,1745968421.099,50.081100940704346,1745968421.099,50.081100940704346
1745968421.348,50.33000063896179,1745968421.348,50.33000063896179,1745968421.348,50.33000063896179,1745968421.348,50.33000063896179
1745968421.598,50.58052849769592,1745968421.598,50.58052849769592,1745968421.598,50.58052849769592,1745968421.598,50.58052849769592
1745968421.86,50.84194040298462,1745968421.86,50.84194040298462,1745968421.86,50.84194040298462,1745968421.86,50.84194040298462
1745968422.122,51.1048469543457,1745968422.122,51.1048469543457,1745968422.122,51.1048469543457,1745968422.122,51.1048469543457
1745968422.386,51.36830759048462,1745968422.386,51.36830759048462,1745968422.386,51.36830759048462,1745968422.386,51.36830759048462
1745968422.651,51.632930755615234,1745968422.651,51.632930755615234,1745968422.651,51.632930755615234,1745968422.651,51.632930755615234
1745968422.896,51.87860703468323,1745968422.896,51.87860703468323,1745968422.896,51.87860703468323,1745968422.896,51.87860703468323
1745968423.144,52.12620687484741,1745968423.144,52.12620687484741,1745968423.144,52.12620687484741,1745968423.144,52.12620687484741
1745968423.392,52.374698638916016,1745968423.392,52.374698638916016,1745968423.392,52.374698638916016,1745968423.392,52.374698638916016
1745968423.654,52.63589668273926,1745968423.654,52.63589668273926,1745968423.654,52.63589668273926,1745968423.654,52.63589668273926
1745968423.917,52.899073123931885,1745968423.917,52.899073123931885,1745968423.917,52.899073123931885,1745968423.917,52.899073123931885
1745968424.194,53.17622780799866,1745968424.194,53.17622780799866,1745968424.194,53.17622780799866,1745968424.194,53.17622780799866
1745968424.44,53.42247653007507,1745968424.44,53.42247653007507,1745968424.44,53.42247653007507,1745968424.44,53.42247653007507
1745968424.704,53.68674635887146,1745968424.704,53.68674635887146,1745968424.704,53.68674635887146,1745968424.704,53.68674635887146
1745968424.967,53.94931125640869,1745968424.967,53.94931125640869,1745968424.967,53.94931125640869,1745968424.967,53.94931125640869
1745968425.215,54.19699835777283,1745968425.215,54.19699835777283,1745968425.215,54.19699835777283,1745968425.215,54.19699835777283
1745968425.479,54.46124625205994,1745968425.479,54.46124625205994,1745968425.479,54.46124625205994,1745968425.479,54.46124625205994
1745968425.757,54.739660024642944,1745968425.757,54.739660024642944,1745968425.757,54.739660024642944,1745968425.757,54.739660024642944
1745968426.02,55.00244951248169,1745968426.02,55.00244951248169,1745968426.02,55.00244951248169,1745968426.02,55.00244951248169
1745968426.269,55.25174260139465,1745968426.269,55.25174260139465,1745968426.269,55.25174260139465,1745968426.269,55.25174260139465
1745968426.532,55.51431894302368,1745968426.532,55.51431894302368,1745968426.532,55.51431894302368,1745968426.532,55.51431894302368
1745968426.766,55.74793839454651,1745968426.766,55.74793839454651,1745968426.766,55.74793839454651,1745968426.766,55.74793839454651
1745968427.031,56.01322674751282,1745968427.031,56.01322674751282,1745968427.031,56.01322674751282,1745968427.031,56.01322674751282
1745968427.279,56.261545181274414,1745968427.279,56.261545181274414,1745968427.279,56.261545181274414,1745968427.279,56.261545181274414
1745968427.541,56.52351403236389,1745968427.541,56.52351403236389,1745968427.541,56.52351403236389,1745968427.541,56.52351403236389
1745968427.819,56.80118441581726,1745968427.819,56.80118441581726,1745968427.819,56.80118441581726,1745968427.819,56.80118441581726
1745968428.082,57.06464648246765,1745968428.082,57.06464648246765,1745968428.082,57.06464648246765,1745968428.082,57.06464648246765
1745968428.347,57.328859090805054,1745968428.347,57.328859090805054,1745968428.347,57.328859090805054,1745968428.347,57.328859090805054
1745968428.591,57.573787689208984,1745968428.591,57.573787689208984,1745968428.591,57.573787689208984,1745968428.591,57.573787689208984
1745968428.866,57.848756074905396,1745968428.866,57.848756074905396,1745968428.866,57.848756074905396,1745968428.866,57.848756074905396
1745968429.114,58.09650802612305,1745968429.114,58.09650802612305,1745968429.114,58.09650802612305,1745968429.114,58.09650802612305
1745968429.377,58.35941982269287,1745968429.377,58.35941982269287,1745968429.377,58.35941982269287,1745968429.377,58.35941982269287
1745968429.64,58.62248253822327,1745968429.64,58.62248253822327,1745968429.64,58.62248253822327,1745968429.64,58.62248253822327
1745968429.902,58.8840811252594,1745968429.902,58.8840811252594,1745968429.902,58.8840811252594,1745968429.902,58.8840811252594
1745968430.15,59.132147789001465,1745968430.15,59.132147789001465,1745968430.15,59.132147789001465,1745968430.15,59.132147789001465
1745968430.396,59.378623962402344,1745968430.396,59.378623962402344,1745968430.396,59.378623962402344,1745968430.396,59.378623962402344
1745968430.659,59.641467571258545,1745968430.659,59.641467571258545,1745968430.659,59.641467571258545,1745968430.659,59.641467571258545
1745968430.893,59.875022888183594,1745968430.893,59.875022888183594,1745968430.893,59.875022888183594,1745968430.893,59.875022888183594
1745968431.154,60.135940074920654,1745968431.154,60.135940074920654,1745968431.154,60.135940074920654,1745968431.154,60.135940074920654
1745968431.418,60.39995741844177,1745968431.418,60.39995741844177,1745968431.418,60.39995741844177,1745968431.418,60.39995741844177
1745968431.697,60.679234981536865,1745968431.697,60.679234981536865,1745968431.697,60.679234981536865,1745968431.697,60.679234981536865
1745968431.944,60.92662811279297,1745968431.944,60.92662811279297,1745968431.944,60.92662811279297,1745968431.944,60.92662811279297
1745968432.206,61.187971353530884,1745968432.206,61.187971353530884,1745968432.206,61.187971353530884,1745968432.206,61.187971353530884
1745968432.467,61.449429750442505,1745968432.467,61.449429750442505,1745968432.467,61.449429750442505,1745968432.467,61.449429750442505
1745968432.715,61.697182178497314,1745968432.715,61.697182178497314,1745968432.715,61.697182178497314,1745968432.715,61.697182178497314
1745968432.979,61.961020946502686,1745968432.979,61.961020946502686,1745968432.979,61.961020946502686,1745968432.979,61.961020946502686
1745968433.228,62.21067237854004,1745968433.228,62.21067237854004,1745968433.228,62.21067237854004,1745968433.228,62.21067237854004
1745968433.505,62.48703742027283,1745968433.505,62.48703742027283,1745968433.505,62.48703742027283,1745968433.505,62.48703742027283
1745968433.742,62.724777936935425,1745968433.742,62.724777936935425,1745968433.742,62.724777936935425,1745968433.742,62.724777936935425
1745968433.999,62.98168706893921,1745968433.999,62.98168706893921,1745968433.999,62.98168706893921,1745968433.999,62.98168706893921
1745968434.261,63.24310660362244,1745968434.261,63.24310660362244,1745968434.261,63.24310660362244,1745968434.261,63.24310660362244
1745968434.527,63.50913071632385,1745968434.527,63.50913071632385,1745968434.527,63.50913071632385,1745968434.527,63.50913071632385
1745968434.767,63.74976086616516,1745968434.767,63.74976086616516,1745968434.767,63.74976086616516,1745968434.767,63.74976086616516
1745968435.033,64.01522445678711,1745968435.033,64.01522445678711,1745968435.033,64.01522445678711,1745968435.033,64.01522445678711
1745968435.295,64.27726101875305,1745968435.295,64.27726101875305,1745968435.295,64.27726101875305,1745968435.295,64.27726101875305
1745968435.559,64.54100251197815,1745968435.559,64.54100251197815,1745968435.559,64.54100251197815,1745968435.559,64.54100251197815
1745968435.824,64.80644917488098,1745968435.824,64.80644917488098,1745968435.824,64.80644917488098,1745968435.824,64.80644917488098
1745968436.102,65.0844407081604,1745968436.102,65.0844407081604,1745968436.102,65.0844407081604,1745968436.102,65.0844407081604
1745968436.364,65.34586191177368,1745968436.364,65.34586191177368,1745968436.364,65.34586191177368,1745968436.364,65.34586191177368
1745968436.61,65.59249901771545,1745968436.61,65.59249901771545,1745968436.61,65.59249901771545,1745968436.61,65.59249901771545
1745968436.873,65.8555600643158,1745968436.873,65.8555600643158,1745968436.873,65.8555600643158,1745968436.873,65.8555600643158
1745968437.135,66.11733031272888,1745968437.135,66.11733031272888,1745968437.135,66.11733031272888,1745968437.135,66.11733031272888
1745968437.385,66.36690020561218,1745968437.385,66.36690020561218,1745968437.385,66.36690020561218,1745968437.385,66.36690020561218
1745968437.663,66.64495515823364,1745968437.663,66.64495515823364,1745968437.663,66.64495515823364,1745968437.663,66.64495515823364
1745968437.91,66.89273571968079,1745968437.91,66.89273571968079,1745968437.91,66.89273571968079,1745968437.91,66.89273571968079
1745968438.173,67.15552735328674,1745968438.173,67.15552735328674,1745968438.173,67.15552735328674,1745968438.173,67.15552735328674
1745968438.433,67.41580200195312,1745968438.433,67.41580200195312,1745968438.433,67.41580200195312,1745968438.433,67.41580200195312
1745968438.697,67.67958402633667,1745968438.697,67.67958402633667,1745968438.697,67.67958402633667,1745968438.697,67.67958402633667
1745968438.959,67.94101214408875,1745968438.959,67.94101214408875,1745968438.959,67.94101214408875,1745968438.959,67.94101214408875
1745968439.219,68.2014410495758,1745968439.219,68.2014410495758,1745968439.219,68.2014410495758,1745968439.219,68.2014410495758
1745968439.481,68.4629967212677,1745968439.481,68.4629967212677,1745968439.481,68.4629967212677,1745968439.481,68.4629967212677
1745968439.742,68.72408390045166,1745968439.742,68.72408390045166,1745968439.742,68.72408390045166,1745968439.742,68.72408390045166
1745968440.005,68.98718643188477,1745968440.005,68.98718643188477,1745968440.005,68.98718643188477,1745968440.005,68.98718643188477
1745968440.251,69.23306441307068,1745968440.251,69.23306441307068,1745968440.251,69.23306441307068,1745968440.251,69.23306441307068
1745968440.515,69.49737596511841,1745968440.515,69.49737596511841,1745968440.515,69.49737596511841,1745968440.515,69.49737596511841
1745968440.778,69.76043963432312,1745968440.778,69.76043963432312,1745968440.778,69.76043963432312,1745968440.778,69.76043963432312
1745968441.027,70.0088882446289,1745968441.027,70.0088882446289,1745968441.027,70.0088882446289,1745968441.027,70.0088882446289
1745968441.275,70.2572374343872,1745968441.275,70.2572374343872,1745968441.275,70.2572374343872,1745968441.275,70.2572374343872
1745968441.523,70.50552606582642,1745968441.523,70.50552606582642,1745968441.523,70.50552606582642,1745968441.523,70.50552606582642
1745968441.785,70.76767206192017,1745968441.785,70.76767206192017,1745968441.785,70.76767206192017,1745968441.785,70.76767206192017
1745968442.019,71.00137639045715,1745968442.019,71.00137639045715,1745968442.019,71.00137639045715,1745968442.019,71.00137639045715
1745968442.265,71.2468512058258,1745968442.265,71.2468512058258,1745968442.265,71.2468512058258,1745968442.265,71.2468512058258
1745968442.527,71.50911736488342,1745968442.527,71.50911736488342,1745968442.527,71.50911736488342,1745968442.527,71.50911736488342
1745968442.773,71.75580763816833,1745968442.773,71.75580763816833,1745968442.773,71.75580763816833,1745968442.773,71.75580763816833
1745968443.024,72.00585079193115,1745968443.024,72.00585079193115,1745968443.024,72.00585079193115,1745968443.024,72.00585079193115
1745968443.285,72.26776480674744,1745968443.285,72.26776480674744,1745968443.285,72.26776480674744,1745968443.285,72.26776480674744
1745968443.548,72.53022313117981,1745968443.548,72.53022313117981,1745968443.548,72.53022313117981,1745968443.548,72.53022313117981
1745968443.812,72.7943422794342,1745968443.812,72.7943422794342,1745968443.812,72.7943422794342,1745968443.812,72.7943422794342
1745968444.076,73.05879211425781,1745968444.076,73.05879211425781,1745968444.076,73.05879211425781,1745968444.076,73.05879211425781
1745968444.341,73.32287788391113,1745968444.341,73.32287788391113,1745968444.341,73.32287788391113,1745968444.341,73.32287788391113
1745968444.603,73.58521485328674,1745968444.603,73.58521485328674,1745968444.603,73.58521485328674,1745968444.603,73.58521485328674
1745968444.859,73.84143042564392,1745968444.859,73.84143042564392,1745968444.859,73.84143042564392,1745968444.859,73.84143042564392
1745968445.128,74.10989665985107,1745968445.128,74.10989665985107,1745968445.128,74.10989665985107,1745968445.128,74.10989665985107
1745968445.39,74.37247323989868,1745968445.39,74.37247323989868,1745968445.39,74.37247323989868,1745968445.39,74.37247323989868
1745968445.638,74.62039232254028,1745968445.638,74.62039232254028,1745968445.638,74.62039232254028,1745968445.638,74.62039232254028
1745968445.904,74.88654279708862,1745968445.904,74.88654279708862,1745968445.904,74.88654279708862,1745968445.904,74.88654279708862
1745968446.165,75.1478168964386,1745968446.165,75.1478168964386,1745968446.165,75.1478168964386,1745968446.165,75.1478168964386
1745968446.427,75.40984535217285,1745968446.427,75.40984535217285,1745968446.427,75.40984535217285,1745968446.427,75.40984535217285
1745968446.691,75.67299580574036,1745968446.691,75.67299580574036,1745968446.691,75.67299580574036,1745968446.691,75.67299580574036
1745968446.942,75.9242377281189,1745968446.942,75.9242377281189,1745968446.942,75.9242377281189,1745968446.942,75.9242377281189
1745968447.202,76.18460988998413,1745968447.202,76.18460988998413,1745968447.202,76.18460988998413,1745968447.202,76.18460988998413
1745968447.464,76.44626450538635,1745968447.464,76.44626450538635,1745968447.464,76.44626450538635,1745968447.464,76.44626450538635
1745968447.725,76.70754981040955,1745968447.725,76.70754981040955,1745968447.725,76.70754981040955,1745968447.725,76.70754981040955
1745968447.972,76.95468521118164,1745968447.972,76.95468521118164,1745968447.972,76.95468521118164,1745968447.972,76.95468521118164
1745968448.221,77.20366263389587,1745968448.221,77.20366263389587,1745968448.221,77.20366263389587,1745968448.221,77.20366263389587
1745968448.484,77.46628999710083,1745968448.484,77.46628999710083,1745968448.484,77.46628999710083,1745968448.484,77.46628999710083
1745968448.73,77.71263813972473,1745968448.73,77.71263813972473,1745968448.73,77.71263813972473,1745968448.73,77.71263813972473
1745968448.993,77.97500777244568,1745968448.993,77.97500777244568,1745968448.993,77.97500777244568,1745968448.993,77.97500777244568
1745968449.256,78.23843145370483,1745968449.256,78.23843145370483,1745968449.256,78.23843145370483,1745968449.256,78.23843145370483
1745968449.5,78.4826512336731,1745968449.5,78.4826512336731,1745968449.5,78.4826512336731,1745968449.5,78.4826512336731
1745968449.763,78.74492692947388,1745968449.763,78.74492692947388,1745968449.763,78.74492692947388,1745968449.763,78.74492692947388
1745968450.026,79.00877475738525,1745968450.026,79.00877475738525,1745968450.026,79.00877475738525,1745968450.026,79.00877475738525
1745968450.276,79.25877404212952,1745968450.276,79.25877404212952,1745968450.276,79.25877404212952,1745968450.276,79.25877404212952
1745968450.54,79.52278590202332,1745968450.54,79.52278590202332,1745968450.54,79.52278590202332,1745968450.54,79.52278590202332
1745968450.8,79.78226137161255,1745968450.8,79.78226137161255,1745968450.8,79.78226137161255,1745968450.8,79.78226137161255
1745968451.046,80.02855324745178,1745968451.046,80.02855324745178,1745968451.046,80.02855324745178,1745968451.046,80.02855324745178
1745968451.308,80.29032564163208,1745968451.308,80.29032564163208,1745968451.308,80.29032564163208,1745968451.308,80.29032564163208
1745968451.584,80.5666332244873,1745968451.584,80.5666332244873,1745968451.584,80.5666332244873,1745968451.584,80.5666332244873
1745968451.832,80.81402206420898,1745968451.832,80.81402206420898,1745968451.832,80.81402206420898,1745968451.832,80.81402206420898
1745968452.097,81.07931470870972,1745968452.097,81.07931470870972,1745968452.097,81.07931470870972,1745968452.097,81.07931470870972
1745968452.362,81.34450936317444,1745968452.362,81.34450936317444,1745968452.362,81.34450936317444,1745968452.362,81.34450936317444
1745968452.625,81.6074743270874,1745968452.625,81.6074743270874,1745968452.625,81.6074743270874,1745968452.625,81.6074743270874
1745968452.888,81.87005424499512,1745968452.888,81.87005424499512,1745968452.888,81.87005424499512,1745968452.888,81.87005424499512
1745968453.149,82.13173007965088,1745968453.149,82.13173007965088,1745968453.149,82.13173007965088,1745968453.149,82.13173007965088
1745968453.411,82.39343333244324,1745968453.411,82.39343333244324,1745968453.411,82.39343333244324,1745968453.411,82.39343333244324
1745968453.674,82.65648293495178,1745968453.674,82.65648293495178,1745968453.674,82.65648293495178,1745968453.674,82.65648293495178
1745968453.938,82.92035984992981,1745968453.938,82.92035984992981,1745968453.938,82.92035984992981,1745968453.938,82.92035984992981
1745968454.202,83.18463373184204,1745968454.202,83.18463373184204,1745968454.202,83.18463373184204,1745968454.202,83.18463373184204
1745968454.465,83.44744038581848,1745968454.465,83.44744038581848,1745968454.465,83.44744038581848,1745968454.465,83.44744038581848
1745968454.713,83.69548201560974,1745968454.713,83.69548201560974,1745968454.713,83.69548201560974,1745968454.713,83.69548201560974
1745968454.983,83.96536755561829,1745968454.983,83.96536755561829,1745968454.983,83.96536755561829,1745968454.983,83.96536755561829
1745968455.254,84.23670959472656,1745968455.254,84.23670959472656,1745968455.254,84.23670959472656,1745968455.254,84.23670959472656
1745968455.516,84.4983868598938,1745968455.516,84.4983868598938,1745968455.516,84.4983868598938,1745968455.516,84.4983868598938
1745968455.768,84.75042653083801,1745968455.768,84.75042653083801,1745968455.768,84.75042653083801,1745968455.768,84.75042653083801
1745968456.027,85.0091233253479,1745968456.027,85.0091233253479,1745968456.027,85.0091233253479,1745968456.027,85.0091233253479
1745968456.302,85.2847089767456,1745968456.302,85.2847089767456,1745968456.302,85.2847089767456,1745968456.302,85.2847089767456
1745968456.566,85.54788756370544,1745968456.566,85.54788756370544,1745968456.566,85.54788756370544,1745968456.566,85.54788756370544
1745968456.826,85.80872559547424,1745968456.826,85.80872559547424,1745968456.826,85.80872559547424,1745968456.826,85.80872559547424
1745968457.065,86.04725050926208,1745968457.065,86.04725050926208,1745968457.065,86.04725050926208,1745968457.065,86.04725050926208
1745968457.336,86.31805324554443,1745968457.336,86.31805324554443,1745968457.336,86.31805324554443,1745968457.336,86.31805324554443
1745968457.599,86.58135938644409,1745968457.599,86.58135938644409,1745968457.599,86.58135938644409,1745968457.599,86.58135938644409
1745968457.848,86.83065056800842,1745968457.848,86.83065056800842,1745968457.848,86.83065056800842,1745968457.848,86.83065056800842
1745968458.113,87.09496116638184,1745968458.113,87.09496116638184,1745968458.113,87.09496116638184,1745968458.113,87.09496116638184
1745968458.377,87.35909366607666,1745968458.377,87.35909366607666,1745968458.377,87.35909366607666,1745968458.377,87.35909366607666
1745968458.638,87.62045741081238,1745968458.638,87.62045741081238,1745968458.638,87.62045741081238,1745968458.638,87.62045741081238
1745968458.914,87.89588212966919,1745968458.914,87.89588212966919,1745968458.914,87.89588212966919,1745968458.914,87.89588212966919
1745968459.159,88.14107775688171,1745968459.159,88.14107775688171,1745968459.159,88.14202618598938,1745968459.16,88.14202618598938
1745968459.421,88.40330934524536,1745968459.421,88.40330934524536,1745968459.421,88.40330934524536,1745968459.421,88.40330934524536
1745968459.685,88.66707110404968,1745968459.685,88.66707110404968,1745968459.685,88.66707110404968,1745968459.685,88.66707110404968
1745968459.932,88.91466331481934,1745968459.932,88.91466331481934,1745968459.932,88.91466331481934,1745968459.932,88.91466331481934
1745968460.196,89.1785409450531,1745968460.196,89.1785409450531,1745968460.196,89.1785409450531,1745968460.196,89.1785409450531
1745968460.444,89.42631912231445,1745968460.444,89.42631912231445,1745968460.444,89.42631912231445,1745968460.444,89.42631912231445
1745968460.708,89.69058990478516,1745968460.708,89.69058990478516,1745968460.708,89.69058990478516,1745968460.708,89.69058990478516
1745968460.956,89.93805980682373,1745968460.956,89.93805980682373,1745968460.956,89.93805980682373,1745968460.956,89.93805980682373
1745968461.217,90.19919157028198,1745968461.217,90.19919157028198,1745968461.217,90.19919157028198,1745968461.217,90.19919157028198
1745968461.482,90.4640941619873,1745968461.482,90.4640941619873,1745968461.482,90.4640941619873,1745968461.482,90.4640941619873
1745968461.746,90.72866487503052,1745968461.746,90.72866487503052,1745968461.746,90.72866487503052,1745968461.746,90.72866487503052
1745968462.009,90.99180912971497,1745968462.009,90.99180912971497,1745968462.009,90.99180912971497,1745968462.009,90.99180912971497
1745968462.286,91.26856064796448,1745968462.286,91.26856064796448,1745968462.286,91.26856064796448,1745968462.286,91.26856064796448
1745968462.534,91.51625776290894,1745968462.534,91.51625776290894,1745968462.534,91.51625776290894,1745968462.534,91.51625776290894
1745968462.797,91.77919149398804,1745968462.797,91.77919149398804,1745968462.797,91.77919149398804,1745968462.797,91.77919149398804
1745968463.062,92.04414916038513,1745968463.062,92.04414916038513,1745968463.062,92.04414916038513,1745968463.062,92.04414916038513
1745968463.325,92.30737948417664,1745968463.325,92.30737948417664,1745968463.325,92.30737948417664,1745968463.325,92.30737948417664
1745968463.589,92.57152581214905,1745968463.589,92.57152581214905,1745968463.589,92.57152581214905,1745968463.589,92.57152581214905
1745968463.843,92.82498455047607,1745968463.843,92.82498455047607,1745968463.843,92.82498455047607,1745968463.843,92.82498455047607
1745968464.099,93.08175349235535,1745968464.099,93.08175349235535,1745968464.099,93.08175349235535,1745968464.099,93.08175349235535
1745968464.347,93.32918620109558,1745968464.347,93.32918620109558,1745968464.347,93.32918620109558,1745968464.347,93.32918620109558
1745968464.614,93.59614181518555,1745968464.614,93.59614181518555,1745968464.614,93.59614181518555,1745968464.614,93.59614181518555
1745968464.865,93.8469033241272,1745968464.865,93.8469033241272,1745968464.865,93.8469033241272,1745968464.865,93.8469033241272
1745968465.126,94.1080710887909,1745968465.126,94.1080710887909,1745968465.126,94.1080710887909,1745968465.126,94.1080710887909
1745968465.391,94.3732283115387,1745968465.391,94.3732283115387,1745968465.391,94.3732283115387,1745968465.391,94.3732283115387
1745968465.654,94.63626456260681,1745968465.654,94.63626456260681,1745968465.654,94.63626456260681,1745968465.654,94.63626456260681
1745968465.917,94.89893770217896,1745968465.917,94.89893770217896,1745968465.917,94.89893770217896,1745968465.917,94.89893770217896
1745968466.18,95.16203212738037,1745968466.18,95.16203212738037,1745968466.18,95.16203212738037,1745968466.18,95.16203212738037
1745968466.444,95.42672920227051,1745968466.444,95.42672920227051,1745968466.444,95.42672920227051,1745968466.444,95.42672920227051
1745968466.707,95.689044713974,1745968466.707,95.689044713974,1745968466.707,95.689044713974,1745968466.707,95.689044713974
1745968466.955,95.93692564964294,1745968466.955,95.93692564964294,1745968466.955,95.93692564964294,1745968466.955,95.93692564964294
1745968467.217,96.19933199882507,1745968467.217,96.19933199882507,1745968467.217,96.19933199882507,1745968467.217,96.19933199882507
1745968467.48,96.46200919151306,1745968467.48,96.46200919151306,1745968467.48,96.46200919151306,1745968467.48,96.46200919151306
1745968467.757,96.73929762840271,1745968467.757,96.73929762840271,1745968467.757,96.73929762840271,1745968467.757,96.73929762840271
1745968468.004,96.9859972000122,1745968468.004,96.9859972000122,1745968468.004,96.9859972000122,1745968468.004,96.9859972000122
1745968468.267,97.24908185005188,1745968468.267,97.24908185005188,1745968468.267,97.24908185005188,1745968468.267,97.24908185005188
1745968468.513,97.49565768241882,1745968468.513,97.49565768241882,1745968468.513,97.49565768241882,1745968468.513,97.49565768241882
1745968468.761,97.74365186691284,1745968468.761,97.74365186691284,1745968468.761,97.74365186691284,1745968468.761,97.74365186691284
1745968469.038,98.02045154571533,1745968469.038,98.02045154571533,1745968469.038,98.02045154571533,1745968469.038,98.02045154571533
1745968469.287,98.26906394958496,1745968469.287,98.26906394958496,1745968469.287,98.26906394958496,1745968469.287,98.26906394958496
1745968469.536,98.51798844337463,1745968469.536,98.51798844337463,1745968469.536,98.51798844337463,1745968469.536,98.51798844337463
1745968469.783,98.7653820514679,1745968469.783,98.7653820514679,1745968469.783,98.7653820514679,1745968469.783,98.7653820514679
1745968470.047,99.02970004081726,1745968470.047,99.02970004081726,1745968470.047,99.02970004081726,1745968470.047,99.02970004081726
1745968470.309,99.29090332984924,1745968470.309,99.29090332984924,1745968470.309,99.29090332984924,1745968470.309,99.29090332984924
1745968470.575,99.55700898170471,1745968470.575,99.55700898170471,1745968470.575,99.55700898170471,1745968470.575,99.55700898170471
1745968470.836,99.81880164146423,1745968470.836,99.81880164146423,1745968470.836,99.81880164146423,1745968470.836,99.81880164146423
1745968471.1,100.08215570449829,1745968471.1,100.08215570449829,1745968471.1,100.08215570449829,1745968471.1,100.08215570449829
1745968471.362,100.34417676925659,1745968471.362,100.34417676925659,1745968471.362,100.34417676925659,1745968471.362,100.34417676925659
1745968471.624,100.60667896270752,1745968471.624,100.60667896270752,1745968471.624,100.60667896270752,1745968471.624,100.60667896270752
1745968471.884,100.8663489818573,1745968471.884,100.8663489818573,1745968471.884,100.8663489818573,1745968471.884,100.8663489818573
1745968472.143,101.12534666061401,1745968472.143,101.12534666061401,1745968472.143,101.12534666061401,1745968472.143,101.12534666061401
1745968472.39,101.37265181541443,1745968472.39,101.37265181541443,1745968472.39,101.37265181541443,1745968472.39,101.37265181541443
1745968472.655,101.637136220932,1745968472.655,101.637136220932,1745968472.655,101.637136220932,1745968472.655,101.637136220932
1745968472.902,101.8846275806427,1745968472.902,101.8846275806427,1745968472.902,101.8846275806427,1745968472.902,101.8846275806427
1745968473.151,102.13335132598877,1745968473.151,102.13335132598877,1745968473.151,102.13335132598877,1745968473.151,102.13335132598877
1745968473.4,102.38273906707764,1745968473.4,102.38273906707764,1745968473.4,102.38273906707764,1745968473.4,102.38273906707764
1745968473.661,102.64304065704346,1745968473.661,102.64304065704346,1745968473.661,102.64304065704346,1745968473.661,102.64304065704346
1745968473.908,102.8904128074646,1745968473.908,102.8904128074646,1745968473.908,102.8904128074646,1745968473.908,102.8904128074646
1745968474.173,103.15529727935791,1745968474.173,103.15529727935791,1745968474.173,103.15529727935791,1745968474.173,103.15529727935791
1745968474.437,103.41932511329651,1745968474.437,103.41932511329651,1745968474.437,103.41932511329651,1745968474.437,103.41932511329651
1745968474.701,103.68302965164185,1745968474.701,103.68302965164185,1745968474.701,103.68302965164185,1745968474.701,103.68302965164185
1745968474.962,103.94471168518066,1745968474.962,103.94471168518066,1745968474.962,103.94471168518066,1745968474.962,103.94471168518066
1745968475.225,104.20722913742065,1745968475.225,104.20722913742065,1745968475.225,104.20722913742065,1745968475.225,104.20722913742065
1745968475.473,104.4551215171814,1745968475.473,104.4551215171814,1745968475.473,104.4551215171814,1745968475.473,104.4551215171814
1745968475.736,104.71798276901245,1745968475.736,104.71798276901245,1745968475.736,104.71798276901245,1745968475.736,104.71798276901245
1745968475.985,104.96728277206421,1745968475.985,104.96728277206421,1745968475.985,104.96728277206421,1745968475.985,104.96728277206421
1745968476.231,105.21296858787537,1745968476.231,105.21296858787537,1745968476.231,105.21296858787537,1745968476.231,105.21296858787537
1745968476.506,105.48854398727417,1745968476.506,105.48854398727417,1745968476.506,105.48854398727417,1745968476.506,105.48854398727417
1745968476.755,105.73733949661255,1745968476.755,105.73733949661255,1745968476.755,105.73733949661255,1745968476.755,105.73733949661255
1745968476.997,105.98009157180786,1745968476.998,105.98009157180786,1745968476.998,105.98009157180786,1745968476.998,105.98009157180786
1745968477.242,106.22451424598694,1745968477.242,106.22451424598694,1745968477.242,106.22451424598694,1745968477.242,106.22451424598694
1745968477.5,106.4824161529541,1745968477.5,106.4824161529541,1745968477.5,106.4824161529541,1745968477.5,106.4824161529541
1745968477.764,106.74637293815613,1745968477.764,106.74637293815613,1745968477.764,106.74637293815613,1745968477.764,106.74637293815613
1745968478.01,106.99188876152039,1745968478.01,106.99188876152039,1745968478.01,106.99188876152039,1745968478.01,106.99188876152039
1745968478.272,107.25469946861267,1745968478.272,107.25469946861267,1745968478.272,107.25469946861267,1745968478.272,107.25469946861267
1745968478.535,107.5178005695343,1745968478.535,107.5178005695343,1745968478.535,107.5178005695343,1745968478.535,107.5178005695343
1745968478.783,107.76528429985046,1745968478.783,107.76528429985046,1745968478.783,107.76528429985046,1745968478.783,107.76528429985046
1745968479.019,108.00115394592285,1745968479.019,108.00115394592285,1745968479.019,108.00115394592285,1745968479.019,108.00115394592285
1745968479.261,108.24373197555542,1745968479.261,108.24373197555542,1745968479.261,108.24373197555542,1745968479.261,108.24373197555542
1745968479.51,108.49234390258789,1745968479.51,108.49234390258789,1745968479.51,108.49234390258789,1745968479.51,108.49234390258789
1745968479.79,108.77187442779541,1745968479.79,108.77187442779541,1745968479.79,108.77187442779541,1745968479.79,108.77187442779541
1745968480.028,109.00998568534851,1745968480.028,109.00998568534851,1745968480.028,109.00998568534851,1745968480.028,109.00998568534851
1745968480.278,109.26031970977783,1745968480.278,109.26031970977783,1745968480.278,109.26031970977783,1745968480.278,109.26031970977783
1745968480.547,109.52984309196472,1745968480.547,109.52984309196472,1745968480.547,109.52984309196472,1745968480.547,109.52984309196472
1745968480.811,109.79317879676819,1745968480.811,109.79317879676819,1745968480.811,109.79317879676819,1745968480.811,109.79317879676819
1745968481.074,110.05585646629333,1745968481.074,110.05585646629333,1745968481.074,110.05585646629333,1745968481.074,110.05585646629333
1745968481.338,110.31995487213135,1745968481.338,110.31995487213135,1745968481.338,110.31995487213135,1745968481.338,110.31995487213135
1745968481.615,110.59741878509521,1745968481.615,110.59741878509521,1745968481.615,110.59741878509521,1745968481.615,110.59741878509521
1745968481.876,110.8578851222992,1745968481.876,110.8578851222992,1745968481.876,110.8578851222992,1745968481.876,110.8578851222992
1745968482.138,111.1202278137207,1745968482.138,111.1202278137207,1745968482.138,111.1202278137207,1745968482.138,111.1202278137207
1745968482.4,111.38278484344482,1745968482.4,111.38278484344482,1745968482.4,111.38278484344482,1745968482.4,111.38278484344482
1745968482.661,111.6437304019928,1745968482.661,111.6437304019928,1745968482.661,111.6437304019928,1745968482.661,111.6437304019928
1745968482.907,111.88891315460205,1745968482.907,111.88891315460205,1745968482.907,111.88891315460205,1745968482.907,111.88891315460205
1745968483.17,112.15188574790955,1745968483.17,112.15188574790955,1745968483.17,112.15188574790955,1745968483.17,112.15188574790955
1745968483.434,112.41615176200867,1745968483.434,112.41615176200867,1745968483.434,112.41615176200867,1745968483.434,112.41615176200867
1745968483.699,112.68104147911072,1745968483.699,112.68104147911072,1745968483.699,112.68104147911072,1745968483.699,112.68104147911072
1745968483.976,112.95786666870117,1745968483.976,112.95786666870117,1745968483.976,112.95786666870117,1745968483.976,112.95786666870117
1745968484.223,113.2055594921112,1745968484.223,113.2055594921112,1745968484.223,113.2055594921112,1745968484.223,113.2055594921112
1745968484.471,113.45353412628174,1745968484.471,113.45353412628174,1745968484.471,113.45353412628174,1745968484.471,113.45353412628174
1745968484.731,113.71373319625854,1745968484.731,113.71373319625854,1745968484.731,113.71373319625854,1745968484.731,113.71373319625854
1745968484.996,113.9780752658844,1745968484.996,113.9780752658844,1745968484.996,113.9780752658844,1745968484.996,113.9780752658844
1745968485.245,114.22693729400635,1745968485.245,114.22693729400635,1745968485.245,114.22693729400635,1745968485.245,114.22693729400635
1745968485.508,114.49036145210266,1745968485.508,114.49036145210266,1745968485.508,114.49036145210266,1745968485.508,114.49036145210266
1745968485.771,114.75342917442322,1745968485.771,114.75342917442322,1745968485.771,114.75342917442322,1745968485.771,114.75342917442322
1745968486.036,115.01858401298523,1745968486.036,115.01858401298523,1745968486.036,115.01858401298523,1745968486.036,115.01858401298523
1745968486.283,115.2655200958252,1745968486.283,115.2655200958252,1745968486.283,115.2655200958252,1745968486.283,115.2655200958252
1745968486.545,115.52689290046692,1745968486.545,115.52689290046692,1745968486.545,115.52689290046692,1745968486.545,115.52689290046692
1745968486.809,115.79106044769287,1745968486.809,115.79106044769287,1745968486.809,115.79106044769287,1745968486.809,115.79106044769287
1745968487.084,116.0659875869751,1745968487.084,116.0659875869751,1745968487.084,116.0659875869751,1745968487.084,116.0659875869751
1745968487.347,116.3290331363678,1745968487.347,116.3290331363678,1745968487.347,116.3290331363678,1745968487.347,116.3290331363678
1745968487.594,116.57651162147522,1745968487.594,116.57651162147522,1745968487.594,116.57651162147522,1745968487.594,116.57651162147522
1745968487.842,116.82455468177795,1745968487.842,116.82455468177795,1745968487.842,116.82455468177795,1745968487.842,116.82455468177795
1745968488.105,117.08768725395203,1745968488.105,117.08768725395203,1745968488.105,117.08768725395203,1745968488.105,117.08768725395203
1745968488.383,117.36536288261414,1745968488.383,117.36536288261414,1745968488.383,117.36536288261414,1745968488.383,117.36536288261414
1745968488.644,117.62680506706238,1745968488.644,117.62680506706238,1745968488.644,117.62680506706238,1745968488.644,117.62680506706238
1745968488.906,117.88824820518494,1745968488.906,117.88824820518494,1745968488.906,117.88824820518494,1745968488.906,117.88824820518494
1745968489.168,118.15080881118774,1745968489.168,118.15080881118774,1745968489.168,118.15080881118774,1745968489.168,118.15080881118774
1745968489.418,118.40047574043274,1745968489.418,118.40047574043274,1745968489.418,118.40047574043274,1745968489.418,118.40047574043274
1745968489.695,118.67691326141357,1745968489.695,118.67691326141357,1745968489.695,118.67691326141357,1745968489.695,118.67691326141357
1745968489.958,118.94069981575012,1745968489.958,118.94069981575012,1745968489.958,118.94069981575012,1745968489.958,118.94069981575012
1745968490.197,119.17934274673462,1745968490.197,119.17934274673462,1745968490.197,119.17934274673462,1745968490.197,119.17934274673462
1745968490.434,119.41616559028625,1745968490.434,119.41616559028625,1745968490.434,119.41616559028625,1745968490.434,119.41616559028625
1745968490.7,119.68201303482056,1745968490.7,119.68201303482056,1745968490.7,119.68201303482056,1745968490.7,119.68201303482056
1745968490.964,119.94589757919312,1745968490.964,119.94589757919312,1745968490.964,119.94589757919312,1745968490.964,119.94589757919312
1745968491.226,120.20801758766174,1745968491.226,120.20801758766174,1745968491.226,120.20801758766174,1745968491.226,120.20801758766174
1745968491.485,120.46774983406067,1745968491.485,120.46774983406067,1745968491.485,120.46774983406067,1745968491.485,120.46774983406067
1745968491.748,120.73030161857605,1745968491.748,120.73030161857605,1745968491.748,120.73030161857605,1745968491.748,120.73030161857605
1745968492.011,120.99294996261597,1745968492.011,120.99294996261597,1745968492.011,120.99294996261597,1745968492.011,120.99294996261597
1745968492.276,121.25842070579529,1745968492.276,121.25842070579529,1745968492.276,121.25842070579529,1745968492.276,121.25842070579529
1745968492.537,121.51952910423279,1745968492.537,121.51952910423279,1745968492.537,121.51952910423279,1745968492.537,121.51952910423279
1745968492.785,121.7672667503357,1745968492.785,121.7672667503357,1745968492.785,121.7672667503357,1745968492.785,121.7672667503357
1745968493.031,122.01366114616394,1745968493.031,122.01366114616394,1745968493.031,122.01366114616394,1745968493.031,122.01366114616394
1745968493.292,122.27483081817627,1745968493.292,122.27483081817627,1745968493.292,122.27483081817627,1745968493.292,122.27483081817627
1745968493.556,122.53830909729004,1745968493.556,122.53830909729004,1745968493.556,122.53830909729004,1745968493.556,122.53830909729004
1745968493.819,122.80087852478027,1745968493.819,122.80087852478027,1745968493.819,122.80087852478027,1745968493.819,122.80087852478027
1745968494.08,123.06247138977051,1745968494.08,123.06247138977051,1745968494.08,123.06247138977051,1745968494.08,123.06247138977051
1745968494.343,123.32529067993164,1745968494.343,123.32529067993164,1745968494.343,123.32529067993164,1745968494.343,123.32529067993164
1745968494.591,123.57285809516907,1745968494.591,123.57285809516907,1745968494.591,123.57285809516907,1745968494.591,123.57285809516907
1745968494.853,123.83494400978088,1745968494.853,123.83494400978088,1745968494.853,123.83494400978088,1745968494.853,123.83494400978088
1745968495.098,124.07987546920776,1745968495.098,124.07987546920776,1745968495.098,124.07987546920776,1745968495.098,124.07987546920776
1745968495.344,124.32612299919128,1745968495.344,124.32612299919128,1745968495.344,124.32612299919128,1745968495.344,124.32612299919128
1745968495.605,124.58780717849731,1745968495.605,124.58780717849731,1745968495.605,124.58780717849731,1745968495.605,124.58780717849731
1745968495.853,124.83548069000244,1745968495.853,124.83548069000244,1745968495.853,124.83548069000244,1745968495.853,124.83548069000244
1745968496.132,125.11418628692627,1745968496.132,125.11418628692627,1745968496.132,125.11418628692627,1745968496.132,125.11418628692627
1745968496.394,125.37649965286255,1745968496.394,125.37649965286255,1745968496.394,125.37649965286255,1745968496.394,125.37649965286255
1745968496.659,125.641530752182,1745968496.659,125.641530752182,1745968496.659,125.641530752182,1745968496.659,125.641530752182
1745968496.923,125.90575170516968,1745968496.923,125.90575170516968,1745968496.923,125.90575170516968,1745968496.923,125.90575170516968
1745968497.184,126.16646313667297,1745968497.184,126.16646313667297,1745968497.184,126.16646313667297,1745968497.184,126.16646313667297
1745968497.461,126.44304203987122,1745968497.461,126.44304203987122,1745968497.461,126.44304203987122,1745968497.461,126.44304203987122
1745968497.707,126.6892077922821,1745968497.707,126.6892077922821,1745968497.707,126.6892077922821,1745968497.707,126.6892077922821
1745968497.972,126.95398044586182,1745968497.972,126.95398044586182,1745968497.972,126.95398044586182,1745968497.972,126.95398044586182
1745968498.219,127.20144653320312,1745968498.219,127.20144653320312,1745968498.219,127.20144653320312,1745968498.219,127.20144653320312
1745968498.47,127.45220184326172,1745968498.47,127.45220184326172,1745968498.47,127.45220184326172,1745968498.47,127.45220184326172
1745968498.736,127.7179102897644,1745968498.736,127.7179102897644,1745968498.736,127.7179102897644,1745968498.736,127.7179102897644
1745968498.997,127.97957491874695,1745968498.997,127.97957491874695,1745968498.997,127.97957491874695,1745968498.997,127.97957491874695
1745968499.258,128.24080967903137,1745968499.258,128.24080967903137,1745968499.258,128.24080967903137,1745968499.258,128.24080967903137
1745968499.522,128.50401258468628,1745968499.522,128.50401258468628,1745968499.522,128.50401258468628,1745968499.522,128.50401258468628
1745968499.77,128.75250816345215,1745968499.77,128.75250816345215,1745968499.77,128.75250816345215,1745968499.77,128.75250816345215
1745968500.033,129.01513409614563,1745968500.033,129.01513409614563,1745968500.033,129.01513409614563,1745968500.033,129.01513409614563
1745968500.281,129.26366424560547,1745968500.281,129.26366424560547,1745968500.281,129.26366424560547,1745968500.281,129.26366424560547
1745968500.545,129.52762365341187,1745968500.545,129.52762365341187,1745968500.545,129.52762365341187,1745968500.545,129.52762365341187
1745968500.793,129.77493834495544,1745968500.793,129.77493834495544,1745968500.793,129.77493834495544,1745968500.793,129.77493834495544
1745968501.069,130.05119514465332,1745968501.069,130.05119514465332,1745968501.069,130.05119514465332,1745968501.069,130.05119514465332
1745968501.318,130.30032324790955,1745968501.318,130.30032324790955,1745968501.318,130.30032324790955,1745968501.318,130.30032324790955
1745968501.581,130.56324219703674,1745968501.581,130.56324219703674,1745968501.581,130.56324219703674,1745968501.581,130.56324219703674
1745968501.813,130.795068025589,1745968501.813,130.795068025589,1745968501.813,130.795068025589,1745968501.813,130.795068025589
1745968502.073,131.05499601364136,1745968502.073,131.05499601364136,1745968502.073,131.05499601364136,1745968502.073,131.05499601364136
1745968502.34,131.3219051361084,1745968502.34,131.3219051361084,1745968502.34,131.3219051361084,1745968502.34,131.3219051361084
1745968502.608,131.59006428718567,1745968502.608,131.59006428718567,1745968502.608,131.5911021232605,1745968502.609,131.5911021232605
1745968502.877,131.8593771457672,1745968502.877,131.8593771457672,1745968502.877,131.8593771457672,1745968502.877,131.8593771457672
1745968503.14,132.12232041358948,1745968503.14,132.12232041358948,1745968503.14,132.12232041358948,1745968503.14,132.12232041358948
1745968503.406,132.3883092403412,1745968503.406,132.3883092403412,1745968503.406,132.3883092403412,1745968503.406,132.3883092403412
1745968503.669,132.65110731124878,1745968503.669,132.65110731124878,1745968503.669,132.65110731124878,1745968503.669,132.65110731124878
1745968503.933,132.91551566123962,1745968503.933,132.91551566123962,1745968503.933,132.91551566123962,1745968503.933,132.91551566123962
1745968504.21,133.1926908493042,1745968504.21,133.1926908493042,1745968504.21,133.1926908493042,1745968504.21,133.1926908493042
1745968504.442,133.42477321624756,1745968504.442,133.42477321624756,1745968504.442,133.42477321624756,1745968504.442,133.42477321624756
1745968504.69,133.67206573486328,1745968504.69,133.67206573486328,1745968504.69,133.67206573486328,1745968504.69,133.67206573486328
1745968504.95,133.93185591697693,1745968504.95,133.93185591697693,1745968504.95,133.93185591697693,1745968504.95,133.93185591697693
1745968505.197,134.17972707748413,1745968505.197,134.17972707748413,1745968505.197,134.17972707748413,1745968505.197,134.17972707748413
1745968505.46,134.44249510765076,1745968505.46,134.44249510765076,1745968505.46,134.44249510765076,1745968505.46,134.44249510765076
1745968505.697,134.679829120636,1745968505.697,134.679829120636,1745968505.697,134.679829120636,1745968505.697,134.679829120636
1745968505.97,134.95279169082642,1745968505.97,134.95279169082642,1745968505.97,134.95279169082642,1745968505.97,134.95279169082642
1745968506.235,135.21712136268616,1745968506.235,135.21712136268616,1745968506.235,135.21712136268616,1745968506.235,135.21712136268616
1745968506.498,135.48074746131897,1745968506.498,135.48074746131897,1745968506.498,135.48074746131897,1745968506.498,135.48074746131897
1745968506.762,135.74405598640442,1745968506.762,135.74405598640442,1745968506.762,135.74405598640442,1745968506.762,135.74405598640442
1745968507.039,136.0213165283203,1745968507.039,136.0213165283203,1745968507.039,136.0213165283203,1745968507.039,136.0213165283203
1745968507.287,136.2692768573761,1745968507.287,136.2692768573761,1745968507.287,136.2692768573761,1745968507.287,136.2692768573761
1745968507.536,136.51794481277466,1745968507.536,136.51794481277466,1745968507.536,136.51794481277466,1745968507.536,136.51794481277466
1745968507.797,136.7793731689453,1745968507.797,136.7793731689453,1745968507.797,136.7793731689453,1745968507.797,136.7793731689453
1745968508.058,137.04075264930725,1745968508.058,137.04075264930725,1745968508.058,137.04075264930725,1745968508.058,137.04075264930725
1745968508.322,137.3046886920929,1745968508.322,137.3046886920929,1745968508.322,137.3046886920929,1745968508.322,137.3046886920929
1745968508.599,137.58123016357422,1745968508.599,137.58123016357422,1745968508.599,137.58123016357422,1745968508.599,137.58123016357422
1745968508.848,137.83023738861084,1745968508.848,137.83023738861084,1745968508.848,137.83023738861084,1745968508.848,137.83023738861084
1745968509.112,138.0945761203766,1745968509.112,138.0945761203766,1745968509.112,138.0945761203766,1745968509.112,138.0945761203766
1745968509.376,138.35821795463562,1745968509.376,138.35821795463562,1745968509.376,138.35821795463562,1745968509.376,138.35821795463562
1745968509.639,138.62090682983398,1745968509.639,138.62090682983398,1745968509.639,138.62090682983398,1745968509.639,138.62090682983398
1745968509.885,138.86712503433228,1745968509.885,138.86712503433228,1745968509.885,138.86712503433228,1745968509.885,138.86712503433228
1745968510.162,139.14397382736206,1745968510.162,139.14397382736206,1745968510.162,139.14397382736206,1745968510.162,139.14397382736206
1745968510.426,139.40818285942078,1745968510.426,139.40818285942078,1745968510.426,139.40818285942078,1745968510.426,139.40818285942078
1745968510.688,139.6699526309967,1745968510.688,139.6699526309967,1745968510.688,139.6699526309967,1745968510.688,139.6699526309967
1745968510.948,139.93059992790222,1745968510.948,139.93059992790222,1745968510.948,139.93059992790222,1745968510.948,139.93059992790222
1745968511.226,140.20790934562683,1745968511.226,140.20790934562683,1745968511.226,140.20790934562683,1745968511.226,140.20790934562683
1745968511.474,140.45602440834045,1745968511.474,140.45602440834045,1745968511.474,140.45602440834045,1745968511.474,140.45602440834045
1745968511.736,140.71829771995544,1745968511.736,140.71829771995544,1745968511.736,140.71829771995544,1745968511.736,140.71829771995544
1745968511.986,140.96841549873352,1745968511.986,140.96841549873352,1745968511.986,140.96841549873352,1745968511.986,140.96841549873352
1745968512.25,141.23200297355652,1745968512.25,141.23200297355652,1745968512.25,141.23200297355652,1745968512.25,141.23200297355652
1745968512.487,141.46921944618225,1745968512.487,141.46921944618225,1745968512.487,141.46921944618225,1745968512.487,141.46921944618225
1745968512.744,141.72644352912903,1745968512.744,141.72644352912903,1745968512.744,141.72644352912903,1745968512.744,141.72644352912903
1745968513.009,141.99129843711853,1745968513.009,141.99129843711853,1745968513.009,141.99129843711853,1745968513.009,141.99129843711853
1745968513.256,142.23816108703613,1745968513.256,142.23816108703613,1745968513.256,142.23816108703613,1745968513.256,142.23816108703613
1745968513.505,142.48723554611206,1745968513.505,142.48723554611206,1745968513.505,142.48723554611206,1745968513.505,142.48723554611206
1745968513.74,142.72245621681213,1745968513.74,142.72245621681213,1745968513.74,142.72245621681213,1745968513.74,142.72245621681213
1745968513.983,142.9653217792511,1745968513.983,142.9653217792511,1745968513.983,142.9653217792511,1745968513.983,142.9653217792511
1745968514.247,143.22928977012634,1745968514.247,143.22928977012634,1745968514.247,143.22928977012634,1745968514.247,143.22928977012634
1745968514.493,143.47550559043884,1745968514.493,143.47550559043884,1745968514.493,143.47550559043884,1745968514.493,143.47550559043884
1745968514.747,143.72935104370117,1745968514.747,143.72935104370117,1745968514.747,143.72935104370117,1745968514.747,143.72935104370117
1745968515.018,143.99993896484375,1745968515.018,143.99993896484375,1745968515.018,143.99993896484375,1745968515.018,143.99993896484375
1745968515.267,144.2491056919098,1745968515.267,144.2491056919098,1745968515.267,144.2491056919098,1745968515.267,144.2491056919098
1745968515.514,144.49612712860107,1745968515.514,144.49612712860107,1745968515.514,144.49612712860107,1745968515.514,144.49612712860107
1745968515.763,144.7453486919403,1745968515.763,144.7453486919403,1745968515.763,144.7453486919403,1745968515.763,144.7453486919403
1745968516.037,145.01893281936646,1745968516.037,145.01893281936646,1745968516.037,145.01893281936646,1745968516.037,145.01893281936646
1745968516.287,145.26959562301636,1745968516.287,145.26959562301636,1745968516.287,145.26959562301636,1745968516.287,145.26959562301636
1745968516.527,145.50948071479797,1745968516.527,145.50948071479797,1745968516.527,145.50948071479797,1745968516.527,145.50948071479797
1745968516.766,145.7483868598938,1745968516.766,145.7483868598938,1745968516.766,145.7483868598938,1745968516.766,145.7483868598938
1745968517.026,146.0088369846344,1745968517.026,146.0088369846344,1745968517.026,146.0088369846344,1745968517.026,146.0088369846344
1745968517.29,146.27283644676208,1745968517.29,146.27283644676208,1745968517.29,146.27283644676208,1745968517.29,146.27283644676208
1745968517.538,146.52083802223206,1745968517.538,146.52083802223206,1745968517.538,146.52083802223206,1745968517.538,146.52083802223206
1745968517.775,146.75784182548523,1745968517.775,146.75784182548523,1745968517.775,146.75784182548523,1745968517.775,146.75784182548523
1745968518.033,147.01531314849854,1745968518.033,147.01531314849854,1745968518.033,147.01531314849854,1745968518.033,147.01531314849854
1745968518.28,147.2627398967743,1745968518.28,147.2627398967743,1745968518.28,147.2627398967743,1745968518.28,147.2627398967743
1745968518.541,147.5237066745758,1745968518.541,147.5237066745758,1745968518.541,147.5237066745758,1745968518.541,147.5237066745758
1745968518.792,147.7747664451599,1745968518.792,147.7747664451599,1745968518.792,147.7747664451599,1745968518.792,147.7747664451599
1745968519.067,148.04914689064026,1745968519.067,148.04914689064026,1745968519.067,148.04914689064026,1745968519.067,148.04914689064026
1745968519.332,148.31414604187012,1745968519.332,148.31414604187012,1745968519.332,148.31414604187012,1745968519.332,148.31414604187012
1745968519.569,148.55115151405334,1745968519.569,148.55115151405334,1745968519.569,148.55115151405334,1745968519.569,148.55115151405334
1745968519.815,148.7971522808075,1745968519.815,148.7971522808075,1745968519.815,148.7971522808075,1745968519.815,148.7971522808075
1745968520.075,149.05784702301025,1745968520.075,149.05784702301025,1745968520.075,149.05784702301025,1745968520.075,149.05784702301025
1745968520.327,149.30984663963318,1745968520.327,149.30984663963318,1745968520.327,149.30984663963318,1745968520.327,149.30984663963318
1745968520.558,149.540846824646,1745968520.558,149.540846824646,1745968520.558,149.540846824646,1745968520.558,149.540846824646
