timestamp,time,timestamp6,time2,timestamp2,time3,timestamp3,time9
1745970366.526,0.04300093650817871,1745970366.526,0.04300093650817871,1745970366.526,0.04300093650817871,1745970366.526,0.04300093650817871
1745970366.802,0.3189997673034668,1745970366.802,0.3189997673034668,1745970366.802,0.3189997673034668,1745970366.802,0.3189997673034668
1745970367.048,0.5649991035461426,1745970367.048,0.5649991035461426,1745970367.048,0.5649991035461426,1745970367.048,0.5649991035461426
1745970367.299,0.8159995079040527,1745970367.299,0.8159995079040527,1745970367.299,0.8159995079040527,1745970367.299,0.8159995079040527
1745970367.564,1.0809991359710693,1745970367.564,1.0809991359710693,1745970367.564,1.0809991359710693,1745970367.564,1.0809991359710693
1745970367.828,1.3449981212615967,1745970367.828,1.3449981212615967,1745970367.828,1.3449981212615967,1745970367.828,1.3449981212615967
1745970368.092,1.6090030670166016,1745970368.092,1.6090030670166016,1745970368.092,1.6090030670166016,1745970368.092,1.6090030670166016
1745970368.354,1.8707387447357178,1745970368.354,1.8707387447357178,1745970368.354,1.8707387447357178,1745970368.354,1.8707387447357178
1745970368.619,2.136136770248413,1745970368.619,2.136136770248413,1745970368.619,2.136136770248413,1745970368.619,2.136136770248413
1745970368.899,2.4162487983703613,1745970368.899,2.4162487983703613,1745970368.899,2.4162487983703613,1745970368.899,2.4162487983703613
1745970369.162,2.6796441078186035,1745970369.162,2.6796441078186035,1745970369.162,2.6796441078186035,1745970369.162,2.6796441078186035
1745970369.428,2.9453840255737305,1745970369.428,2.9453840255737305,1745970369.428,2.9453840255737305,1745970369.428,2.9453840255737305
1745970369.693,3.2098727226257324,1745970369.693,3.2098727226257324,1745970369.693,3.2098727226257324,1745970369.693,3.2098727226257324
1745970369.957,3.4741146564483643,1745970369.957,3.4741146564483643,1745970369.957,3.4741146564483643,1745970369.957,3.4741146564483643
1745970370.223,3.7396533489227295,1745970370.223,3.7396533489227295,1745970370.223,3.7396533489227295,1745970370.223,3.7396533489227295
1745970370.47,3.98720645904541,1745970370.47,3.98720645904541,1745970370.47,3.98720645904541,1745970370.47,3.98720645904541
1745970370.718,4.234882831573486,1745970370.718,4.234882831573486,1745970370.718,4.234882831573486,1745970370.718,4.234882831573486
1745970370.977,4.494256496429443,1745970370.977,4.494256496429443,1745970370.977,4.494256496429443,1745970370.977,4.494256496429443
1745970371.239,4.756597518920898,1745970371.239,4.756597518920898,1745970371.239,4.756597518920898,1745970371.239,4.756597518920898
1745970371.486,5.003644943237305,1745970371.486,5.003644943237305,1745970371.486,5.003644943237305,1745970371.486,5.003644943237305
1745970371.754,5.271202802658081,1745970371.754,5.271202802658081,1745970371.754,5.271202802658081,1745970371.754,5.271202802658081
1745970372.003,5.520020484924316,1745970372.003,5.520020484924316,1745970372.003,5.520020484924316,1745970372.003,5.520020484924316
1745970372.253,5.770238161087036,1745970372.253,5.770238161087036,1745970372.253,5.770238161087036,1745970372.253,5.770238161087036
1745970372.501,6.01842737197876,1745970372.501,6.01842737197876,1745970372.501,6.01842737197876,1745970372.501,6.01842737197876
1745970372.763,6.280293703079224,1745970372.763,6.280293703079224,1745970372.763,6.280293703079224,1745970372.763,6.280293703079224
1745970373.013,6.529756784439087,1745970373.013,6.529756784439087,1745970373.013,6.529756784439087,1745970373.013,6.529756784439087
1745970373.275,6.791656732559204,1745970373.275,6.791656732559204,1745970373.275,6.791656732559204,1745970373.275,6.791656732559204
1745970373.517,7.034155607223511,1745970373.517,7.034155607223511,1745970373.517,7.034155607223511,1745970373.517,7.034155607223511
1745970373.785,7.301970958709717,1745970373.785,7.301970958709717,1745970373.785,7.301970958709717,1745970373.785,7.301970958709717
1745970374.032,7.548903942108154,1745970374.032,7.548903942108154,1745970374.032,7.548903942108154,1745970374.032,7.548903942108154
1745970374.281,7.797964334487915,1745970374.281,7.797964334487915,1745970374.281,7.797964334487915,1745970374.281,7.797964334487915
1745970374.532,8.049424171447754,1745970374.532,8.049424171447754,1745970374.532,8.049424171447754,1745970374.532,8.049424171447754
1745970374.804,8.320994853973389,1745970374.804,8.320994853973389,1745970374.804,8.320994853973389,1745970374.804,8.320994853973389
1745970375.067,8.584092378616333,1745970375.067,8.584092378616333,1745970375.067,8.584092378616333,1745970375.067,8.584092378616333
1745970375.33,8.846882343292236,1745970375.33,8.846882343292236,1745970375.33,8.846882343292236,1745970375.33,8.846882343292236
1745970375.557,9.073769807815552,1745970375.557,9.073769807815552,1745970375.557,9.073769807815552,1745970375.557,9.073769807815552
1745970375.828,9.345010042190552,1745970375.828,9.345010042190552,1745970375.828,9.345010042190552,1745970375.828,9.345010042190552
1745970376.091,9.608043909072876,1745970376.091,9.608043909072876,1745970376.091,9.608043909072876,1745970376.091,9.608043909072876
1745970376.358,9.874707221984863,1745970376.358,9.874707221984863,1745970376.358,9.874707221984863,1745970376.358,9.874707221984863
1745970376.622,10.139214515686035,1745970376.622,10.139214515686035,1745970376.622,10.139214515686035,1745970376.622,10.139214515686035
1745970376.872,10.38952088356018,1745970376.872,10.38952088356018,1745970376.872,10.38952088356018,1745970376.872,10.38952088356018
1745970377.136,10.652810096740723,1745970377.136,10.652810096740723,1745970377.136,10.652810096740723,1745970377.136,10.652810096740723
1745970377.385,10.902092218399048,1745970377.385,10.902092218399048,1745970377.385,10.902092218399048,1745970377.385,10.902092218399048
1745970377.662,11.179292917251587,1745970377.662,11.179292917251587,1745970377.662,11.179292917251587,1745970377.662,11.179292917251587
1745970377.926,11.44275951385498,1745970377.926,11.44275951385498,1745970377.926,11.44275951385498,1745970377.926,11.44275951385498
1745970378.19,11.707052946090698,1745970378.19,11.707052946090698,1745970378.19,11.707052946090698,1745970378.19,11.707052946090698
1745970378.454,11.971026182174683,1745970378.454,11.971026182174683,1745970378.454,11.971026182174683,1745970378.454,11.971026182174683
1745970378.715,12.232429504394531,1745970378.715,12.232429504394531,1745970378.715,12.232429504394531,1745970378.715,12.232429504394531
1745970378.978,12.494895458221436,1745970378.978,12.494895458221436,1745970378.978,12.494895458221436,1745970378.978,12.494895458221436
1745970379.227,12.744024753570557,1745970379.227,12.744024753570557,1745970379.227,12.744024753570557,1745970379.227,12.744024753570557
1745970379.474,12.99125075340271,1745970379.474,12.99125075340271,1745970379.474,12.99125075340271,1745970379.474,12.99125075340271
1745970379.722,13.238938570022583,1745970379.722,13.238938570022583,1745970379.722,13.238938570022583,1745970379.722,13.238938570022583
1745970379.986,13.502767324447632,1745970379.986,13.502767324447632,1745970379.986,13.502767324447632,1745970379.986,13.502767324447632
1745970380.236,13.753243923187256,1745970380.236,13.753243923187256,1745970380.236,13.753243923187256,1745970380.236,13.753243923187256
1745970380.499,14.015846252441406,1745970380.499,14.015846252441406,1745970380.499,14.015846252441406,1745970380.499,14.015846252441406
1745970380.761,14.278379201889038,1745970380.761,14.278379201889038,1745970380.761,14.278379201889038,1745970380.761,14.278379201889038
1745970381.025,14.542019844055176,1745970381.025,14.542019844055176,1745970381.025,14.542019844055176,1745970381.025,14.542019844055176
1745970381.302,14.81945252418518,1745970381.302,14.81945252418518,1745970381.302,14.81945252418518,1745970381.302,14.81945252418518
1745970381.559,15.076557397842407,1745970381.559,15.076557397842407,1745970381.559,15.076557397842407,1745970381.559,15.076557397842407
1745970381.824,15.341582536697388,1745970381.824,15.341582536697388,1745970381.824,15.341582536697388,1745970381.824,15.341582536697388
1745970382.087,15.604593753814697,1745970382.087,15.604593753814697,1745970382.087,15.604593753814697,1745970382.087,15.604593753814697
1745970382.364,15.881540536880493,1745970382.364,15.881540536880493,1745970382.364,15.881540536880493,1745970382.364,15.881540536880493
1745970382.608,16.12555456161499,1745970382.608,16.12555456161499,1745970382.608,16.12555456161499,1745970382.608,16.12555456161499
1745970382.874,16.391547203063965,1745970382.874,16.391547203063965,1745970382.874,16.391547203063965,1745970382.874,16.391547203063965
1745970383.122,16.639514207839966,1745970383.122,16.639514207839966,1745970383.122,16.639514207839966,1745970383.122,16.639514207839966
1745970383.374,16.891550064086914,1745970383.374,16.891550064086914,1745970383.374,16.891550064086914,1745970383.374,16.891550064086914
1745970383.624,17.141515731811523,1745970383.624,17.141515731811523,1745970383.624,17.141515731811523,1745970383.624,17.141515731811523
1745970383.892,17.409045457839966,1745970383.892,17.409045457839966,1745970383.892,17.409045457839966,1745970383.892,17.409045457839966
1745970384.151,17.668354272842407,1745970384.151,17.668354272842407,1745970384.151,17.668354272842407,1745970384.151,17.668354272842407
1745970384.418,17.93562340736389,1745970384.418,17.93562340736389,1745970384.418,17.93562340736389,1745970384.418,17.93562340736389
1745970384.682,18.19937801361084,1745970384.682,18.19937801361084,1745970384.682,18.19937801361084,1745970384.682,18.19937801361084
1745970384.961,18.478392124176025,1745970384.961,18.478392124176025,1745970384.961,18.478392124176025,1745970384.961,18.478392124176025
1745970385.225,18.741998195648193,1745970385.225,18.741998195648193,1745970385.225,18.741998195648193,1745970385.225,18.741998195648193
1745970385.473,18.99000096321106,1745970385.473,18.99000096321106,1745970385.473,18.99000096321106,1745970385.473,18.99000096321106
1745970385.723,19.23984456062317,1745970385.723,19.23984456062317,1745970385.723,19.23984456062317,1745970385.723,19.23984456062317
1745970385.984,19.501564264297485,1745970385.984,19.501564264297485,1745970385.984,19.501564264297485,1745970385.984,19.501564264297485
1745970386.247,19.76457953453064,1745970386.247,19.76457953453064,1745970386.247,19.76457953453064,1745970386.247,19.76457953453064
1745970386.512,20.02898406982422,1745970386.512,20.02898406982422,1745970386.512,20.02898406982422,1745970386.512,20.02898406982422
1745970386.787,20.303922653198242,1745970386.787,20.303922653198242,1745970386.787,20.303922653198242,1745970386.787,20.303922653198242
1745970387.049,20.56603693962097,1745970387.049,20.56603693962097,1745970387.049,20.56603693962097,1745970387.049,20.56603693962097
1745970387.314,20.831320762634277,1745970387.314,20.831320762634277,1745970387.314,20.831320762634277,1745970387.314,20.831320762634277
1745970387.576,21.093374252319336,1745970387.576,21.093374252319336,1745970387.576,21.093374252319336,1745970387.576,21.093374252319336
1745970387.837,21.353952884674072,1745970387.837,21.353952884674072,1745970387.837,21.353952884674072,1745970387.837,21.353952884674072
1745970388.1,21.617233514785767,1745970388.1,21.617233514785767,1745970388.1,21.617233514785767,1745970388.1,21.617233514785767
1745970388.364,21.88092803955078,1745970388.364,21.88092803955078,1745970388.364,21.88092803955078,1745970388.364,21.88092803955078
1745970388.612,22.129069566726685,1745970388.612,22.129069566726685,1745970388.612,22.129069566726685,1745970388.612,22.129069566726685
1745970388.872,22.389136791229248,1745970388.872,22.389136791229248,1745970388.872,22.389136791229248,1745970388.872,22.389136791229248
1745970389.132,22.649583339691162,1745970389.132,22.649583339691162,1745970389.132,22.649583339691162,1745970389.132,22.649583339691162
1745970389.378,22.895235061645508,1745970389.378,22.895235061645508,1745970389.378,22.895235061645508,1745970389.378,22.895235061645508
1745970389.608,23.124855279922485,1745970389.608,23.124855279922485,1745970389.608,23.124855279922485,1745970389.608,23.124855279922485
1745970389.868,23.385031938552856,1745970389.868,23.385031938552856,1745970389.868,23.385031938552856,1745970389.868,23.385031938552856
1745970390.129,23.64606261253357,1745970390.129,23.64606261253357,1745970390.129,23.64606261253357,1745970390.129,23.64606261253357
1745970390.389,23.90567970275879,1745970390.389,23.90567970275879,1745970390.389,23.90567970275879,1745970390.389,23.90567970275879
1745970390.659,24.176599740982056,1745970390.659,24.176599740982056,1745970390.659,24.176599740982056,1745970390.659,24.176599740982056
1745970390.905,24.422311544418335,1745970390.905,24.422311544418335,1745970390.905,24.422311544418335,1745970390.905,24.422311544418335
1745970391.167,24.683719396591187,1745970391.167,24.683719396591187,1745970391.167,24.683719396591187,1745970391.167,24.683719396591187
1745970391.444,24.96095061302185,1745970391.444,24.96095061302185,1745970391.444,24.96095061302185,1745970391.444,24.96095061302185
1745970391.703,25.220558404922485,1745970391.703,25.220558404922485,1745970391.703,25.220558404922485,1745970391.703,25.220558404922485
1745970391.95,25.46709656715393,1745970391.95,25.46709656715393,1745970391.95,25.46709656715393,1745970391.95,25.46709656715393
1745970392.2,25.717122793197632,1745970392.2,25.717122793197632,1745970392.2,25.717122793197632,1745970392.2,25.717122793197632
1745970392.463,25.979963779449463,1745970392.463,25.979963779449463,1745970392.463,25.979963779449463,1745970392.463,25.979963779449463
1745970392.728,26.245176792144775,1745970392.728,26.245176792144775,1745970392.728,26.245176792144775,1745970392.728,26.245176792144775
1745970392.988,26.50521969795227,1745970392.988,26.50521969795227,1745970392.988,26.50521969795227,1745970392.988,26.50521969795227
1745970393.249,26.76647448539734,1745970393.249,26.76647448539734,1745970393.249,26.76647448539734,1745970393.249,26.76647448539734
1745970393.479,26.996147394180298,1745970393.479,26.996147394180298,1745970393.479,26.996147394180298,1745970393.479,26.996147394180298
1745970393.732,27.249074459075928,1745970393.732,27.249074459075928,1745970393.732,27.249074459075928,1745970393.732,27.249074459075928
1745970393.989,27.50570583343506,1745970393.989,27.50570583343506,1745970393.989,27.50570583343506,1745970393.989,27.50570583343506
1745970394.25,27.767035722732544,1745970394.25,27.767035722732544,1745970394.25,27.767035722732544,1745970394.25,27.767035722732544
1745970394.513,28.02999234199524,1745970394.513,28.02999234199524,1745970394.513,28.02999234199524,1745970394.513,28.02999234199524
1745970394.775,28.292146682739258,1745970394.775,28.292146682739258,1745970394.775,28.292146682739258,1745970394.775,28.292146682739258
1745970395.039,28.555870532989502,1745970395.039,28.555870532989502,1745970395.039,28.555870532989502,1745970395.039,28.555870532989502
1745970395.3,28.81735873222351,1745970395.3,28.81735873222351,1745970395.3,28.81735873222351,1745970395.3,28.81735873222351
1745970395.551,29.06801438331604,1745970395.551,29.06801438331604,1745970395.551,29.06801438331604,1745970395.551,29.06801438331604
1745970395.797,29.314083337783813,1745970395.797,29.314083337783813,1745970395.797,29.314083337783813,1745970395.797,29.314083337783813
1745970396.06,29.576892852783203,1745970396.06,29.576892852783203,1745970396.06,29.576892852783203,1745970396.06,29.576892852783203
1745970396.323,29.840031623840332,1745970396.323,29.840031623840332,1745970396.323,29.840031623840332,1745970396.323,29.840031623840332
1745970396.601,30.117820739746094,1745970396.601,30.117820739746094,1745970396.601,30.117820739746094,1745970396.601,30.117820739746094
1745970396.848,30.365089178085327,1745970396.848,30.365089178085327,1745970396.848,30.365089178085327,1745970396.848,30.365089178085327
1745970397.096,30.613114833831787,1745970397.096,30.613114833831787,1745970397.096,30.613114833831787,1745970397.096,30.613114833831787
1745970397.361,30.87812328338623,1745970397.361,30.87812328338623,1745970397.361,30.87812328338623,1745970397.361,30.87812328338623
1745970397.608,31.12548017501831,1745970397.608,31.12548017501831,1745970397.608,31.12548017501831,1745970397.608,31.12548017501831
1745970397.874,31.39089560508728,1745970397.874,31.39089560508728,1745970397.874,31.39089560508728,1745970397.874,31.39089560508728
1745970398.122,31.639628171920776,1745970398.122,31.639628171920776,1745970398.122,31.639628171920776,1745970398.122,31.639628171920776
1745970398.368,31.88484764099121,1745970398.368,31.88484764099121,1745970398.368,31.88484764099121,1745970398.368,31.88484764099121
1745970398.63,32.1474974155426,1745970398.63,32.1474974155426,1745970398.63,32.1474974155426,1745970398.63,32.1474974155426
1745970398.879,32.39635348320007,1745970398.879,32.39635348320007,1745970398.879,32.39635348320007,1745970398.879,32.39635348320007
1745970399.142,32.6590416431427,1745970399.142,32.6590416431427,1745970399.142,32.6590416431427,1745970399.142,32.6590416431427
1745970399.404,32.920918703079224,1745970399.404,32.920918703079224,1745970399.404,32.920918703079224,1745970399.404,32.920918703079224
1745970399.667,33.18414807319641,1745970399.667,33.18414807319641,1745970399.667,33.18414807319641,1745970399.667,33.18414807319641
1745970399.928,33.44469928741455,1745970399.928,33.44469928741455,1745970399.928,33.44469928741455,1745970399.928,33.44469928741455
1745970400.194,33.71082425117493,1745970400.194,33.71082425117493,1745970400.194,33.71082425117493,1745970400.194,33.71082425117493
1745970400.456,33.97322058677673,1745970400.456,33.97322058677673,1745970400.456,33.97322058677673,1745970400.456,33.97322058677673
1745970400.705,34.22203278541565,1745970400.705,34.22203278541565,1745970400.705,34.22203278541565,1745970400.705,34.22203278541565
1745970400.969,34.48611307144165,1745970400.969,34.48611307144165,1745970400.969,34.48611307144165,1745970400.969,34.48611307144165
1745970401.218,34.735291481018066,1745970401.218,34.735291481018066,1745970401.218,34.735291481018066,1745970401.218,34.735291481018066
1745970401.482,34.99901509284973,1745970401.482,34.99901509284973,1745970401.482,34.99901509284973,1745970401.482,34.99901509284973
1745970401.746,35.26285982131958,1745970401.746,35.26285982131958,1745970401.746,35.26285982131958,1745970401.746,35.26285982131958
1745970402.023,35.54058790206909,1745970402.023,35.54058790206909,1745970402.023,35.54058790206909,1745970402.023,35.54058790206909
1745970402.272,35.78895688056946,1745970402.272,35.78895688056946,1745970402.272,35.78895688056946,1745970402.272,35.78895688056946
1745970402.521,36.038060426712036,1745970402.521,36.038060426712036,1745970402.521,36.038060426712036,1745970402.521,36.038060426712036
1745970402.769,36.28576350212097,1745970402.769,36.28576350212097,1745970402.769,36.28576350212097,1745970402.769,36.28576350212097
1745970403.015,36.53192758560181,1745970403.015,36.53192758560181,1745970403.015,36.53192758560181,1745970403.015,36.53192758560181
1745970403.263,36.780059576034546,1745970403.263,36.780059576034546,1745970403.263,36.780059576034546,1745970403.263,36.780059576034546
1745970403.527,37.04434132575989,1745970403.527,37.04434132575989,1745970403.527,37.04434132575989,1745970403.527,37.04434132575989
1745970403.776,37.2931604385376,1745970403.776,37.2931604385376,1745970403.776,37.2931604385376,1745970403.776,37.2931604385376
1745970404.04,37.556697368621826,1745970404.04,37.556697368621826,1745970404.04,37.556697368621826,1745970404.04,37.556697368621826
1745970404.304,37.82075333595276,1745970404.304,37.82075333595276,1745970404.304,37.82075333595276,1745970404.304,37.82075333595276
1745970404.552,38.069143295288086,1745970404.552,38.069143295288086,1745970404.552,38.069143295288086,1745970404.552,38.069143295288086
1745970404.816,38.33287715911865,1745970404.816,38.33287715911865,1745970404.816,38.33287715911865,1745970404.816,38.33287715911865
1745970405.063,38.58020830154419,1745970405.063,38.58020830154419,1745970405.063,38.58020830154419,1745970405.063,38.58020830154419
1745970405.325,38.84189963340759,1745970405.325,38.84189963340759,1745970405.325,38.84189963340759,1745970405.325,38.84189963340759
1745970405.589,39.105708360672,1745970405.589,39.105708360672,1745970405.589,39.105708360672,1745970405.589,39.105708360672
1745970405.866,39.382888317108154,1745970405.866,39.382888317108154,1745970405.866,39.382888317108154,1745970405.866,39.382888317108154
1745970406.13,39.64703178405762,1745970406.13,39.64703178405762,1745970406.13,39.64703178405762,1745970406.13,39.64703178405762
1745970406.392,39.90943384170532,1745970406.392,39.90943384170532,1745970406.392,39.90943384170532,1745970406.392,39.90943384170532
1745970406.641,40.158034563064575,1745970406.641,40.158034563064575,1745970406.641,40.158034563064575,1745970406.641,40.158034563064575
1745970406.891,40.40848398208618,1745970406.891,40.40848398208618,1745970406.891,40.40848398208618,1745970406.891,40.40848398208618
1745970407.155,40.67190361022949,1745970407.155,40.67190361022949,1745970407.155,40.67190361022949,1745970407.155,40.67190361022949
1745970407.403,40.9198362827301,1745970407.403,40.9198362827301,1745970407.403,40.9198362827301,1745970407.403,40.9198362827301
1745970407.666,41.18302893638611,1745970407.666,41.18302893638611,1745970407.666,41.18302893638611,1745970407.666,41.18302893638611
1745970407.929,41.44654679298401,1745970407.929,41.44654679298401,1745970407.929,41.44654679298401,1745970407.929,41.44654679298401
1745970408.194,41.71094107627869,1745970408.194,41.71094107627869,1745970408.194,41.71094107627869,1745970408.194,41.71094107627869
1745970408.441,41.957770347595215,1745970408.441,41.957770347595215,1745970408.441,41.957770347595215,1745970408.441,41.957770347595215
1745970408.704,42.220887184143066,1745970408.704,42.220887184143066,1745970408.704,42.220887184143066,1745970408.704,42.220887184143066
1745970408.953,42.47018909454346,1745970408.953,42.47018909454346,1745970408.953,42.47018909454346,1745970408.953,42.47018909454346
1745970409.185,42.701793909072876,1745970409.185,42.701793909072876,1745970409.185,42.701793909072876,1745970409.185,42.701793909072876
1745970409.446,42.96333074569702,1745970409.446,42.96333074569702,1745970409.446,42.96333074569702,1745970409.446,42.96333074569702
1745970409.709,43.22650337219238,1745970409.709,43.22650337219238,1745970409.709,43.22650337219238,1745970409.709,43.22650337219238
1745970409.944,43.46120262145996,1745970409.944,43.46120262145996,1745970409.944,43.46120262145996,1745970409.944,43.46120262145996
1745970410.203,43.720545291900635,1745970410.203,43.720545291900635,1745970410.203,43.720545291900635,1745970410.203,43.720545291900635
1745970410.452,43.96932768821716,1745970410.452,43.96932768821716,1745970410.452,43.96932768821716,1745970410.452,43.96932768821716
1745970410.714,44.23097109794617,1745970410.714,44.23097109794617,1745970410.714,44.23097109794617,1745970410.714,44.23097109794617
1745970410.976,44.49337077140808,1745970410.976,44.49337077140808,1745970410.976,44.49337077140808,1745970410.976,44.49337077140808
1745970411.236,44.753267765045166,1745970411.236,44.753267765045166,1745970411.236,44.753267765045166,1745970411.236,44.753267765045166
1745970411.497,45.01447129249573,1745970411.497,45.01447129249573,1745970411.497,45.01447129249573,1745970411.497,45.01447129249573
1745970411.773,45.289743423461914,1745970411.773,45.289743423461914,1745970411.773,45.289743423461914,1745970411.773,45.289743423461914
1745970412.016,45.53330183029175,1745970412.016,45.53330183029175,1745970412.016,45.53330183029175,1745970412.016,45.53330183029175
1745970412.276,45.79288339614868,1745970412.276,45.79288339614868,1745970412.276,45.79288339614868,1745970412.276,45.79288339614868
1745970412.548,46.0656259059906,1745970412.548,46.0656259059906,1745970412.548,46.0656259059906,1745970412.548,46.0656259059906
1745970412.81,46.32714867591858,1745970412.81,46.32714867591858,1745970412.81,46.32714867591858,1745970412.81,46.32714867591858
1745970413.069,46.58621001243591,1745970413.069,46.58621001243591,1745970413.069,46.58621001243591,1745970413.069,46.58621001243591
1745970413.328,46.84542226791382,1745970413.328,46.84542226791382,1745970413.328,46.84542226791382,1745970413.328,46.84542226791382
1745970413.59,47.10670232772827,1745970413.59,47.10670232772827,1745970413.59,47.10670232772827,1745970413.59,47.10670232772827
1745970413.853,47.3701696395874,1745970413.853,47.3701696395874,1745970413.853,47.3701696395874,1745970413.853,47.3701696395874
1745970414.13,47.64690828323364,1745970414.13,47.64690828323364,1745970414.13,47.64690828323364,1745970414.13,47.64690828323364
1745970414.393,47.91017174720764,1745970414.393,47.91017174720764,1745970414.393,47.91017174720764,1745970414.393,47.91017174720764
1745970414.654,48.1708607673645,1745970414.654,48.1708607673645,1745970414.654,48.1708607673645,1745970414.654,48.1708607673645
1745970414.916,48.43298625946045,1745970414.916,48.43298625946045,1745970414.916,48.43298625946045,1745970414.916,48.43298625946045
1745970415.181,48.69845724105835,1745970415.181,48.69845724105835,1745970415.181,48.69845724105835,1745970415.181,48.69845724105835
1745970415.446,48.96289920806885,1745970415.446,48.96289920806885,1745970415.446,48.96289920806885,1745970415.446,48.96289920806885
1745970415.709,49.2263445854187,1745970415.709,49.2263445854187,1745970415.709,49.2263445854187,1745970415.709,49.2263445854187
1745970415.97,49.48702383041382,1745970415.97,49.48702383041382,1745970415.97,49.48702383041382,1745970415.97,49.48702383041382
1745970416.215,49.7323682308197,1745970416.215,49.7323682308197,1745970416.215,49.7323682308197,1745970416.215,49.7323682308197
1745970416.479,49.99622392654419,1745970416.479,49.99622392654419,1745970416.479,49.99622392654419,1745970416.479,49.99622392654419
1745970416.728,50.245078563690186,1745970416.728,50.245078563690186,1745970416.728,50.245078563690186,1745970416.728,50.245078563690186
1745970416.993,50.50991773605347,1745970416.993,50.50991773605347,1745970416.993,50.50991773605347,1745970416.993,50.50991773605347
1745970417.241,50.75804090499878,1745970417.241,50.75804090499878,1745970417.241,50.75804090499878,1745970417.241,50.75804090499878
1745970417.503,51.01992440223694,1745970417.503,51.01992440223694,1745970417.503,51.01992440223694,1745970417.503,51.01992440223694
1745970417.769,51.28602838516235,1745970417.769,51.28602838516235,1745970417.769,51.28602838516235,1745970417.769,51.28602838516235
1745970418.016,51.533642292022705,1745970418.016,51.533642292022705,1745970418.016,51.533642292022705,1745970418.016,51.533642292022705
1745970418.28,51.79691529273987,1745970418.28,51.79691529273987,1745970418.28,51.79691529273987,1745970418.28,51.79691529273987
1745970418.527,52.04387927055359,1745970418.527,52.04387927055359,1745970418.527,52.04387927055359,1745970418.527,52.04387927055359
1745970418.79,52.30704045295715,1745970418.79,52.30704045295715,1745970418.79,52.30704045295715,1745970418.79,52.30704045295715
1745970419.028,52.54550647735596,1745970419.028,52.54550647735596,1745970419.028,52.54550647735596,1745970419.028,52.54550647735596
1745970419.266,52.7835648059845,1745970419.266,52.7835648059845,1745970419.266,52.7835648059845,1745970419.266,52.7835648059845
1745970419.529,53.04583954811096,1745970419.529,53.04583954811096,1745970419.529,53.04583954811096,1745970419.529,53.04583954811096
1745970419.78,53.29681873321533,1745970419.78,53.29681873321533,1745970419.78,53.29681873321533,1745970419.78,53.29681873321533
1745970420.028,53.54486060142517,1745970420.028,53.54486060142517,1745970420.028,53.54486060142517,1745970420.028,53.54486060142517
1745970420.261,53.77819228172302,1745970420.261,53.77819228172302,1745970420.261,53.77819228172302,1745970420.261,53.77819228172302
1745970420.537,54.053712606430054,1745970420.537,54.053712606430054,1745970420.537,54.053712606430054,1745970420.537,54.053712606430054
1745970420.797,54.31371235847473,1745970420.797,54.31371235847473,1745970420.797,54.31371235847473,1745970420.797,54.31371235847473
1745970421.06,54.57696080207825,1745970421.06,54.57696080207825,1745970421.06,54.57696080207825,1745970421.06,54.57696080207825
1745970421.32,54.83764123916626,1745970421.32,54.83764123916626,1745970421.32,54.83764123916626,1745970421.32,54.83764123916626
1745970421.567,55.08390665054321,1745970421.567,55.08390665054321,1745970421.567,55.08390665054321,1745970421.567,55.08390665054321
1745970421.828,55.345088481903076,1745970421.828,55.345088481903076,1745970421.828,55.345088481903076,1745970421.828,55.345088481903076
1745970422.059,55.57650804519653,1745970422.059,55.57650804519653,1745970422.059,55.57650804519653,1745970422.059,55.57650804519653
1745970422.321,55.83858323097229,1745970422.321,55.83858323097229,1745970422.321,55.83858323097229,1745970422.321,55.83858323097229
1745970422.576,56.09272384643555,1745970422.576,56.09272384643555,1745970422.576,56.09272384643555,1745970422.576,56.09272384643555
1745970422.834,56.35075902938843,1745970422.834,56.35075902938843,1745970422.834,56.35075902938843,1745970422.834,56.35075902938843
1745970423.065,56.58198142051697,1745970423.065,56.58198142051697,1745970423.065,56.58198142051697,1745970423.065,56.58198142051697
1745970423.328,56.84550166130066,1745970423.328,56.84550166130066,1745970423.328,56.84550166130066,1745970423.328,56.84550166130066
1745970423.592,57.108832359313965,1745970423.592,57.108832359313965,1745970423.592,57.108832359313965,1745970423.592,57.108832359313965
1745970423.838,57.35495138168335,1745970423.838,57.35495138168335,1745970423.838,57.35495138168335,1745970423.838,57.35495138168335
1745970424.089,57.60709762573242,1745970424.09,57.60709762573242,1745970424.09,57.60709762573242,1745970424.09,57.60709762573242
1745970424.349,57.866106033325195,1745970424.349,57.866106033325195,1745970424.349,57.866106033325195,1745970424.349,57.866106033325195
1745970424.609,58.12582015991211,1745970424.609,58.12582015991211,1745970424.609,58.12582015991211,1745970424.609,58.12582015991211
1745970424.854,58.37066912651062,1745970424.854,58.37066912651062,1745970424.854,58.37066912651062,1745970424.854,58.37066912651062
1745970425.106,58.6231644153595,1745970425.106,58.6231644153595,1745970425.106,58.6231644153595,1745970425.106,58.6231644153595
1745970425.369,58.88595509529114,1745970425.369,58.88595509529114,1745970425.369,58.88595509529114,1745970425.369,58.88595509529114
1745970425.614,59.13092875480652,1745970425.614,59.13092875480652,1745970425.614,59.13092875480652,1745970425.614,59.13092875480652
1745970425.878,59.3956503868103,1745970425.878,59.3956503868103,1745970425.878,59.3956503868103,1745970425.878,59.3956503868103
1745970426.11,59.62754416465759,1745970426.11,59.62754416465759,1745970426.11,59.62754416465759,1745970426.11,59.62754416465759
1745970426.371,59.88827347755432,1745970426.371,59.88827347755432,1745970426.371,59.88827347755432,1745970426.371,59.88827347755432
1745970426.633,60.150503396987915,1745970426.633,60.150503396987915,1745970426.633,60.150503396987915,1745970426.633,60.150503396987915
1745970426.895,60.41239333152771,1745970426.895,60.41239333152771,1745970426.895,60.41239333152771,1745970426.895,60.41239333152771
1745970427.144,60.66070532798767,1745970427.144,60.66070532798767,1745970427.144,60.66070532798767,1745970427.144,60.66070532798767
1745970427.395,60.91228914260864,1745970427.395,60.91228914260864,1745970427.395,60.91228914260864,1745970427.395,60.91228914260864
1745970427.642,61.15898823738098,1745970427.642,61.15898823738098,1745970427.642,61.15898823738098,1745970427.642,61.15898823738098
1745970427.891,61.408589363098145,1745970427.891,61.408589363098145,1745970427.891,61.408589363098145,1745970427.891,61.408589363098145
1745970428.139,61.65572428703308,1745970428.139,61.65572428703308,1745970428.139,61.65572428703308,1745970428.139,61.65572428703308
1745970428.402,61.91893553733826,1745970428.402,61.91893553733826,1745970428.402,61.91893553733826,1745970428.402,61.91893553733826
1745970428.652,62.16870880126953,1745970428.652,62.16870880126953,1745970428.652,62.16870880126953,1745970428.652,62.16870880126953
1745970428.928,62.4449782371521,1745970428.928,62.4449782371521,1745970428.928,62.4449782371521,1745970428.928,62.4449782371521
1745970429.175,62.69231700897217,1745970429.175,62.69231700897217,1745970429.175,62.69231700897217,1745970429.175,62.69231700897217
1745970429.437,62.9539840221405,1745970429.437,62.9539840221405,1745970429.437,62.9539840221405,1745970429.437,62.9539840221405
1745970429.699,63.216379165649414,1745970429.699,63.216379165649414,1745970429.699,63.216379165649414,1745970429.699,63.216379165649414
1745970429.962,63.47886872291565,1745970429.962,63.47886872291565,1745970429.962,63.47886872291565,1745970429.962,63.47886872291565
1745970430.183,63.70034623146057,1745970430.183,63.70034623146057,1745970430.183,63.70034623146057,1745970430.183,63.70034623146057
1745970430.455,63.97259712219238,1745970430.455,63.97259712219238,1745970430.455,63.97259712219238,1745970430.455,63.97259712219238
1745970430.718,64.23485898971558,1745970430.718,64.23485898971558,1745970430.718,64.23485898971558,1745970430.718,64.23485898971558
1745970430.981,64.49814319610596,1745970430.981,64.49814319610596,1745970430.981,64.49814319610596,1745970430.981,64.49814319610596
1745970431.247,64.7640266418457,1745970431.247,64.7640266418457,1745970431.247,64.7640266418457,1745970431.247,64.7640266418457
1745970431.509,65.0257318019867,1745970431.509,65.0257318019867,1745970431.509,65.0257318019867,1745970431.509,65.0257318019867
1745970431.739,65.25585341453552,1745970431.739,65.25585341453552,1745970431.739,65.25585341453552,1745970431.739,65.25585341453552
1745970432.001,65.51859426498413,1745970432.001,65.51859426498413,1745970432.001,65.51859426498413,1745970432.001,65.51859426498413
1745970432.265,65.78228998184204,1745970432.265,65.78228998184204,1745970432.265,65.78228998184204,1745970432.265,65.78228998184204
1745970432.528,66.04556202888489,1745970432.528,66.04556202888489,1745970432.528,66.04556202888489,1745970432.528,66.04556202888489
1745970432.792,66.30931949615479,1745970432.792,66.30931949615479,1745970432.792,66.30931949615479,1745970432.792,66.30931949615479
1745970433.07,66.58709359169006,1745970433.07,66.58709359169006,1745970433.07,66.58709359169006,1745970433.07,66.58709359169006
1745970433.32,66.83695244789124,1745970433.32,66.83695244789124,1745970433.32,66.83695244789124,1745970433.32,66.83695244789124
1745970433.583,67.10019302368164,1745970433.583,67.10019302368164,1745970433.583,67.10019302368164,1745970433.583,67.10019302368164
1745970433.846,67.36314225196838,1745970433.846,67.36314225196838,1745970433.846,67.36314225196838,1745970433.846,67.36314225196838
1745970434.107,67.62460088729858,1745970434.107,67.62460088729858,1745970434.107,67.62460088729858,1745970434.107,67.62460088729858
1745970434.355,67.8717930316925,1745970434.355,67.8717930316925,1745970434.355,67.8717930316925,1745970434.355,67.8717930316925
1745970434.629,68.1457884311676,1745970434.629,68.1457884311676,1745970434.629,68.1457884311676,1745970434.629,68.1457884311676
1745970434.89,68.40680718421936,1745970434.89,68.40680718421936,1745970434.89,68.40680718421936,1745970434.89,68.40680718421936
1745970435.135,68.65261554718018,1745970435.135,68.65261554718018,1745970435.135,68.65261554718018,1745970435.135,68.65261554718018
1745970435.412,68.92922878265381,1745970435.412,68.92922878265381,1745970435.412,68.92922878265381,1745970435.412,68.92922878265381
1745970435.66,69.17666983604431,1745970435.66,69.17666983604431,1745970435.66,69.17666983604431,1745970435.66,69.17666983604431
1745970435.918,69.43469142913818,1745970435.918,69.43469142913818,1745970435.918,69.43469142913818,1745970435.918,69.43469142913818
1745970436.194,69.71152853965759,1745970436.194,69.71152853965759,1745970436.194,69.71152853965759,1745970436.194,69.71152853965759
1745970436.453,69.96970891952515,1745970436.453,69.96970891952515,1745970436.453,69.96970891952515,1745970436.453,69.96970891952515
1745970436.717,70.2341296672821,1745970436.717,70.2341296672821,1745970436.717,70.2341296672821,1745970436.717,70.2341296672821
1745970436.991,70.50827956199646,1745970436.991,70.50827956199646,1745970436.991,70.50827956199646,1745970436.991,70.50827956199646
1745970437.255,70.77210235595703,1745970437.255,70.77210235595703,1745970437.255,70.77210235595703,1745970437.255,70.77210235595703
1745970437.505,71.02209186553955,1745970437.505,71.02209186553955,1745970437.505,71.02209186553955,1745970437.505,71.02209186553955
1745970437.77,71.28720927238464,1745970437.77,71.28720927238464,1745970437.77,71.28720927238464,1745970437.77,71.28720927238464
1745970438.033,71.55050444602966,1745970438.033,71.55050444602966,1745970438.033,71.55050444602966,1745970438.033,71.55050444602966
1745970438.296,71.81352519989014,1745970438.296,71.81352519989014,1745970438.296,71.81352519989014,1745970438.296,71.81352519989014
1745970438.558,72.07495093345642,1745970438.558,72.07495093345642,1745970438.558,72.07495093345642,1745970438.558,72.07495093345642
1745970438.821,72.3377914428711,1745970438.821,72.3377914428711,1745970438.821,72.3377914428711,1745970438.821,72.3377914428711
1745970439.085,72.60201668739319,1745970439.085,72.60201668739319,1745970439.085,72.60201668739319,1745970439.085,72.60201668739319
1745970439.317,72.83407878875732,1745970439.317,72.83407878875732,1745970439.317,72.83407878875732,1745970439.317,72.83407878875732
1745970439.567,73.08405041694641,1745970439.567,73.08405041694641,1745970439.567,73.08405041694641,1745970439.567,73.08405041694641
1745970439.831,73.34817457199097,1745970439.831,73.34817457199097,1745970439.831,73.34817457199097,1745970439.831,73.34817457199097
1745970440.098,73.61547088623047,1745970440.098,73.61547088623047,1745970440.098,73.61547088623047,1745970440.098,73.61547088623047
1745970440.36,73.87704467773438,1745970440.36,73.87704467773438,1745970440.36,73.87704467773438,1745970440.36,73.87704467773438
1745970440.619,74.13604021072388,1745970440.619,74.13604021072388,1745970440.619,74.13604021072388,1745970440.619,74.13604021072388
1745970440.896,74.41306233406067,1745970440.896,74.41306233406067,1745970440.896,74.41306233406067,1745970440.896,74.41306233406067
