timestamp,time,timestamp6,time2,timestamp2,time3,timestamp3,time9
1745970478.073,0.045004844665527344,1745970478.073,0.045004844665527344,1745970478.073,0.045004844665527344,1745970478.073,0.045004844665527344
1745970478.332,0.3040347099304199,1745970478.332,0.3040347099304199,1745970478.332,0.3040347099304199,1745970478.332,0.3040347099304199
1745970478.595,0.5670599937438965,1745970478.595,0.5670599937438965,1745970478.595,0.5670599937438965,1745970478.595,0.5670599937438965
1745970478.844,0.8160419464111328,1745970478.844,0.8160419464111328,1745970478.844,0.8160419464111328,1745970478.844,0.8160419464111328
1745970479.106,1.0777478218078613,1745970479.106,1.0777478218078613,1745970479.106,1.0777478218078613,1745970479.106,1.0777478218078613
1745970479.37,1.3422083854675293,1745970479.37,1.3422083854675293,1745970479.37,1.3422083854675293,1745970479.37,1.3422083854675293
1745970479.619,1.5909779071807861,1745970479.619,1.5909779071807861,1745970479.619,1.5909779071807861,1745970479.619,1.5909779071807861
1745970479.896,1.8679418563842773,1745970479.896,1.8679418563842773,1745970479.896,1.8679418563842773,1745970479.896,1.8679418563842773
1745970480.146,2.1179866790771484,1745970480.146,2.1179866790771484,1745970480.146,2.1179866790771484,1745970480.146,2.1179866790771484
1745970480.394,2.3655619621276855,1745970480.394,2.3655619621276855,1745970480.394,2.3655619621276855,1745970480.394,2.3655619621276855
1745970480.653,2.6251959800720215,1745970480.653,2.6251959800720215,1745970480.653,2.6251959800720215,1745970480.653,2.6251959800720215
1745970480.901,2.8726298809051514,1745970480.901,2.8726298809051514,1745970480.901,2.8726298809051514,1745970480.901,2.8726298809051514
1745970481.162,3.134444236755371,1745970481.162,3.134444236755371,1745970481.162,3.134444236755371,1745970481.162,3.134444236755371
1745970481.426,3.3977103233337402,1745970481.426,3.3977103233337402,1745970481.426,3.3977103233337402,1745970481.426,3.3977103233337402
1745970481.689,3.6613125801086426,1745970481.689,3.6613125801086426,1745970481.689,3.6613125801086426,1745970481.689,3.6613125801086426
1745970481.95,3.9223499298095703,1745970481.95,3.9223499298095703,1745970481.95,3.9223499298095703,1745970481.95,3.9223499298095703
1745970482.19,4.161831378936768,1745970482.19,4.161831378936768,1745970482.19,4.161831378936768,1745970482.19,4.161831378936768
1745970482.459,4.430581092834473,1745970482.459,4.430581092834473,1745970482.459,4.430581092834473,1745970482.459,4.430581092834473
1745970482.718,4.690492868423462,1745970482.718,4.690492868423462,1745970482.718,4.690492868423462,1745970482.718,4.690492868423462
1745970482.981,4.953420639038086,1745970482.981,4.953420639038086,1745970482.981,4.953420639038086,1745970482.981,4.953420639038086
1745970483.245,5.216921806335449,1745970483.245,5.216921806335449,1745970483.245,5.216921806335449,1745970483.245,5.216921806335449
1745970483.507,5.47932767868042,1745970483.507,5.47932767868042,1745970483.507,5.47932767868042,1745970483.507,5.47932767868042
1745970483.769,5.741152048110962,1745970483.769,5.741152048110962,1745970483.769,5.741152048110962,1745970483.769,5.741152048110962
1745970484.017,5.988805770874023,1745970484.017,5.988805770874023,1745970484.017,5.988805770874023,1745970484.017,5.988805770874023
1745970484.28,6.252401351928711,1745970484.28,6.252401351928711,1745970484.28,6.252401351928711,1745970484.28,6.252401351928711
1745970484.542,6.514096736907959,1745970484.542,6.514096736907959,1745970484.542,6.514096736907959,1745970484.542,6.514096736907959
1745970484.801,6.773231506347656,1745970484.801,6.773231506347656,1745970484.801,6.773231506347656,1745970484.801,6.773231506347656
1745970485.063,7.034893751144409,1745970485.063,7.034893751144409,1745970485.063,7.034893751144409,1745970485.063,7.034893751144409
1745970485.324,7.296306371688843,1745970485.324,7.296306371688843,1745970485.324,7.296306371688843,1745970485.324,7.296306371688843
1745970485.599,7.571140289306641,1745970485.599,7.571140289306641,1745970485.599,7.571140289306641,1745970485.599,7.571140289306641
1745970485.864,7.836340427398682,1745970485.864,7.836340427398682,1745970485.864,7.836340427398682,1745970485.864,7.836340427398682
1745970486.128,8.1004798412323,1745970486.128,8.1004798412323,1745970486.128,8.1004798412323,1745970486.128,8.1004798412323
1745970486.392,8.363944292068481,1745970486.392,8.363944292068481,1745970486.392,8.363944292068481,1745970486.392,8.363944292068481
1745970486.656,8.627706050872803,1745970486.656,8.627706050872803,1745970486.656,8.627706050872803,1745970486.656,8.627706050872803
1745970486.903,8.874667167663574,1745970486.903,8.874667167663574,1745970486.903,8.874667167663574,1745970486.903,8.874667167663574
1745970487.178,9.149648666381836,1745970487.178,9.149648666381836,1745970487.178,9.149648666381836,1745970487.178,9.149648666381836
1745970487.441,9.412710428237915,1745970487.441,9.412710428237915,1745970487.441,9.412710428237915,1745970487.441,9.412710428237915
1745970487.704,9.676040410995483,1745970487.704,9.676040410995483,1745970487.704,9.676040410995483,1745970487.704,9.676040410995483
1745970487.966,9.9383864402771,1745970487.966,9.9383864402771,1745970487.966,9.9383864402771,1745970487.966,9.9383864402771
1745970488.221,10.193394184112549,1745970488.221,10.193394184112549,1745970488.221,10.193394184112549,1745970488.221,10.193394184112549
1745970488.463,10.434617757797241,1745970488.463,10.434617757797241,1745970488.463,10.434617757797241,1745970488.463,10.434617757797241
1745970488.739,10.710680961608887,1745970488.739,10.710680961608887,1745970488.739,10.710680961608887,1745970488.739,10.710680961608887
1745970488.999,10.971473455429077,1745970488.999,10.971473455429077,1745970488.999,10.971473455429077,1745970488.999,10.971473455429077
1745970489.232,11.204378366470337,1745970489.232,11.204378366470337,1745970489.232,11.204378366470337,1745970489.232,11.204378366470337
1745970489.508,11.479779720306396,1745970489.508,11.479779720306396,1745970489.508,11.479779720306396,1745970489.508,11.479779720306396
1745970489.757,11.729317665100098,1745970489.757,11.729317665100098,1745970489.757,11.729317665100098,1745970489.757,11.729317665100098
1745970490.005,11.977502346038818,1745970490.005,11.977502346038818,1745970490.005,11.977502346038818,1745970490.005,11.977502346038818
1745970490.24,12.212465047836304,1745970490.24,12.212465047836304,1745970490.24,12.212465047836304,1745970490.24,12.212465047836304
1745970490.501,12.47270917892456,1745970490.501,12.47270917892456,1745970490.501,12.47270917892456,1745970490.501,12.47270917892456
1745970490.765,12.73730206489563,1745970490.765,12.73730206489563,1745970490.765,12.73730206489563,1745970490.765,12.73730206489563
1745970491.03,13.001765727996826,1745970491.03,13.001765727996826,1745970491.03,13.001765727996826,1745970491.03,13.001765727996826
1745970491.291,13.263069152832031,1745970491.291,13.263069152832031,1745970491.291,13.263069152832031,1745970491.291,13.263069152832031
1745970491.555,13.526852369308472,1745970491.555,13.526852369308472,1745970491.555,13.526852369308472,1745970491.555,13.526852369308472
1745970491.819,13.791244745254517,1745970491.819,13.791244745254517,1745970491.819,13.791244745254517,1745970491.819,13.791244745254517
1745970492.068,14.039639234542847,1745970492.068,14.039639234542847,1745970492.068,14.039639234542847,1745970492.068,14.039639234542847
1745970492.328,14.300348281860352,1745970492.328,14.300348281860352,1745970492.328,14.300348281860352,1745970492.328,14.300348281860352
1745970492.591,14.562870502471924,1745970492.591,14.562870502471924,1745970492.591,14.562870502471924,1745970492.591,14.562870502471924
1745970492.856,14.827592611312866,1745970492.856,14.827592611312866,1745970492.856,14.827592611312866,1745970492.856,14.827592611312866
1745970493.121,15.09273099899292,1745970493.121,15.09273099899292,1745970493.121,15.09273099899292,1745970493.121,15.09273099899292
1745970493.353,15.325055837631226,1745970493.353,15.325055837631226,1745970493.353,15.325055837631226,1745970493.353,15.325055837631226
1745970493.633,15.604678630828857,1745970493.633,15.604678630828857,1745970493.633,15.604678630828857,1745970493.633,15.604678630828857
1745970493.866,15.838032007217407,1745970493.866,15.838032007217407,1745970493.867,15.838981866836548,1745970493.867,15.838981866836548
1745970494.13,16.102200031280518,1745970494.13,16.102200031280518,1745970494.13,16.102200031280518,1745970494.13,16.102200031280518
1745970494.379,16.351064920425415,1745970494.379,16.351064920425415,1745970494.379,16.351064920425415,1745970494.379,16.351064920425415
1745970494.643,16.6150643825531,1745970494.643,16.6150643825531,1745970494.643,16.6150643825531,1745970494.643,16.6150643825531
1745970494.891,16.8630633354187,1745970494.891,16.8630633354187,1745970494.891,16.8630633354187,1745970494.891,16.8630633354187
1745970495.152,17.12406277656555,1745970495.152,17.12406277656555,1745970495.152,17.12406277656555,1745970495.152,17.12406277656555
1745970495.418,17.390092134475708,1745970495.418,17.390092134475708,1745970495.418,17.390092134475708,1745970495.418,17.390092134475708
1745970495.694,17.666064262390137,1745970495.694,17.666064262390137,1745970495.694,17.666064262390137,1745970495.694,17.666064262390137
1745970495.958,17.930062532424927,1745970495.958,17.930062532424927,1745970495.958,17.930062532424927,1745970495.958,17.930062532424927
1745970496.192,18.164101123809814,1745970496.192,18.164101123809814,1745970496.192,18.164101123809814,1745970496.192,18.164101123809814
1745970496.447,18.41906189918518,1745970496.447,18.41906189918518,1745970496.447,18.41906189918518,1745970496.447,18.41906189918518
1745970496.695,18.667404651641846,1745970496.695,18.667404651641846,1745970496.695,18.667404651641846,1745970496.695,18.667404651641846
1745970496.957,18.929242849349976,1745970496.957,18.929242849349976,1745970496.957,18.929242849349976,1745970496.957,18.929242849349976
1745970497.192,19.16369080543518,1745970497.192,19.16369080543518,1745970497.192,19.16369080543518,1745970497.192,19.16369080543518
1745970497.452,19.42449426651001,1745970497.452,19.42449426651001,1745970497.452,19.42449426651001,1745970497.452,19.42449426651001
1745970497.715,19.686696767807007,1745970497.715,19.686696767807007,1745970497.715,19.686696767807007,1745970497.715,19.686696767807007
1745970497.992,19.964533805847168,1745970497.992,19.964533805847168,1745970497.992,19.964533805847168,1745970497.992,19.964533805847168
1745970498.239,20.210935354232788,1745970498.239,20.210935354232788,1745970498.239,20.210935354232788,1745970498.239,20.210935354232788
1745970498.499,20.471506118774414,1745970498.499,20.471506118774414,1745970498.499,20.471506118774414,1745970498.499,20.471506118774414
1745970498.763,20.734548568725586,1745970498.763,20.734548568725586,1745970498.763,20.734548568725586,1745970498.763,20.734548568725586
1745970499.038,21.0103919506073,1745970499.038,21.0103919506073,1745970499.038,21.0103919506073,1745970499.038,21.0103919506073
1745970499.286,21.25761365890503,1745970499.286,21.25761365890503,1745970499.286,21.25761365890503,1745970499.286,21.25761365890503
1745970499.532,21.504338264465332,1745970499.532,21.504338264465332,1745970499.532,21.504338264465332,1745970499.532,21.504338264465332
1745970499.794,21.76561450958252,1745970499.794,21.76561450958252,1745970499.794,21.76561450958252,1745970499.794,21.76561450958252
1745970500.069,22.041512966156006,1745970500.069,22.041512966156006,1745970500.069,22.041512966156006,1745970500.069,22.041512966156006
1745970500.322,22.294108390808105,1745970500.322,22.294108390808105,1745970500.322,22.294108390808105,1745970500.322,22.294108390808105
1745970500.593,22.565459489822388,1745970500.593,22.565459489822388,1745970500.593,22.565459489822388,1745970500.593,22.565459489822388
1745970500.854,22.826526880264282,1745970500.854,22.826526880264282,1745970500.854,22.826526880264282,1745970500.854,22.826526880264282
1745970501.131,23.10265016555786,1745970501.131,23.10265016555786,1745970501.131,23.10265016555786,1745970501.131,23.10265016555786
1745970501.379,23.351514101028442,1745970501.379,23.351514101028442,1745970501.379,23.351514101028442,1745970501.379,23.351514101028442
1745970501.639,23.611039638519287,1745970501.639,23.611039638519287,1745970501.639,23.611039638519287,1745970501.639,23.611039638519287
1745970501.902,23.873798608779907,1745970501.902,23.873798608779907,1745970501.902,23.873798608779907,1745970501.902,23.873798608779907
1745970502.164,24.136305809020996,1745970502.164,24.136305809020996,1745970502.164,24.136305809020996,1745970502.164,24.136305809020996
1745970502.41,24.382516622543335,1745970502.41,24.382516622543335,1745970502.41,24.382516622543335,1745970502.41,24.382516622543335
1745970502.671,24.64353919029236,1745970502.671,24.64353919029236,1745970502.671,24.64353919029236,1745970502.671,24.64353919029236
1745970502.92,24.892040491104126,1745970502.92,24.892040491104126,1745970502.92,24.892040491104126,1745970502.92,24.892040491104126
1745970503.167,25.138712406158447,1745970503.167,25.138712406158447,1745970503.167,25.138712406158447,1745970503.167,25.138712406158447
1745970503.43,25.40226149559021,1745970503.43,25.40226149559021,1745970503.43,25.40226149559021,1745970503.43,25.40226149559021
1745970503.694,25.666404962539673,1745970503.694,25.666404962539673,1745970503.694,25.666404962539673,1745970503.694,25.666404962539673
1745970503.944,25.916467905044556,1745970503.944,25.916467905044556,1745970503.944,25.916467905044556,1745970503.944,25.916467905044556
1745970504.205,26.177470684051514,1745970504.205,26.177470684051514,1745970504.205,26.177470684051514,1745970504.205,26.177470684051514
1745970504.469,26.441328763961792,1745970504.469,26.441328763961792,1745970504.469,26.441328763961792,1745970504.469,26.441328763961792
1745970504.733,26.705429792404175,1745970504.733,26.705429792404175,1745970504.733,26.705429792404175,1745970504.733,26.705429792404175
1745970504.996,26.96769070625305,1745970504.996,26.96769070625305,1745970504.996,26.96769070625305,1745970504.996,26.96769070625305
1745970505.262,27.23365354537964,1745970505.262,27.23365354537964,1745970505.262,27.23365354537964,1745970505.262,27.23365354537964
1745970505.536,27.507765769958496,1745970505.536,27.507765769958496,1745970505.536,27.507765769958496,1745970505.536,27.507765769958496
1745970505.799,27.77068305015564,1745970505.799,27.77068305015564,1745970505.799,27.77068305015564,1745970505.799,27.77068305015564
1745970506.062,28.034141302108765,1745970506.062,28.034141302108765,1745970506.062,28.034141302108765,1745970506.062,28.034141302108765
1745970506.326,28.29763698577881,1745970506.326,28.29763698577881,1745970506.326,28.29763698577881,1745970506.326,28.29763698577881
1745970506.588,28.559924840927124,1745970506.588,28.559924840927124,1745970506.588,28.559924840927124,1745970506.588,28.559924840927124
1745970506.851,28.82361602783203,1745970506.852,28.82361602783203,1745970506.852,28.82361602783203,1745970506.852,28.82361602783203
1745970507.1,29.07166290283203,1745970507.1,29.07166290283203,1745970507.1,29.07166290283203,1745970507.1,29.07166290283203
1745970507.363,29.335333347320557,1745970507.363,29.335333347320557,1745970507.363,29.335333347320557,1745970507.363,29.335333347320557
1745970507.625,29.59654927253723,1745970507.625,29.59654927253723,1745970507.625,29.59654927253723,1745970507.625,29.59654927253723
1745970507.886,29.857961893081665,1745970507.886,29.857961893081665,1745970507.886,29.857961893081665,1745970507.886,29.857961893081665
1745970508.162,30.13406014442444,1745970508.162,30.13406014442444,1745970508.162,30.13406014442444,1745970508.162,30.13406014442444
1745970508.405,30.376915216445923,1745970508.405,30.376915216445923,1745970508.405,30.376915216445923,1745970508.405,30.376915216445923
1745970508.664,30.636208534240723,1745970508.664,30.636208534240723,1745970508.664,30.636208534240723,1745970508.664,30.636208534240723
1745970508.926,30.89814329147339,1745970508.926,30.89814329147339,1745970508.926,30.89814329147339,1745970508.926,30.89814329147339
1745970509.184,31.1565158367157,1745970509.184,31.1565158367157,1745970509.184,31.1565158367157,1745970509.184,31.1565158367157
1745970509.443,31.41539192199707,1745970509.443,31.41539192199707,1745970509.443,31.41539192199707,1745970509.443,31.41539192199707
1745970509.701,31.672683477401733,1745970509.701,31.672683477401733,1745970509.701,31.672683477401733,1745970509.701,31.672683477401733
1745970509.977,31.948678493499756,1745970509.977,31.948678493499756,1745970509.977,31.948678493499756,1745970509.977,31.948678493499756
1745970510.238,32.21040415763855,1745970510.238,32.21040415763855,1745970510.238,32.21040415763855,1745970510.238,32.21040415763855
1745970510.481,32.4532413482666,1745970510.481,32.4532413482666,1745970510.481,32.4532413482666,1745970510.481,32.4532413482666
1745970510.747,32.71916890144348,1745970510.747,32.71916890144348,1745970510.747,32.71916890144348,1745970510.747,32.71916890144348
1745970510.997,32.96928310394287,1745970510.997,32.96928310394287,1745970510.997,32.96928310394287,1745970510.997,32.96928310394287
1745970511.259,33.23141431808472,1745970511.259,33.23141431808472,1745970511.259,33.23141431808472,1745970511.259,33.23141431808472
1745970511.522,33.49392914772034,1745970511.522,33.49392914772034,1745970511.522,33.49392914772034,1745970511.522,33.49392914772034
1745970511.782,33.75442147254944,1745970511.782,33.75442147254944,1745970511.782,33.75442147254944,1745970511.782,33.75442147254944
1745970512.014,33.98639750480652,1745970512.014,33.98639750480652,1745970512.014,33.98639750480652,1745970512.014,33.98639750480652
1745970512.263,34.235515117645264,1745970512.263,34.235515117645264,1745970512.263,34.235515117645264,1745970512.263,34.235515117645264
1745970512.513,34.484593868255615,1745970512.513,34.484593868255615,1745970512.513,34.484593868255615,1745970512.513,34.484593868255615
1745970512.774,34.74628829956055,1745970512.774,34.74628829956055,1745970512.774,34.74628829956055,1745970512.774,34.74628829956055
1745970513.022,34.9944064617157,1745970513.022,34.9944064617157,1745970513.022,34.9944064617157,1745970513.022,34.9944064617157
1745970513.272,35.24444007873535,1745970513.272,35.24444007873535,1745970513.272,35.24444007873535,1745970513.272,35.24444007873535
1745970513.52,35.49233055114746,1745970513.52,35.49233055114746,1745970513.52,35.49233055114746,1745970513.52,35.49233055114746
1745970513.769,35.741291522979736,1745970513.769,35.741291522979736,1745970513.769,35.741291522979736,1745970513.769,35.741291522979736
1745970514.033,36.00535583496094,1745970514.033,36.00535583496094,1745970514.033,36.00535583496094,1745970514.033,36.00535583496094
1745970514.278,36.24983239173889,1745970514.278,36.24983239173889,1745970514.278,36.24983239173889,1745970514.278,36.24983239173889
1745970514.512,36.48358941078186,1745970514.512,36.48358941078186,1745970514.512,36.48358941078186,1745970514.512,36.48358941078186
1745970514.787,36.758549451828,1745970514.787,36.758549451828,1745970514.787,36.758549451828,1745970514.787,36.758549451828
1745970515.035,37.00654435157776,1745970515.035,37.00654435157776,1745970515.035,37.00654435157776,1745970515.035,37.00654435157776
1745970515.298,37.26977038383484,1745970515.298,37.26977038383484,1745970515.298,37.26977038383484,1745970515.298,37.26977038383484
1745970515.56,37.53203272819519,1745970515.56,37.53203272819519,1745970515.56,37.53203272819519,1745970515.56,37.53203272819519
1745970515.823,37.794541120529175,1745970515.823,37.794541120529175,1745970515.823,37.794541120529175,1745970515.823,37.794541120529175
1745970516.086,38.05760645866394,1745970516.086,38.05760645866394,1745970516.086,38.05760645866394,1745970516.086,38.05760645866394
1745970516.348,38.32050967216492,1745970516.348,38.32050967216492,1745970516.348,38.32050967216492,1745970516.348,38.32050967216492
1745970516.613,38.585071086883545,1745970516.613,38.585071086883545,1745970516.613,38.585071086883545,1745970516.613,38.585071086883545
1745970516.863,38.834572076797485,1745970516.863,38.834572076797485,1745970516.863,38.834572076797485,1745970516.863,38.834572076797485
1745970517.123,39.09538269042969,1745970517.123,39.09538269042969,1745970517.123,39.09538269042969,1745970517.123,39.09538269042969
1745970517.386,39.35830521583557,1745970517.386,39.35830521583557,1745970517.386,39.35830521583557,1745970517.386,39.35830521583557
1745970517.649,39.62111949920654,1745970517.649,39.62111949920654,1745970517.649,39.62111949920654,1745970517.649,39.62111949920654
1745970517.91,39.88242149353027,1745970517.91,39.88242149353027,1745970517.91,39.88242149353027,1745970517.91,39.88242149353027
1745970518.172,40.14435648918152,1745970518.172,40.14435648918152,1745970518.172,40.14435648918152,1745970518.172,40.14435648918152
1745970518.437,40.409329414367676,1745970518.437,40.409329414367676,1745970518.437,40.409329414367676,1745970518.437,40.409329414367676
1745970518.699,40.67061400413513,1745970518.699,40.67061400413513,1745970518.699,40.67061400413513,1745970518.699,40.67061400413513
1745970518.977,40.94867134094238,1745970518.977,40.94867134094238,1745970518.977,40.94867134094238,1745970518.977,40.94867134094238
1745970519.222,41.19440841674805,1745970519.222,41.19440841674805,1745970519.222,41.19440841674805,1745970519.222,41.19440841674805
1745970519.486,41.45823097229004,1745970519.486,41.45823097229004,1745970519.486,41.45823097229004,1745970519.486,41.45823097229004
1745970519.747,41.719101667404175,1745970519.747,41.719101667404175,1745970519.747,41.719101667404175,1745970519.747,41.719101667404175
1745970520.008,41.980507135391235,1745970520.008,41.980507135391235,1745970520.008,41.980507135391235,1745970520.008,41.980507135391235
1745970520.257,42.22887301445007,1745970520.257,42.22887301445007,1745970520.257,42.22887301445007,1745970520.257,42.22887301445007
1745970520.52,42.491777658462524,1745970520.52,42.491777658462524,1745970520.52,42.491777658462524,1745970520.52,42.491777658462524
1745970520.784,42.75585174560547,1745970520.784,42.75585174560547,1745970520.784,42.75585174560547,1745970520.784,42.75585174560547
1745970521.046,43.01813530921936,1745970521.046,43.01813530921936,1745970521.046,43.01813530921936,1745970521.046,43.01813530921936
1745970521.312,43.28438901901245,1745970521.312,43.28438901901245,1745970521.312,43.28438901901245,1745970521.312,43.28438901901245
1745970521.576,43.54761624336243,1745970521.576,43.54761624336243,1745970521.576,43.54761624336243,1745970521.576,43.54761624336243
1745970521.839,43.810595989227295,1745970521.839,43.810595989227295,1745970521.839,43.810595989227295,1745970521.839,43.810595989227295
1745970522.103,44.0750093460083,1745970522.103,44.0750093460083,1745970522.103,44.0750093460083,1745970522.103,44.0750093460083
1745970522.382,44.353716135025024,1745970522.382,44.353716135025024,1745970522.382,44.353716135025024,1745970522.382,44.353716135025024
1745970522.619,44.591017723083496,1745970522.619,44.591017723083496,1745970522.619,44.591017723083496,1745970522.619,44.591017723083496
1745970522.876,44.847689151763916,1745970522.876,44.847689151763916,1745970522.876,44.847689151763916,1745970522.876,44.847689151763916
1745970523.14,45.11212968826294,1745970523.14,45.11212968826294,1745970523.14,45.11212968826294,1745970523.14,45.11212968826294
1745970523.387,45.358678579330444,1745970523.387,45.358678579330444,1745970523.387,45.358678579330444,1745970523.387,45.358678579330444
1745970523.635,45.607243061065674,1745970523.635,45.607243061065674,1745970523.635,45.607243061065674,1745970523.635,45.607243061065674
1745970523.915,45.88721251487732,1745970523.915,45.88721251487732,1745970523.915,45.88721251487732,1745970523.915,45.88721251487732
1745970524.177,46.14873695373535,1745970524.177,46.14873695373535,1745970524.177,46.14873695373535,1745970524.177,46.14873695373535
1745970524.44,46.411771297454834,1745970524.44,46.411771297454834,1745970524.44,46.411771297454834,1745970524.44,46.411771297454834
1745970524.684,46.6563355922699,1745970524.684,46.6563355922699,1745970524.684,46.6563355922699,1745970524.684,46.6563355922699
1745970524.936,46.9077033996582,1745970524.936,46.9077033996582,1745970524.936,46.9077033996582,1745970524.936,46.9077033996582
1745970525.2,47.172176122665405,1745970525.2,47.172176122665405,1745970525.2,47.172176122665405,1745970525.2,47.172176122665405
1745970525.435,47.40718412399292,1745970525.435,47.40718412399292,1745970525.435,47.40718412399292,1745970525.435,47.40718412399292
1745970525.699,47.67070031166077,1745970525.699,47.67070031166077,1745970525.699,47.67070031166077,1745970525.699,47.67070031166077
1745970525.976,47.94768738746643,1745970525.976,47.94768738746643,1745970525.976,47.94768738746643,1745970525.976,47.94768738746643
1745970526.224,48.19583702087402,1745970526.224,48.19583702087402,1745970526.224,48.19583702087402,1745970526.224,48.19583702087402
1745970526.486,48.45777440071106,1745970526.486,48.45777440071106,1745970526.486,48.45777440071106,1745970526.486,48.45777440071106
1745970526.748,48.71991324424744,1745970526.748,48.71991324424744,1745970526.748,48.71991324424744,1745970526.748,48.71991324424744
1745970526.995,48.96701383590698,1745970526.995,48.96701383590698,1745970526.995,48.96701383590698,1745970526.995,48.96701383590698
1745970527.273,49.24454140663147,1745970527.273,49.24454140663147,1745970527.273,49.24454140663147,1745970527.273,49.24454140663147
1745970527.522,49.494446754455566,1745970527.522,49.494446754455566,1745970527.522,49.494446754455566,1745970527.522,49.494446754455566
1745970527.772,49.74431848526001,1745970527.772,49.74431848526001,1745970527.772,49.74431848526001,1745970527.772,49.74431848526001
1745970528.035,50.00711679458618,1745970528.035,50.00711679458618,1745970528.035,50.00711679458618,1745970528.035,50.00711679458618
1745970528.294,50.26637363433838,1745970528.294,50.26637363433838,1745970528.294,50.26637363433838,1745970528.294,50.271936893463135
1745970528.554,50.526137590408325,1745970528.554,50.526137590408325,1745970528.554,50.526137590408325,1745970528.554,50.526137590408325
1745970528.811,50.78332591056824,1745970528.811,50.78332591056824,1745970528.811,50.78332591056824,1745970528.811,50.78332591056824
1745970529.085,51.05745053291321,1745970529.085,51.05745053291321,1745970529.085,51.05745053291321,1745970529.085,51.05745053291321
1745970529.344,51.31614589691162,1745970529.344,51.31614589691162,1745970529.344,51.31614589691162,1745970529.344,51.31614589691162
1745970529.604,51.57589769363403,1745970529.604,51.57589769363403,1745970529.604,51.57589769363403,1745970529.604,51.57589769363403
1745970529.88,51.85161256790161,1745970529.88,51.85161256790161,1745970529.88,51.85161256790161,1745970529.88,51.85161256790161
1745970530.141,52.113256216049194,1745970530.141,52.113256216049194,1745970530.141,52.113256216049194,1745970530.141,52.113256216049194
1745970530.387,52.359511852264404,1745970530.387,52.359511852264404,1745970530.387,52.359511852264404,1745970530.387,52.359511852264404
1745970530.635,52.60724925994873,1745970530.635,52.60724925994873,1745970530.635,52.60724925994873,1745970530.635,52.60724925994873
1745970530.914,52.88634419441223,1745970530.914,52.88634419441223,1745970530.914,52.88634419441223,1745970530.914,52.88634419441223
1745970531.163,53.13525176048279,1745970531.163,53.13525176048279,1745970531.163,53.13525176048279,1745970531.163,53.13525176048279
1745970531.423,53.395251512527466,1745970531.423,53.395251512527466,1745970531.423,53.395251512527466,1745970531.423,53.395251512527466
1745970531.686,53.65838265419006,1745970531.686,53.65838265419006,1745970531.686,53.65838265419006,1745970531.686,53.65838265419006
1745970531.947,53.91890907287598,1745970531.947,53.91890907287598,1745970531.947,53.91890907287598,1745970531.947,53.91890907287598
1745970532.225,54.197171449661255,1745970532.225,54.197171449661255,1745970532.225,54.197171449661255,1745970532.225,54.197171449661255
1745970532.489,54.46115469932556,1745970532.489,54.46115469932556,1745970532.489,54.46115469932556,1745970532.489,54.46115469932556
1745970532.737,54.70867466926575,1745970532.737,54.70867466926575,1745970532.737,54.70867466926575,1745970532.737,54.70867466926575
1745970532.996,54.96835374832153,1745970532.996,54.96835374832153,1745970532.996,54.96835374832153,1745970532.996,54.96835374832153
1745970533.246,55.21842384338379,1745970533.246,55.21842384338379,1745970533.246,55.21842384338379,1745970533.246,55.21842384338379
1745970533.496,55.46770524978638,1745970533.496,55.46770524978638,1745970533.496,55.46770524978638,1745970533.496,55.46770524978638
1745970533.745,55.71664834022522,1745970533.745,55.71664834022522,1745970533.745,55.71664834022522,1745970533.745,55.71664834022522
1745970534.023,55.99530100822449,1745970534.023,55.99530100822449,1745970534.023,55.99530100822449,1745970534.023,55.99530100822449
1745970534.271,56.242549896240234,1745970534.271,56.242549896240234,1745970534.271,56.242549896240234,1745970534.271,56.242549896240234
1745970534.533,56.5046808719635,1745970534.533,56.5046808719635,1745970534.533,56.5046808719635,1745970534.533,56.5046808719635
1745970534.766,56.737552642822266,1745970534.766,56.737552642822266,1745970534.766,56.737552642822266,1745970534.766,56.737552642822266
1745970535.025,56.996633529663086,1745970535.025,56.996633529663086,1745970535.025,56.996633529663086,1745970535.025,56.996633529663086
1745970535.273,57.244547605514526,1745970535.273,57.245534896850586,1745970535.273,57.245534896850586,1745970535.273,57.245534896850586
1745970535.534,57.50647282600403,1745970535.534,57.50647282600403,1745970535.534,57.50647282600403,1745970535.534,57.50647282600403
1745970535.781,57.75276255607605,1745970535.781,57.75276255607605,1745970535.781,57.75276255607605,1745970535.781,57.75276255607605
1745970536.03,58.00184655189514,1745970536.03,58.00184655189514,1745970536.03,58.00184655189514,1745970536.03,58.00184655189514
1745970536.292,58.26422333717346,1745970536.292,58.26422333717346,1745970536.292,58.26422333717346,1745970536.292,58.26422333717346
1745970536.541,58.5125412940979,1745970536.541,58.5125412940979,1745970536.541,58.5125412940979,1745970536.541,58.5125412940979
1745970536.808,58.78011465072632,1745970536.808,58.78011465072632,1745970536.808,58.78011465072632,1745970536.808,58.78011465072632
1745970537.079,59.05119228363037,1745970537.079,59.05119228363037,1745970537.079,59.05119228363037,1745970537.079,59.05119228363037
1745970537.341,59.31328272819519,1745970537.341,59.31328272819519,1745970537.341,59.31328272819519,1745970537.341,59.31328272819519
1745970537.591,59.56290006637573,1745970537.591,59.56290006637573,1745970537.591,59.56290006637573,1745970537.591,59.56290006637573
1745970537.848,59.82049250602722,1745970537.848,59.82049250602722,1745970537.848,59.82049250602722,1745970537.848,59.82049250602722
1745970538.112,60.08440542221069,1745970538.112,60.08440542221069,1745970538.112,60.08440542221069,1745970538.112,60.08440542221069
1745970538.377,60.34951996803284,1745970538.377,60.34951996803284,1745970538.377,60.34951996803284,1745970538.377,60.34951996803284
1745970538.612,60.58413648605347,1745970538.612,60.58413648605347,1745970538.612,60.58413648605347,1745970538.612,60.58413648605347
1745970538.872,60.84427046775818,1745970538.872,60.84427046775818,1745970538.872,60.84427046775818,1745970538.872,60.84427046775818
1745970539.136,61.108219623565674,1745970539.136,61.108219623565674,1745970539.136,61.108219623565674,1745970539.136,61.108219623565674
1745970539.4,61.371904373168945,1745970539.4,61.371904373168945,1745970539.4,61.371904373168945,1745970539.4,61.371904373168945
1745970539.662,61.633928298950195,1745970539.662,61.633928298950195,1745970539.662,61.633928298950195,1745970539.662,61.633928298950195
1745970539.908,61.88011884689331,1745970539.908,61.88011884689331,1745970539.908,61.88011884689331,1745970539.908,61.88011884689331
1745970540.157,62.12933111190796,1745970540.157,62.12933111190796,1745970540.157,62.12933111190796,1745970540.157,62.12933111190796
1745970540.406,62.37770676612854,1745970540.406,62.37770676612854,1745970540.406,62.37770676612854,1745970540.406,62.37770676612854
1745970540.642,62.61367130279541,1745970540.642,62.61367130279541,1745970540.642,62.61367130279541,1745970540.642,62.61367130279541
1745970540.904,62.87607407569885,1745970540.904,62.87607407569885,1745970540.904,62.87607407569885,1745970540.904,62.87607407569885
1745970541.166,63.137736082077026,1745970541.166,63.137736082077026,1745970541.166,63.137736082077026,1745970541.166,63.137736082077026
1745970541.443,63.41474795341492,1745970541.443,63.41474795341492,1745970541.443,63.41474795341492,1745970541.443,63.41474795341492
1745970541.704,63.6762797832489,1745970541.704,63.6762797832489,1745970541.704,63.6762797832489,1745970541.704,63.6762797832489
1745970541.953,63.9252393245697,1745970541.953,63.9252393245697,1745970541.953,63.9252393245697,1745970541.953,63.9252393245697
1745970542.2,64.17194747924805,1745970542.2,64.17194747924805,1745970542.2,64.17194747924805,1745970542.2,64.17194747924805
1745970542.464,64.43564915657043,1745970542.464,64.43564915657043,1745970542.464,64.43564915657043,1745970542.464,64.43564915657043
1745970542.714,64.68638873100281,1745970542.714,64.68638873100281,1745970542.714,64.68638873100281,1745970542.714,64.68638873100281
1745970542.969,64.94088578224182,1745970542.969,64.94088578224182,1745970542.969,64.94088578224182,1745970542.969,64.94088578224182
1745970543.241,65.21340584754944,1745970543.241,65.21340584754944,1745970543.241,65.21340584754944,1745970543.241,65.21340584754944
1745970543.504,65.4756350517273,1745970543.504,65.4756350517273,1745970543.504,65.4756350517273,1745970543.504,65.4756350517273
1745970543.766,65.73797798156738,1745970543.766,65.73797798156738,1745970543.766,65.73797798156738,1745970543.766,65.73797798156738
1745970544.027,65.99924373626709,1745970544.027,65.99924373626709,1745970544.027,65.99924373626709,1745970544.027,65.99924373626709
1745970544.288,66.26048636436462,1745970544.288,66.26048636436462,1745970544.288,66.26048636436462,1745970544.288,66.26048636436462
1745970544.536,66.50788998603821,1745970544.536,66.50788998603821,1745970544.536,66.50788998603821,1745970544.536,66.50788998603821
1745970544.784,66.75621676445007,1745970544.784,66.75621676445007,1745970544.784,66.75621676445007,1745970544.784,66.75621676445007
1745970545.032,67.00443625450134,1745970545.032,67.00443625450134,1745970545.032,67.00443625450134,1745970545.032,67.00443625450134
1745970545.281,67.25255799293518,1745970545.281,67.25255799293518,1745970545.281,67.25255799293518,1745970545.281,67.25255799293518
1745970545.543,67.51536297798157,1745970545.543,67.51536297798157,1745970545.543,67.51536297798157,1745970545.543,67.51536297798157
1745970545.791,67.76316714286804,1745970545.791,67.76316714286804,1745970545.791,67.76316714286804,1745970545.791,67.76316714286804
1745970546.053,68.02509307861328,1745970546.053,68.02509307861328,1745970546.053,68.02509307861328,1745970546.053,68.02509307861328
1745970546.315,68.28749251365662,1745970546.315,68.28749251365662,1745970546.315,68.28749251365662,1745970546.315,68.28749251365662
1745970546.579,68.55088758468628,1745970546.579,68.55088758468628,1745970546.579,68.55088758468628,1745970546.579,68.55088758468628
1745970546.842,68.81423258781433,1745970546.842,68.81423258781433,1745970546.842,68.81423258781433,1745970546.842,68.81423258781433
1745970547.104,69.07650136947632,1745970547.104,69.07650136947632,1745970547.104,69.07650136947632,1745970547.104,69.07650136947632
1745970547.382,69.35372304916382,1745970547.382,69.35372304916382,1745970547.382,69.35372304916382,1745970547.382,69.35372304916382
1745970547.644,69.61572194099426,1745970547.644,69.61572194099426,1745970547.644,69.61572194099426,1745970547.644,69.61572194099426
1745970547.895,69.86703181266785,1745970547.895,69.86703181266785,1745970547.895,69.86703181266785,1745970547.895,69.86703181266785
1745970548.157,70.12920546531677,1745970548.157,70.12920546531677,1745970548.157,70.12920546531677,1745970548.157,70.12920546531677
1745970548.42,70.3922712802887,1745970548.42,70.3922712802887,1745970548.42,70.3922712802887,1745970548.42,70.3922712802887
1745970548.681,70.65264868736267,1745970548.681,70.65264868736267,1745970548.681,70.65264868736267,1745970548.681,70.65264868736267
1745970548.928,70.89971685409546,1745970548.928,70.89971685409546,1745970548.928,70.89971685409546,1745970548.928,70.89971685409546
1745970549.174,71.145925283432,1745970549.174,71.145925283432,1745970549.174,71.145925283432,1745970549.174,71.145925283432
1745970549.432,71.40376496315002,1745970549.432,71.40376496315002,1745970549.432,71.40376496315002,1745970549.432,71.40376496315002
1745970549.707,71.67889022827148,1745970549.707,71.67889022827148,1745970549.707,71.67889022827148,1745970549.707,71.67889022827148
1745970549.968,71.93976473808289,1745970549.968,71.93976473808289,1745970549.968,71.93976473808289,1745970549.968,71.93976473808289
1745970550.226,72.19823980331421,1745970550.226,72.19823980331421,1745970550.226,72.19823980331421,1745970550.226,72.19823980331421
1745970550.472,72.44446659088135,1745970550.472,72.44446659088135,1745970550.472,72.44446659088135,1745970550.472,72.44446659088135
1745970550.731,72.7033281326294,1745970550.731,72.7033281326294,1745970550.731,72.7033281326294,1745970550.731,72.7033281326294
1745970551.005,72.9765453338623,1745970551.005,72.9765453338623,1745970551.005,72.9765453338623,1745970551.005,72.9765453338623
1745970551.263,73.235342502594,1745970551.263,73.235342502594,1745970551.263,73.235342502594,1745970551.263,73.235342502594
1745970551.535,73.50684976577759,1745970551.535,73.50684976577759,1745970551.535,73.50684976577759,1745970551.535,73.50684976577759
1745970551.764,73.73625159263611,1745970551.764,73.73625159263611,1745970551.764,73.73625159263611,1745970551.764,73.73625159263611
1745970552.01,73.98231387138367,1745970552.01,73.98231387138367,1745970552.01,73.98231387138367,1745970552.01,73.98231387138367
1745970552.29,74.26155185699463,1745970552.29,74.26155185699463,1745970552.29,74.26155185699463,1745970552.29,74.26155185699463
1745970552.537,74.50899124145508,1745970552.537,74.50899124145508,1745970552.537,74.50899124145508,1745970552.537,74.50899124145508
1745970552.777,74.74906635284424,1745970552.777,74.74906635284424,1745970552.777,74.74906635284424,1745970552.777,74.74906635284424
1745970553.046,75.01771855354309,1745970553.046,75.01771855354309,1745970553.046,75.01771855354309,1745970553.046,75.01771855354309
1745970553.308,75.28030562400818,1745970553.308,75.28030562400818,1745970553.308,75.28030562400818,1745970553.308,75.28030562400818
1745970553.572,75.54427671432495,1745970553.572,75.54427671432495,1745970553.572,75.54427671432495,1745970553.572,75.54427671432495
1745970553.837,75.80858731269836,1745970553.837,75.80858731269836,1745970553.837,75.80858731269836,1745970553.837,75.80858731269836
1745970554.069,76.04092669487,1745970554.069,76.04092669487,1745970554.069,76.04092669487,1745970554.069,76.04092669487
1745970554.327,76.29928207397461,1745970554.327,76.29928207397461,1745970554.327,76.29928207397461,1745970554.327,76.29928207397461
1745970554.59,76.56181359291077,1745970554.59,76.56181359291077,1745970554.59,76.56181359291077,1745970554.59,76.56181359291077
1745970554.854,76.82619023323059,1745970554.854,76.82619023323059,1745970554.854,76.82619023323059,1745970554.854,76.82619023323059
1745970555.115,77.08742117881775,1745970555.115,77.08742117881775,1745970555.115,77.08742117881775,1745970555.115,77.08742117881775
1745970555.376,77.34853625297546,1745970555.376,77.34853625297546,1745970555.376,77.34853625297546,1745970555.376,77.34853625297546
1745970555.639,77.6114752292633,1745970555.639,77.6114752292633,1745970555.639,77.6114752292633,1745970555.639,77.6114752292633
1745970555.885,77.8568160533905,1745970555.885,77.8568160533905,1745970555.885,77.8568160533905,1745970555.885,77.8568160533905
1745970556.15,78.12178778648376,1745970556.15,78.12178778648376,1745970556.15,78.12178778648376,1745970556.15,78.12178778648376
1745970556.413,78.38513493537903,1745970556.413,78.38513493537903,1745970556.413,78.38513493537903,1745970556.413,78.38513493537903
1745970556.677,78.6493673324585,1745970556.677,78.6493673324585,1745970556.677,78.6493673324585,1745970556.677,78.6493673324585
1745970556.941,78.9125669002533,1745970556.941,78.9125669002533,1745970556.941,78.9125669002533,1745970556.941,78.9125669002533
1745970557.187,79.15951037406921,1745970557.187,79.15951037406921,1745970557.187,79.15951037406921,1745970557.187,79.15951037406921
1745970557.452,79.42402911186218,1745970557.452,79.42402911186218,1745970557.452,79.42402911186218,1745970557.452,79.42402911186218
1745970557.713,79.6850917339325,1745970557.713,79.6850917339325,1745970557.713,79.6850917339325,1745970557.713,79.6850917339325
1745970557.977,79.9486632347107,1745970557.977,79.9486632347107,1745970557.977,79.9486632347107,1745970557.977,79.9486632347107
1745970558.224,80.195796251297,1745970558.224,80.195796251297,1745970558.224,80.195796251297,1745970558.224,80.195796251297
1745970558.486,80.45766162872314,1745970558.486,80.45766162872314,1745970558.486,80.45766162872314,1745970558.486,80.45766162872314
1745970558.751,80.72265243530273,1745970558.751,80.72265243530273,1745970558.751,80.72265243530273,1745970558.751,80.72265243530273
1745970558.997,80.96926832199097,1745970558.997,80.96926832199097,1745970558.997,80.96926832199097,1745970558.997,80.96926832199097
1745970559.243,81.21531510353088,1745970559.243,81.21531510353088,1745970559.243,81.21531510353088,1745970559.243,81.21531510353088
1745970559.507,81.47925996780396,1745970559.507,81.47925996780396,1745970559.507,81.47925996780396,1745970559.507,81.47925996780396
1745970559.771,81.74286961555481,1745970559.771,81.74286961555481,1745970559.771,81.74286961555481,1745970559.771,81.74286961555481
1745970560.032,82.00412726402283,1745970560.032,82.00412726402283,1745970560.032,82.00412726402283,1745970560.032,82.00412726402283
1745970560.28,82.2525110244751,1745970560.28,82.2525110244751,1745970560.28,82.2525110244751,1745970560.28,82.2525110244751
1745970560.543,82.51517748832703,1745970560.543,82.51517748832703,1745970560.543,82.51517748832703,1745970560.543,82.51517748832703
1745970560.792,82.76386022567749,1745970560.792,82.76386022567749,1745970560.792,82.76386022567749,1745970560.792,82.76386022567749
1745970561.056,83.02796816825867,1745970561.056,83.02796816825867,1745970561.056,83.02796816825867,1745970561.056,83.02796816825867
1745970561.319,83.29147410392761,1745970561.319,83.29147410392761,1745970561.319,83.29147410392761,1745970561.319,83.29147410392761
1745970561.583,83.55456924438477,1745970561.583,83.55456924438477,1745970561.583,83.55456924438477,1745970561.583,83.55456924438477
1745970561.847,83.81854295730591,1745970561.847,83.81854295730591,1745970561.847,83.81854295730591,1745970561.847,83.81854295730591
1745970562.112,84.08432149887085,1745970562.112,84.08432149887085,1745970562.112,84.08432149887085,1745970562.112,84.08432149887085
1745970562.374,84.34593296051025,1745970562.374,84.34593296051025,1745970562.374,84.34593296051025,1745970562.374,84.34593296051025
1745970562.635,84.60722088813782,1745970562.635,84.60722088813782,1745970562.635,84.60722088813782,1745970562.635,84.60722088813782
1745970562.9,84.87247252464294,1745970562.9,84.87247252464294,1745970562.9,84.87247252464294,1745970562.9,84.87247252464294
1745970563.164,85.13557887077332,1745970563.164,85.13557887077332,1745970563.164,85.13557887077332,1745970563.164,85.13557887077332
1745970563.411,85.38351678848267,1745970563.411,85.38351678848267,1745970563.411,85.38351678848267,1745970563.411,85.38351678848267
1745970563.66,85.63226819038391,1745970563.66,85.63226819038391,1745970563.66,85.63226819038391,1745970563.66,85.63226819038391
1745970563.922,85.89453482627869,1745970563.922,85.89453482627869,1745970563.922,85.89453482627869,1745970563.922,85.89453482627869
1745970564.17,86.14252305030823,1745970564.17,86.14252305030823,1745970564.17,86.14252305030823,1745970564.17,86.14252305030823
1745970564.431,86.40296697616577,1745970564.431,86.40296697616577,1745970564.431,86.40296697616577,1745970564.431,86.40296697616577
1745970564.692,86.6644458770752,1745970564.692,86.6644458770752,1745970564.692,86.6644458770752,1745970564.692,86.6644458770752
1745970564.934,86.90606713294983,1745970564.934,86.90606713294983,1745970564.934,86.90606713294983,1745970564.934,86.90606713294983
1745970565.203,87.1746473312378,1745970565.203,87.1746473312378,1745970565.203,87.1746473312378,1745970565.203,87.1746473312378
1745970565.433,87.40459537506104,1745970565.433,87.40459537506104,1745970565.433,87.40459537506104,1745970565.433,87.40459537506104
1745970565.713,87.68503308296204,1745970565.713,87.68503308296204,1745970565.713,87.68503308296204,1745970565.713,87.68503308296204
1745970565.974,87.94581580162048,1745970565.974,87.94581580162048,1745970565.974,87.94581580162048,1745970565.974,87.94581580162048
1745970566.235,88.2069616317749,1745970566.235,88.2069616317749,1745970566.235,88.2069616317749,1745970566.235,88.2069616317749
1745970566.498,88.46964526176453,1745970566.498,88.46964526176453,1745970566.498,88.46964526176453,1745970566.498,88.46964526176453
1745970566.761,88.733083486557,1745970566.761,88.733083486557,1745970566.761,88.733083486557,1745970566.761,88.733083486557
1745970567.014,88.98607587814331,1745970567.014,88.98607587814331,1745970567.014,88.98607587814331,1745970567.014,88.98607587814331
1745970567.273,89.24513483047485,1745970567.273,89.24513483047485,1745970567.273,89.24513483047485,1745970567.273,89.24513483047485
1745970567.533,89.50477313995361,1745970567.533,89.50477313995361,1745970567.533,89.50477313995361,1745970567.533,89.50477313995361
1745970567.781,89.75255417823792,1745970567.781,89.75255417823792,1745970567.781,89.75255417823792,1745970567.781,89.75255417823792
1745970568.03,90.00226306915283,1745970568.03,90.00226306915283,1745970568.03,90.00226306915283,1745970568.03,90.00226306915283
1745970568.263,90.23532605171204,1745970568.263,90.23532605171204,1745970568.263,90.23532605171204,1745970568.263,90.23532605171204
1745970568.522,90.49432110786438,1745970568.522,90.49432110786438,1745970568.522,90.49432110786438,1745970568.522,90.49432110786438
1745970568.783,90.75503420829773,1745970568.783,90.75503420829773,1745970568.783,90.75503420829773,1745970568.783,90.75503420829773
1745970569.045,91.0173089504242,1745970569.045,91.0173089504242,1745970569.045,91.0173089504242,1745970569.045,91.0173089504242
1745970569.309,91.28093385696411,1745970569.309,91.28093385696411,1745970569.309,91.28093385696411,1745970569.309,91.28093385696411
1745970569.572,91.54413962364197,1745970569.572,91.54413962364197,1745970569.572,91.54413962364197,1745970569.572,91.54413962364197
1745970569.851,91.82343339920044,1745970569.851,91.82343339920044,1745970569.851,91.82343339920044,1745970569.851,91.82343339920044
1745970570.099,92.0709707736969,1745970570.099,92.0709707736969,1745970570.099,92.0709707736969,1745970570.099,92.0709707736969
1745970570.359,92.33122730255127,1745970570.359,92.33122730255127,1745970570.359,92.33122730255127,1745970570.359,92.33122730255127
1745970570.62,92.59245157241821,1745970570.62,92.59245157241821,1745970570.62,92.59245157241821,1745970570.62,92.59245157241821
1745970570.899,92.8710286617279,1745970570.899,92.8710286617279,1745970570.899,92.8710286617279,1745970570.899,92.8710286617279
1745970571.159,93.13056540489197,1745970571.159,93.13056540489197,1745970571.159,93.13056540489197,1745970571.159,93.13056540489197
1745970571.408,93.38012766838074,1745970571.408,93.38012766838074,1745970571.408,93.38012766838074,1745970571.408,93.38012766838074
1745970571.657,93.62948989868164,1745970571.657,93.62948989868164,1745970571.657,93.62948989868164,1745970571.657,93.62948989868164
1745970571.92,93.89242243766785,1745970571.92,93.89242243766785,1745970571.92,93.89242243766785,1745970571.92,93.89242243766785
1745970572.182,94.15424418449402,1745970572.182,94.15424418449402,1745970572.182,94.15424418449402,1745970572.182,94.15424418449402
1745970572.447,94.41881108283997,1745970572.447,94.41881108283997,1745970572.447,94.41881108283997,1745970572.447,94.41881108283997
1745970572.721,94.69278597831726,1745970572.721,94.69278597831726,1745970572.721,94.69278597831726,1745970572.721,94.69278597831726
1745970572.984,94.95629262924194,1745970572.984,94.95629262924194,1745970572.984,94.95629262924194,1745970572.984,94.95629262924194
1745970573.248,95.22018814086914,1745970573.248,95.22018814086914,1745970573.248,95.22018814086914,1745970573.248,95.22018814086914
1745970573.498,95.47029685974121,1745970573.498,95.47029685974121,1745970573.498,95.47029685974121,1745970573.498,95.47029685974121
1745970573.746,95.7181658744812,1745970573.746,95.7181658744812,1745970573.746,95.7181658744812,1745970573.746,95.7181658744812
1745970574.009,95.98114848136902,1745970574.009,95.98114848136902,1745970574.009,95.98114848136902,1745970574.009,95.98114848136902
1745970574.27,96.242182970047,1745970574.27,96.242182970047,1745970574.27,96.242182970047,1745970574.27,96.242182970047
1745970574.519,96.49147391319275,1745970574.519,96.49147391319275,1745970574.519,96.49147391319275,1745970574.519,96.49147391319275
1745970574.77,96.74251866340637,1745970574.77,96.74251866340637,1745970574.77,96.74251866340637,1745970574.77,96.74251866340637
1745970575.034,97.00642895698547,1745970575.034,97.00642895698547,1745970575.034,97.00642895698547,1745970575.034,97.00642895698547
1745970575.281,97.25351810455322,1745970575.281,97.25351810455322,1745970575.281,97.25351810455322,1745970575.281,97.25351810455322
1745970575.541,97.51308560371399,1745970575.541,97.51308560371399,1745970575.541,97.51308560371399,1745970575.541,97.51308560371399
1745970575.82,97.79181146621704,1745970575.82,97.79181146621704,1745970575.82,97.79181146621704,1745970575.82,97.79181146621704
1745970576.08,98.05242562294006,1745970576.08,98.05242562294006,1745970576.08,98.05242562294006,1745970576.08,98.05242562294006
1745970576.326,98.2979576587677,1745970576.326,98.2979576587677,1745970576.326,98.2979576587677,1745970576.326,98.2979576587677
1745970576.6,98.57186102867126,1745970576.6,98.57186102867126,1745970576.6,98.57186102867126,1745970576.6,98.57186102867126
1745970576.861,98.8326325416565,1745970576.861,98.8326325416565,1745970576.861,98.8326325416565,1745970576.861,98.8326325416565
1745970577.11,99.08188486099243,1745970577.11,99.08188486099243,1745970577.11,99.08188486099243,1745970577.11,99.08288550376892
1745970577.354,99.3260543346405,1745970577.354,99.3260543346405,1745970577.354,99.3260543346405,1745970577.354,99.3260543346405
1745970577.627,99.59882879257202,1745970577.627,99.59882879257202,1745970577.627,99.59882879257202,1745970577.627,99.59882879257202
1745970577.886,99.85792636871338,1745970577.886,99.85792636871338,1745970577.886,99.85792636871338,1745970577.886,99.85792636871338
1745970578.154,100.12567019462585,1745970578.154,100.12567019462585,1745970578.154,100.12567019462585,1745970578.154,100.12567019462585
1745970578.417,100.38943004608154,1745970578.417,100.38943004608154,1745970578.417,100.38943004608154,1745970578.417,100.38943004608154
1745970578.682,100.65376019477844,1745970578.682,100.65376019477844,1745970578.682,100.65376019477844,1745970578.682,100.65376019477844
1745970578.959,100.93064522743225,1745970578.959,100.93064522743225,1745970578.959,100.93064522743225,1745970578.959,100.93064522743225
1745970579.222,101.19375705718994,1745970579.222,101.19375705718994,1745970579.222,101.19375705718994,1745970579.222,101.19375705718994
1745970579.485,101.4574363231659,1745970579.485,101.4574363231659,1745970579.485,101.4574363231659,1745970579.485,101.4574363231659
1745970579.75,101.72171664237976,1745970579.75,101.72171664237976,1745970579.75,101.72171664237976,1745970579.75,101.72267127037048
1745970579.997,101.96934914588928,1745970579.997,101.96934914588928,1745970579.997,101.96934914588928,1745970579.997,101.96934914588928
1745970580.244,102.21560740470886,1745970580.244,102.21560740470886,1745970580.244,102.21560740470886,1745970580.244,102.21560740470886
1745970580.505,102.47735905647278,1745970580.505,102.47735905647278,1745970580.505,102.47735905647278,1745970580.505,102.47735905647278
1745970580.752,102.72406029701233,1745970580.752,102.72406029701233,1745970580.752,102.72406029701233,1745970580.752,102.72406029701233
1745970581.0,102.97235155105591,1745970581.0,102.97235155105591,1745970581.0,102.97235155105591,1745970581.0,102.97235155105591
1745970581.265,103.23692584037781,1745970581.265,103.23692584037781,1745970581.265,103.23692584037781,1745970581.265,103.23692584037781
1745970581.527,103.49893355369568,1745970581.527,103.49893355369568,1745970581.527,103.49893355369568,1745970581.527,103.49893355369568
1745970581.791,103.76292252540588,1745970581.791,103.76292252540588,1745970581.791,103.76292252540588,1745970581.791,103.76292252540588
1745970582.069,104.04106783866882,1745970582.069,104.04106783866882,1745970582.069,104.04106783866882,1745970582.069,104.04106783866882
1745970582.332,104.30416679382324,1745970582.332,104.30416679382324,1745970582.332,104.30416679382324,1745970582.332,104.30416679382324
1745970582.597,104.56896233558655,1745970582.597,104.56896233558655,1745970582.597,104.56896233558655,1745970582.597,104.56896233558655
1745970582.859,104.83130407333374,1745970582.859,104.83130407333374,1745970582.859,104.83130407333374,1745970582.859,104.83130407333374
1745970583.121,105.09342646598816,1745970583.121,105.09342646598816,1745970583.121,105.09342646598816,1745970583.121,105.09342646598816
1745970583.385,105.35707473754883,1745970583.385,105.35707473754883,1745970583.385,105.35707473754883,1745970583.385,105.35707473754883
1745970583.661,105.63321042060852,1745970583.661,105.63321042060852,1745970583.661,105.63321042060852,1745970583.661,105.63321042060852
1745970583.908,105.8795952796936,1745970583.908,105.8795952796936,1745970583.908,105.8795952796936,1745970583.908,105.8795952796936
1745970584.171,106.14353346824646,1745970584.171,106.14353346824646,1745970584.171,106.14353346824646,1745970584.171,106.14353346824646
1745970584.431,106.4032814502716,1745970584.431,106.4032814502716,1745970584.431,106.4032814502716,1745970584.431,106.4032814502716
1745970584.708,106.68044137954712,1745970584.708,106.68044137954712,1745970584.708,106.68044137954712,1745970584.708,106.68044137954712
1745970584.972,106.94403290748596,1745970584.972,106.94403290748596,1745970584.972,106.94403290748596,1745970584.972,106.94403290748596
1745970585.223,107.19491744041443,1745970585.223,107.19491744041443,1745970585.223,107.19491744041443,1745970585.223,107.19491744041443
1745970585.484,107.4563410282135,1745970585.484,107.4563410282135,1745970585.484,107.4563410282135,1745970585.484,107.4563410282135
1745970585.747,107.71894860267639,1745970585.747,107.71894860267639,1745970585.747,107.71894860267639,1745970585.747,107.71894860267639
1745970585.996,107.96834373474121,1745970585.996,107.96834373474121,1745970585.996,107.96834373474121,1745970585.996,107.96834373474121
1745970586.244,108.21604776382446,1745970586.244,108.21604776382446,1745970586.244,108.21604776382446,1745970586.244,108.21604776382446
1745970586.508,108.47991752624512,1745970586.508,108.47991752624512,1745970586.508,108.47991752624512,1745970586.508,108.47991752624512
1745970586.77,108.74194002151489,1745970586.77,108.74194002151489,1745970586.77,108.74194002151489,1745970586.77,108.74194002151489
1745970587.018,108.98963522911072,1745970587.018,108.98963522911072,1745970587.018,108.98963522911072,1745970587.018,108.98963522911072
1745970587.279,109.25108456611633,1745970587.279,109.25108456611633,1745970587.279,109.25108456611633,1745970587.279,109.25108456611633
1745970587.541,109.51277542114258,1745970587.541,109.51277542114258,1745970587.541,109.51277542114258,1745970587.541,109.51277542114258
1745970587.819,109.79056239128113,1745970587.819,109.79056239128113,1745970587.819,109.79056239128113,1745970587.819,109.79056239128113
1745970588.081,110.05309820175171,1745970588.081,110.05309820175171,1745970588.081,110.05309820175171,1745970588.081,110.05309820175171
1745970588.344,110.31612849235535,1745970588.344,110.31612849235535,1745970588.344,110.31612849235535,1745970588.344,110.31612849235535
1745970588.607,110.57889938354492,1745970588.607,110.57889938354492,1745970588.607,110.57889938354492,1745970588.607,110.57889938354492
1745970588.871,110.84335350990295,1745970588.871,110.84335350990295,1745970588.871,110.84335350990295,1745970588.871,110.84335350990295
1745970589.136,111.10807204246521,1745970589.136,111.10807204246521,1745970589.136,111.10807204246521,1745970589.136,111.10807204246521
1745970589.412,111.38416695594788,1745970589.412,111.38416695594788,1745970589.412,111.38416695594788,1745970589.412,111.38416695594788
1745970589.66,111.63226413726807,1745970589.66,111.63226413726807,1745970589.66,111.63226413726807,1745970589.66,111.63226413726807
1745970589.922,111.89410972595215,1745970589.922,111.89410972595215,1745970589.922,111.89410972595215,1745970589.922,111.89410972595215
1745970590.168,112.14035081863403,1745970590.168,112.14035081863403,1745970590.168,112.14035081863403,1745970590.168,112.14035081863403
1745970590.433,112.40483021736145,1745970590.433,112.40483021736145,1745970590.433,112.40483021736145,1745970590.433,112.40483021736145
1745970590.696,112.66804313659668,1745970590.696,112.66804313659668,1745970590.696,112.66804313659668,1745970590.696,112.66804313659668
1745970590.948,112.91963696479797,1745970590.948,112.91963696479797,1745970590.948,112.91963696479797,1745970590.948,112.91963696479797
1745970591.211,113.18304777145386,1745970591.211,113.18304777145386,1745970591.211,113.18304777145386,1745970591.211,113.18304777145386
1745970591.476,113.44797325134277,1745970591.476,113.44797325134277,1745970591.476,113.44797325134277,1745970591.476,113.44797325134277
1745970591.724,113.69605803489685,1745970591.724,113.69605803489685,1745970591.724,113.69605803489685,1745970591.724,113.69605803489685
1745970591.988,113.95989322662354,1745970591.988,113.95989322662354,1745970591.988,113.95989322662354,1745970591.988,113.95989322662354
1745970592.25,114.22218871116638,1745970592.25,114.22218871116638,1745970592.25,114.22218871116638,1745970592.25,114.22218871116638
1745970592.514,114.486319065094,1745970592.514,114.486319065094,1745970592.514,114.486319065094,1745970592.514,114.486319065094
1745970592.763,114.73483395576477,1745970592.763,114.73483395576477,1745970592.763,114.73483395576477,1745970592.763,114.73483395576477
1745970593.025,114.99697589874268,1745970593.025,114.99697589874268,1745970593.025,114.99697589874268,1745970593.025,114.99697589874268
1745970593.288,115.2603440284729,1745970593.288,115.2603440284729,1745970593.288,115.2603440284729,1745970593.288,115.2603440284729
1745970593.548,115.51977181434631,1745970593.548,115.51977181434631,1745970593.548,115.51977181434631,1745970593.548,115.51977181434631
1745970593.808,115.77995777130127,1745970593.808,115.77995777130127,1745970593.808,115.77995777130127,1745970593.808,115.77995777130127
1745970594.086,116.05808281898499,1745970594.086,116.05808281898499,1745970594.086,116.05808281898499,1745970594.086,116.05808281898499
1745970594.325,116.29680514335632,1745970594.325,116.29680514335632,1745970594.325,116.29680514335632,1745970594.325,116.29680514335632
1745970594.575,116.54673218727112,1745970594.575,116.54673218727112,1745970594.575,116.54673218727112,1745970594.575,116.54673218727112
1745970594.844,116.81648397445679,1745970594.844,116.81648397445679,1745970594.844,116.81648397445679,1745970594.844,116.81648397445679
1745970595.105,117.07712888717651,1745970595.105,117.07712888717651,1745970595.105,117.07712888717651,1745970595.105,117.07712888717651
1745970595.364,117.33639717102051,1745970595.364,117.33639717102051,1745970595.364,117.33639717102051,1745970595.364,117.33639717102051
1745970595.613,117.58508396148682,1745970595.613,117.58508396148682,1745970595.613,117.58508396148682,1745970595.613,117.58508396148682
1745970595.874,117.84593725204468,1745970595.874,117.84593725204468,1745970595.874,117.84593725204468,1745970595.874,117.84593725204468
1745970596.121,118.09299302101135,1745970596.121,118.09299302101135,1745970596.121,118.09299302101135,1745970596.121,118.09299302101135
1745970596.355,118.3272807598114,1745970596.355,118.3272807598114,1745970596.355,118.3272807598114,1745970596.355,118.3272807598114
1745970596.609,118.58112335205078,1745970596.609,118.58112335205078,1745970596.609,118.58112335205078,1745970596.609,118.58112335205078
1745970596.869,118.84148478507996,1745970596.869,118.84148478507996,1745970596.869,118.84148478507996,1745970596.869,118.84148478507996
1745970597.146,119.11773610115051,1745970597.146,119.11773610115051,1745970597.146,119.11773610115051,1745970597.146,119.11773610115051
1745970597.409,119.38121938705444,1745970597.409,119.38121938705444,1745970597.409,119.38121938705444,1745970597.409,119.38121938705444
1745970597.672,119.64415335655212,1745970597.672,119.64415335655212,1745970597.672,119.64415335655212,1745970597.672,119.64415335655212
1745970597.935,119.90739727020264,1745970597.935,119.90739727020264,1745970597.935,119.90739727020264,1745970597.935,119.90739727020264
1745970598.196,120.16822862625122,1745970598.196,120.16822862625122,1745970598.196,120.16822862625122,1745970598.196,120.16822862625122
1745970598.44,120.41157412528992,1745970598.44,120.41157412528992,1745970598.44,120.41157412528992,1745970598.44,120.41157412528992
1745970598.683,120.65477108955383,1745970598.683,120.65477108955383,1745970598.683,120.65477108955383,1745970598.683,120.65477108955383
1745970598.961,120.93256521224976,1745970598.961,120.93256521224976,1745970598.961,120.93256521224976,1745970598.961,120.93256521224976
1745970599.222,121.19367456436157,1745970599.222,121.19367456436157,1745970599.222,121.19367456436157,1745970599.222,121.19367456436157
1745970599.481,121.4534273147583,1745970599.481,121.4534273147583,1745970599.481,121.4534273147583,1745970599.481,121.4534273147583
1745970599.757,121.72886300086975,1745970599.757,121.72886300086975,1745970599.757,121.72886300086975,1745970599.757,121.72886300086975
1745970600.017,121.98901391029358,1745970600.017,121.98901391029358,1745970600.017,121.98901391029358,1745970600.017,121.98901391029358
1745970600.278,122.25020456314087,1745970600.278,122.25020456314087,1745970600.278,122.25020456314087,1745970600.278,122.25020456314087
1745970600.552,122.52366852760315,1745970600.552,122.52366852760315,1745970600.552,122.52366852760315,1745970600.552,122.52366852760315
1745970600.811,122.78341770172119,1745970600.811,122.78341770172119,1745970600.811,122.78341770172119,1745970600.811,122.78341770172119
1745970601.074,123.04587697982788,1745970601.074,123.04587697982788,1745970601.074,123.04587697982788,1745970601.074,123.04587697982788
1745970601.32,123.2918860912323,1745970601.32,123.2918860912323,1745970601.32,123.2918860912323,1745970601.32,123.2918860912323
1745970601.585,123.55712080001831,1745970601.585,123.55712080001831,1745970601.585,123.55712080001831,1745970601.585,123.55712080001831
1745970601.832,123.80394983291626,1745970601.832,123.80394983291626,1745970601.832,123.80394983291626,1745970601.832,123.80394983291626
1745970602.095,124.06712079048157,1745970602.095,124.06712079048157,1745970602.095,124.06712079048157,1745970602.095,124.06712079048157
1745970602.344,124.31554889678955,1745970602.344,124.31554889678955,1745970602.344,124.31554889678955,1745970602.344,124.31554889678955
1745970602.605,124.57711696624756,1745970602.605,124.57711696624756,1745970602.605,124.57711696624756,1745970602.605,124.57711696624756
1745970602.867,124.83945059776306,1745970602.867,124.83945059776306,1745970602.867,124.83945059776306,1745970602.867,124.83945059776306
1745970603.115,125.08721280097961,1745970603.115,125.08721280097961,1745970603.115,125.08721280097961,1745970603.115,125.08721280097961
1745970603.379,125.35128426551819,1745970603.379,125.35128426551819,1745970603.379,125.35128426551819,1745970603.379,125.35128426551819
1745970603.625,125.59702658653259,1745970603.625,125.59702658653259,1745970603.625,125.59702658653259,1745970603.625,125.59702658653259
1745970603.887,125.85893082618713,1745970603.887,125.85893082618713,1745970603.887,125.85893082618713,1745970603.887,125.85893082618713
1745970604.163,126.13518977165222,1745970604.163,126.13518977165222,1745970604.163,126.13518977165222,1745970604.163,126.13518977165222
1745970604.427,126.39938879013062,1745970604.427,126.39938879013062,1745970604.427,126.39938879013062,1745970604.427,126.39938879013062
1745970604.692,126.6640305519104,1745970604.692,126.6640305519104,1745970604.692,126.6640305519104,1745970604.692,126.6640305519104
1745970604.939,126.91151356697083,1745970604.939,126.91151356697083,1745970604.939,126.91151356697083,1745970604.939,126.91151356697083
1745970605.204,127.17602586746216,1745970605.204,127.17602586746216,1745970605.204,127.17602586746216,1745970605.204,127.17602586746216
1745970605.466,127.43803548812866,1745970605.466,127.43803548812866,1745970605.466,127.43803548812866,1745970605.466,127.43803548812866
1745970605.715,127.68686938285828,1745970605.715,127.68686938285828,1745970605.715,127.68686938285828,1745970605.715,127.68686938285828
1745970605.991,127.96297001838684,1745970605.991,127.96297001838684,1745970605.991,127.96297001838684,1745970605.991,127.96297001838684
1745970606.255,128.2270646095276,1745970606.255,128.2270646095276,1745970606.255,128.2270646095276,1745970606.255,128.2270646095276
1745970606.488,128.45969796180725,1745970606.488,128.45969796180725,1745970606.488,128.45969796180725,1745970606.488,128.45969796180725
1745970606.735,128.7068772315979,1745970606.735,128.7068772315979,1745970606.735,128.7068772315979,1745970606.735,128.7068772315979
1745970606.995,128.96676421165466,1745970606.995,128.96676421165466,1745970606.995,128.96676421165466,1745970606.995,128.96676421165466
1745970607.273,129.24497199058533,1745970607.273,129.24497199058533,1745970607.273,129.24497199058533,1745970607.273,129.24497199058533
1745970607.521,129.49274826049805,1745970607.521,129.49274826049805,1745970607.521,129.49274826049805,1745970607.521,129.49274826049805
1745970607.769,129.74120569229126,1745970607.769,129.74120569229126,1745970607.769,129.74120569229126,1745970607.769,129.74120569229126
1745970608.018,129.99051880836487,1745970608.018,129.99051880836487,1745970608.018,129.99051880836487,1745970608.018,129.99051880836487
1745970608.281,130.25284600257874,1745970608.281,130.25284600257874,1745970608.281,130.25284600257874,1745970608.281,130.25284600257874
1745970608.513,130.48521733283997,1745970608.513,130.48521733283997,1745970608.513,130.48521733283997,1745970608.513,130.48521733283997
1745970608.763,130.73522090911865,1745970608.763,130.73522090911865,1745970608.763,130.73522090911865,1745970608.763,130.73522090911865
1745970609.025,130.996595621109,1745970609.025,130.996595621109,1745970609.025,130.996595621109,1745970609.025,130.996595621109
1745970609.271,131.24329900741577,1745970609.271,131.24329900741577,1745970609.271,131.24329900741577,1745970609.271,131.24329900741577
1745970609.52,131.4916868209839,1745970609.52,131.4916868209839,1745970609.52,131.4916868209839,1745970609.52,131.4916868209839
1745970609.768,131.740469455719,1745970609.768,131.740469455719,1745970609.768,131.740469455719,1745970609.768,131.740469455719
1745970610.015,131.98729586601257,1745970610.015,131.98729586601257,1745970610.015,131.98729586601257,1745970610.015,131.98729586601257
1745970610.281,132.25329494476318,1745970610.281,132.25329494476318,1745970610.281,132.25329494476318,1745970610.281,132.25329494476318
1745970610.546,132.51829481124878,1745970610.546,132.51829481124878,1745970610.546,132.51829481124878,1745970610.546,132.51829481124878
1745970610.807,132.77933025360107,1745970610.807,132.77933025360107,1745970610.807,132.77933025360107,1745970610.807,132.77933025360107
1745970611.082,133.05433058738708,1745970611.082,133.05433058738708,1745970611.082,133.05433058738708,1745970611.082,133.05433058738708
1745970611.332,133.30433011054993,1745970611.332,133.30433011054993,1745970611.332,133.30433011054993,1745970611.332,133.30433011054993
1745970611.564,133.53633642196655,1745970611.564,133.53633642196655,1745970611.564,133.53633642196655,1745970611.564,133.53633642196655
1745970611.822,133.794109582901,1745970611.822,133.794109582901,1745970611.822,133.794109582901,1745970611.822,133.794109582901
1745970612.1,134.07210874557495,1745970612.1,134.07210874557495,1745970612.1,134.07210874557495,1745970612.1,134.07210874557495
1745970612.363,134.33514738082886,1745970612.363,134.33514738082886,1745970612.363,134.33514738082886,1745970612.363,134.33514738082886
1745970612.627,134.59866666793823,1745970612.627,134.59866666793823,1745970612.627,134.59866666793823,1745970612.627,134.59866666793823
1745970612.892,134.86360216140747,1745970612.892,134.86360216140747,1745970612.892,134.86360216140747,1745970612.892,134.86360216140747
1745970613.153,135.1246738433838,1745970613.153,135.1246738433838,1745970613.153,135.1246738433838,1745970613.153,135.1246738433838
1745970613.417,135.38880681991577,1745970613.417,135.38880681991577,1745970613.417,135.38880681991577,1745970613.417,135.38880681991577
1745970613.695,135.66699242591858,1745970613.695,135.66699242591858,1745970613.695,135.66699242591858,1745970613.695,135.66699242591858
1745970613.957,135.92942428588867,1745970613.957,135.92942428588867,1745970613.957,135.92942428588867,1745970613.957,135.92942428588867
1745970614.223,136.19467186927795,1745970614.223,136.19467186927795,1745970614.223,136.19467186927795,1745970614.223,136.19467186927795
1745970614.469,136.44072365760803,1745970614.469,136.44072365760803,1745970614.469,136.44072365760803,1745970614.469,136.44072365760803
1745970614.73,136.70221662521362,1745970614.73,136.70221662521362,1745970614.73,136.70221662521362,1745970614.73,136.70221662521362
1745970614.982,136.9537808895111,1745970614.982,136.9537808895111,1745970614.982,136.9537808895111,1745970614.982,136.9537808895111
1745970615.253,137.22518920898438,1745970615.253,137.22518920898438,1745970615.253,137.22518920898438,1745970615.253,137.22518920898438
1745970615.519,137.49102234840393,1745970615.519,137.49102234840393,1745970615.519,137.49102234840393,1745970615.519,137.49102234840393
1745970615.773,137.74455761909485,1745970615.773,137.74455761909485,1745970615.773,137.74455761909485,1745970615.773,137.74455761909485
1745970616.027,137.9992265701294,1745970616.027,137.9992265701294,1745970616.027,137.9992265701294,1745970616.027,137.9992265701294
1745970616.304,138.27555513381958,1745970616.304,138.27555513381958,1745970616.304,138.27555513381958,1745970616.304,138.27555513381958
1745970616.55,138.5216417312622,1745970616.55,138.5216417312622,1745970616.55,138.5216417312622,1745970616.55,138.5216417312622
1745970616.812,138.78398489952087,1745970616.812,138.78398489952087,1745970616.812,138.78398489952087,1745970616.812,138.78398489952087
1745970617.074,139.04565906524658,1745970617.074,139.04565906524658,1745970617.074,139.04565906524658,1745970617.074,139.04565906524658
1745970617.336,139.3082230091095,1745970617.336,139.3082230091095,1745970617.336,139.3082230091095,1745970617.336,139.3082230091095
1745970617.599,139.5710961818695,1745970617.599,139.5710961818695,1745970617.599,139.5710961818695,1745970617.599,139.5710961818695
1745970617.864,139.83585453033447,1745970617.864,139.83585453033447,1745970617.864,139.83585453033447,1745970617.864,139.83585453033447
1745970618.126,140.09830784797668,1745970618.126,140.09830784797668,1745970618.126,140.09830784797668,1745970618.126,140.09830784797668
1745970618.373,140.34511017799377,1745970618.373,140.34511017799377,1745970618.373,140.34511017799377,1745970618.373,140.34511017799377
1745970618.635,140.60716485977173,1745970618.635,140.60716485977173,1745970618.635,140.60716485977173,1745970618.635,140.60716485977173
1745970618.902,140.87422919273376,1745970618.902,140.87422919273376,1745970618.902,140.87422919273376,1745970618.902,140.87422919273376
1745970619.174,141.14617276191711,1745970619.174,141.14617276191711,1745970619.174,141.14617276191711,1745970619.174,141.14617276191711
1745970619.437,141.40944504737854,1745970619.437,141.40944504737854,1745970619.437,141.40944504737854,1745970619.437,141.40944504737854
1745970619.685,141.65698766708374,1745970619.685,141.65698766708374,1745970619.685,141.65698766708374,1745970619.685,141.65698766708374
1745970619.945,141.9172911643982,1745970619.945,141.9172911643982,1745970619.945,141.9172911643982,1745970619.945,141.9172911643982
1745970620.194,142.16580367088318,1745970620.194,142.16580367088318,1745970620.194,142.16580367088318,1745970620.194,142.16580367088318
1745970620.456,142.4277002811432,1745970620.456,142.4277002811432,1745970620.456,142.4277002811432,1745970620.456,142.4277002811432
1745970620.691,142.66374015808105,1745970620.692,142.66374015808105,1745970620.692,142.66374015808105,1745970620.692,142.66374015808105
1745970620.938,142.91045689582825,1745970620.938,142.91045689582825,1745970620.938,142.91045689582825,1745970620.938,142.91045689582825
1745970621.198,143.17034268379211,1745970621.198,143.17034268379211,1745970621.198,143.17034268379211,1745970621.198,143.17034268379211
1745970621.476,143.447988986969,1745970621.476,143.447988986969,1745970621.476,143.447988986969,1745970621.476,143.447988986969
1745970621.736,143.70784211158752,1745970621.736,143.70784211158752,1745970621.736,143.70784211158752,1745970621.736,143.70784211158752
1745970621.998,143.97005581855774,1745970621.998,143.97005581855774,1745970621.998,143.97005581855774,1745970621.998,143.97005581855774
1745970622.244,144.21624875068665,1745970622.244,144.21624875068665,1745970622.244,144.21624875068665,1745970622.244,144.21624875068665
1745970622.523,144.4951901435852,1745970622.523,144.4951901435852,1745970622.523,144.4951901435852,1745970622.523,144.4951901435852
1745970622.771,144.74285173416138,1745970622.771,144.74285173416138,1745970622.771,144.74285173416138,1745970622.771,144.74285173416138
1745970623.019,144.99102210998535,1745970623.019,144.99102210998535,1745970623.019,144.99102210998535,1745970623.019,144.99102210998535
1745970623.281,145.25327491760254,1745970623.281,145.25327491760254,1745970623.281,145.25327491760254,1745970623.281,145.25327491760254
1745970623.529,145.5009264945984,1745970623.529,145.5009264945984,1745970623.529,145.5009264945984,1745970623.529,145.5009264945984
1745970623.791,145.76302695274353,1745970623.791,145.76302695274353,1745970623.791,145.76302695274353,1745970623.791,145.76302695274353
1745970624.058,146.03038001060486,1745970624.058,146.03038001060486,1745970624.058,146.03038001060486,1745970624.058,146.03038001060486
1745970624.319,146.29137802124023,1745970624.319,146.29137802124023,1745970624.319,146.29137802124023,1745970624.319,146.29137802124023
1745970624.578,146.55042457580566,1745970624.578,146.55042457580566,1745970624.578,146.55042457580566,1745970624.578,146.55042457580566
1745970624.825,146.7967517375946,1745970624.825,146.7967517375946,1745970624.825,146.7967517375946,1745970624.825,146.7967517375946
1745970625.084,147.05575156211853,1745970625.084,147.05575156211853,1745970625.084,147.05575156211853,1745970625.084,147.05575156211853
1745970625.344,147.31591796875,1745970625.344,147.31591796875,1745970625.344,147.31591796875,1745970625.344,147.31591796875
1745970625.602,147.5736529827118,1745970625.602,147.5736529827118,1745970625.602,147.5736529827118,1745970625.602,147.5736529827118
1745970625.858,147.83010387420654,1745970625.858,147.83010387420654,1745970625.858,147.83010387420654,1745970625.858,147.83010387420654
1745970626.117,148.0893623828888,1745970626.117,148.0893623828888,1745970626.117,148.0893623828888,1745970626.117,148.0893623828888
1745970626.377,148.34888815879822,1745970626.377,148.34888815879822,1745970626.377,148.34888815879822,1745970626.377,148.34888815879822
1745970626.635,148.60691571235657,1745970626.635,148.60691571235657,1745970626.635,148.60691571235657,1745970626.635,148.60691571235657
1745970626.911,148.8826825618744,1745970626.911,148.8826825618744,1745970626.911,148.8826825618744,1745970626.911,148.8826825618744
1745970627.173,149.14481687545776,1745970627.173,149.14481687545776,1745970627.173,149.14481687545776,1745970627.173,149.14481687545776
1745970627.434,149.40644764900208,1745970627.434,149.40644764900208,1745970627.434,149.40644764900208,1745970627.434,149.40644764900208
1745970627.696,149.66816353797913,1745970627.696,149.66816353797913,1745970627.696,149.66816353797913,1745970627.696,149.66816353797913
1745970627.962,149.93356895446777,1745970627.962,149.93356895446777,1745970627.962,149.93356895446777,1745970627.962,149.93356895446777
1745970628.193,150.16532015800476,1745970628.193,150.16532015800476,1745970628.193,150.16532015800476,1745970628.193,150.16532015800476
1745970628.456,150.42835307121277,1745970628.456,150.42835307121277,1745970628.456,150.42835307121277,1745970628.456,150.42835307121277
1745970628.718,150.69031810760498,1745970628.718,150.69031810760498,1745970628.718,150.69031810760498,1745970628.718,150.69031810760498
1745970628.98,150.95235347747803,1745970628.98,150.95235347747803,1745970628.98,150.95235347747803,1745970628.98,150.95235347747803
1745970629.242,151.21431756019592,1745970629.242,151.21431756019592,1745970629.242,151.21431756019592,1745970629.242,151.21431756019592
1745970629.488,151.460355758667,1745970629.488,151.460355758667,1745970629.488,151.460355758667,1745970629.488,151.460355758667
1745970629.752,151.72432160377502,1745970629.752,151.72432160377502,1745970629.752,151.72432160377502,1745970629.752,151.72432160377502
