timestamp,time,timestamp6,time2,timestamp2,time3,timestamp3,time9
1745970667.06,0.04399895668029785,1745970667.06,0.04399895668029785,1745970667.06,0.04399895668029785,1745970667.06,0.04399895668029785
1745970667.327,0.31099867820739746,1745970667.327,0.31099867820739746,1745970667.327,0.31099867820739746,1745970667.327,0.31099867820739746
1745970667.589,0.5729520320892334,1745970667.589,0.5729520320892334,1745970667.589,0.5729520320892334,1745970667.589,0.5729520320892334
1745970667.866,0.8498597145080566,1745970667.866,0.8498597145080566,1745970667.866,0.8498597145080566,1745970667.866,0.8498597145080566
1745970668.126,1.1098601818084717,1745970668.126,1.1098601818084717,1745970668.126,1.1098601818084717,1745970668.126,1.1098601818084717
1745970668.373,1.3568594455718994,1745970668.373,1.3568594455718994,1745970668.373,1.3568594455718994,1745970668.373,1.3568594455718994
1745970668.624,1.6078968048095703,1745970668.624,1.6078968048095703,1745970668.624,1.6078968048095703,1745970668.624,1.6078968048095703
1745970668.886,1.869584321975708,1745970668.886,1.869584321975708,1745970668.886,1.869584321975708,1745970668.886,1.869584321975708
1745970669.153,2.136312961578369,1745970669.153,2.136312961578369,1745970669.153,2.136312961578369,1745970669.153,2.136312961578369
1745970669.402,2.3854939937591553,1745970669.402,2.3854939937591553,1745970669.402,2.3854939937591553,1745970669.402,2.3854939937591553
1745970669.665,2.6491098403930664,1745970669.665,2.6491098403930664,1745970669.665,2.6491098403930664,1745970669.665,2.6491098403930664
1745970669.942,2.9255926609039307,1745970669.942,2.9255926609039307,1745970669.942,2.9255926609039307,1745970669.942,2.9255926609039307
1745970670.205,3.1883702278137207,1745970670.205,3.1883702278137207,1745970670.205,3.1883702278137207,1745970670.205,3.1883702278137207
1745970670.466,3.449422836303711,1745970670.466,3.449422836303711,1745970670.466,3.449422836303711,1745970670.466,3.449422836303711
1745970670.714,3.6975884437561035,1745970670.714,3.6975884437561035,1745970670.714,3.6975884437561035,1745970670.714,3.6975884437561035
1745970670.99,3.9735732078552246,1745970670.99,3.9735732078552246,1745970670.99,3.9735732078552246,1745970670.99,3.9735732078552246
1745970671.238,4.221174716949463,1745970671.238,4.221174716949463,1745970671.238,4.221174716949463,1745970671.238,4.221174716949463
1745970671.502,4.485213041305542,1745970671.502,4.485213041305542,1745970671.502,4.485213041305542,1745970671.502,4.485213041305542
1745970671.762,4.745236396789551,1745970671.762,4.745236396789551,1745970671.762,4.745236396789551,1745970671.762,4.745236396789551
1745970672.036,5.019405364990234,1745970672.036,5.019405364990234,1745970672.036,5.019405364990234,1745970672.036,5.019405364990234
1745970672.296,5.2800257205963135,1745970672.296,5.2800257205963135,1745970672.296,5.2800257205963135,1745970672.296,5.2800257205963135
1745970672.557,5.541032552719116,1745970672.557,5.541032552719116,1745970672.557,5.541032552719116,1745970672.557,5.541032552719116
1745970672.834,5.818114995956421,1745970672.834,5.818114995956421,1745970672.834,5.818114995956421,1745970672.834,5.818114995956421
1745970673.08,6.0640528202056885,1745970673.08,6.0640528202056885,1745970673.08,6.0640528202056885,1745970673.08,6.0640528202056885
1745970673.342,6.325310230255127,1745970673.342,6.325310230255127,1745970673.342,6.325310230255127,1745970673.342,6.325310230255127
1745970673.601,6.584582567214966,1745970673.601,6.584582567214966,1745970673.601,6.584582567214966,1745970673.601,6.584582567214966
1745970673.861,6.844648122787476,1745970673.861,6.844648122787476,1745970673.861,6.844648122787476,1745970673.861,6.844648122787476
1745970674.123,7.1061882972717285,1745970674.123,7.1061882972717285,1745970674.123,7.1061882972717285,1745970674.123,7.1061882972717285
1745970674.387,7.370723485946655,1745970674.387,7.370723485946655,1745970674.387,7.370723485946655,1745970674.387,7.370723485946655
1745970674.649,7.63275146484375,1745970674.649,7.63275146484375,1745970674.649,7.63275146484375,1745970674.649,7.63275146484375
1745970674.912,7.895199537277222,1745970674.912,7.895199537277222,1745970674.912,7.895199537277222,1745970674.912,7.895199537277222
1745970675.175,8.158456802368164,1745970675.175,8.158456802368164,1745970675.175,8.158456802368164,1745970675.175,8.158456802368164
1745970675.438,8.421983480453491,1745970675.438,8.421983480453491,1745970675.438,8.421983480453491,1745970675.438,8.421983480453491
1745970675.703,8.686316967010498,1745970675.703,8.686316967010498,1745970675.703,8.686316967010498,1745970675.703,8.686316967010498
1745970675.968,8.95136022567749,1745970675.968,8.95136022567749,1745970675.968,8.95136022567749,1745970675.968,8.95136022567749
1745970676.234,9.217538595199585,1745970676.234,9.217538595199585,1745970676.234,9.217538595199585,1745970676.234,9.217538595199585
1745970676.481,9.464733362197876,1745970676.481,9.464733362197876,1745970676.481,9.464733362197876,1745970676.481,9.464733362197876
1745970676.746,9.729220628738403,1745970676.746,9.729220628738403,1745970676.746,9.729220628738403,1745970676.746,9.729220628738403
1745970677.009,9.992339611053467,1745970677.009,9.992339611053467,1745970677.009,9.992339611053467,1745970677.009,9.992339611053467
1745970677.258,10.24148941040039,1745970677.258,10.24148941040039,1745970677.258,10.24148941040039,1745970677.258,10.24148941040039
1745970677.506,10.48969841003418,1745970677.506,10.48969841003418,1745970677.506,10.48969841003418,1745970677.506,10.48969841003418
1745970677.755,10.738357305526733,1745970677.755,10.738357305526733,1745970677.755,10.738357305526733,1745970677.755,10.738357305526733
1745970678.006,10.989275217056274,1745970678.006,10.989275217056274,1745970678.006,10.989275217056274,1745970678.006,10.989275217056274
1745970678.242,11.225905895233154,1745970678.242,11.225905895233154,1745970678.242,11.225905895233154,1745970678.242,11.225905895233154
1745970678.5,11.484050989151001,1745970678.5,11.484050989151001,1745970678.5,11.484050989151001,1745970678.5,11.484050989151001
1745970678.763,11.746204614639282,1745970678.763,11.746204614639282,1745970678.763,11.746204614639282,1745970678.763,11.746204614639282
1745970679.01,11.994069337844849,1745970679.01,11.994069337844849,1745970679.01,11.994069337844849,1745970679.01,11.994069337844849
1745970679.288,12.271644592285156,1745970679.288,12.271644592285156,1745970679.288,12.271644592285156,1745970679.288,12.271644592285156
1745970679.538,12.521754264831543,1745970679.538,12.521754264831543,1745970679.538,12.521754264831543,1745970679.538,12.521754264831543
1745970679.8,12.783274173736572,1745970679.8,12.783274173736572,1745970679.8,12.783274173736572,1745970679.8,12.783274173736572
1745970680.062,13.04526686668396,1745970680.062,13.04526686668396,1745970680.062,13.04526686668396,1745970680.062,13.04526686668396
1745970680.322,13.305480480194092,1745970680.322,13.305480480194092,1745970680.322,13.305480480194092,1745970680.322,13.305480480194092
1745970680.602,13.58553147315979,1745970680.602,13.58553147315979,1745970680.602,13.58553147315979,1745970680.602,13.58553147315979
1745970680.851,13.834267377853394,1745970680.851,13.834267377853394,1745970680.851,13.834267377853394,1745970680.851,13.834267377853394
1745970681.098,14.08198356628418,1745970681.098,14.08198356628418,1745970681.098,14.08198356628418,1745970681.098,14.08198356628418
1745970681.346,14.329636096954346,1745970681.346,14.329636096954346,1745970681.346,14.329636096954346,1745970681.346,14.329636096954346
1745970681.594,14.577269077301025,1745970681.594,14.577269077301025,1745970681.594,14.577269077301025,1745970681.594,14.577269077301025
1745970681.857,14.84108591079712,1745970681.857,14.84108591079712,1745970681.857,14.84108591079712,1745970681.857,14.84108591079712
1745970682.103,15.086500406265259,1745970682.103,15.086500406265259,1745970682.103,15.086500406265259,1745970682.103,15.086500406265259
1745970682.381,15.365064859390259,1745970682.381,15.365064859390259,1745970682.381,15.365064859390259,1745970682.381,15.365064859390259
1745970682.631,15.614346027374268,1745970682.631,15.614346027374268,1745970682.631,15.614346027374268,1745970682.631,15.614346027374268
1745970682.878,15.861562490463257,1745970682.878,15.861562490463257,1745970682.878,15.861562490463257,1745970682.878,15.861562490463257
1745970683.141,16.124147415161133,1745970683.141,16.124147415161133,1745970683.141,16.124147415161133,1745970683.141,16.124147415161133
1745970683.389,16.372591018676758,1745970683.389,16.372591018676758,1745970683.389,16.372591018676758,1745970683.389,16.372591018676758
1745970683.652,16.635266542434692,1745970683.652,16.635266542434692,1745970683.652,16.635266542434692,1745970683.652,16.635266542434692
1745970683.901,16.88443374633789,1745970683.901,16.88443374633789,1745970683.901,16.88443374633789,1745970683.901,16.88443374633789
1745970684.163,17.146310091018677,1745970684.163,17.146310091018677,1745970684.163,17.146310091018677,1745970684.163,17.146310091018677
1745970684.426,17.4098904132843,1745970684.426,17.4098904132843,1745970684.426,17.4098904132843,1745970684.426,17.4098904132843
1745970684.689,17.672183990478516,1745970684.689,17.672183990478516,1745970684.689,17.672183990478516,1745970684.689,17.672183990478516
1745970684.952,17.935553789138794,1745970684.952,17.935553789138794,1745970684.952,17.935553789138794,1745970684.952,17.935553789138794
1745970685.216,18.19928789138794,1745970685.216,18.19928789138794,1745970685.216,18.19928789138794,1745970685.216,18.19928789138794
1745970685.479,18.462252855300903,1745970685.479,18.462252855300903,1745970685.479,18.462252855300903,1745970685.479,18.462252855300903
1745970685.758,18.74135398864746,1745970685.758,18.74135398864746,1745970685.758,18.74135398864746,1745970685.758,18.74135398864746
1745970686.006,18.989182233810425,1745970686.006,18.989182233810425,1745970686.006,18.989182233810425,1745970686.006,18.989182233810425
1745970686.267,19.250412702560425,1745970686.267,19.250412702560425,1745970686.267,19.250412702560425,1745970686.267,19.250412702560425
1745970686.53,19.513134717941284,1745970686.53,19.513134717941284,1745970686.53,19.513134717941284,1745970686.53,19.513134717941284
1745970686.777,19.76030158996582,1745970686.777,19.76030158996582,1745970686.777,19.76030158996582,1745970686.777,19.76030158996582
1745970687.054,20.037989854812622,1745970687.054,20.037989854812622,1745970687.054,20.037989854812622,1745970687.054,20.037989854812622
1745970687.317,20.300405740737915,1745970687.317,20.300405740737915,1745970687.317,20.300405740737915,1745970687.317,20.300405740737915
1745970687.577,20.5609712600708,1745970687.577,20.5609712600708,1745970687.577,20.5609712600708,1745970687.577,20.5609712600708
1745970687.826,20.809224128723145,1745970687.826,20.809224128723145,1745970687.826,20.809224128723145,1745970687.826,20.809224128723145
1745970688.062,21.046067476272583,1745970688.062,21.046067476272583,1745970688.062,21.046067476272583,1745970688.062,21.046067476272583
1745970688.322,21.30564832687378,1745970688.322,21.30564832687378,1745970688.322,21.30564832687378,1745970688.322,21.30564832687378
1745970688.601,21.58416247367859,1745970688.601,21.58416247367859,1745970688.601,21.58416247367859,1745970688.601,21.58416247367859
1745970688.847,21.830768823623657,1745970688.847,21.830768823623657,1745970688.847,21.830768823623657,1745970688.847,21.830768823623657
1745970689.109,22.092293739318848,1745970689.109,22.092293739318848,1745970689.109,22.092293739318848,1745970689.109,22.092293739318848
1745970689.374,22.35738492012024,1745970689.374,22.35738492012024,1745970689.374,22.35738492012024,1745970689.374,22.35738492012024
1745970689.635,22.618322372436523,1745970689.635,22.61932063102722,1745970689.636,22.61932063102722,1745970689.636,22.61932063102722
1745970689.9,22.88337802886963,1745970689.9,22.88337802886963,1745970689.9,22.88337802886963,1745970689.9,22.88337802886963
1745970690.165,23.14840054512024,1745970690.165,23.14840054512024,1745970690.165,23.14840054512024,1745970690.165,23.14840054512024
1745970690.428,23.41165256500244,1745970690.428,23.41165256500244,1745970690.428,23.41165256500244,1745970690.428,23.41165256500244
1745970690.692,23.67558002471924,1745970690.692,23.67558002471924,1745970690.692,23.67558002471924,1745970690.692,23.67558002471924
1745970690.941,23.924506425857544,1745970690.941,23.924506425857544,1745970690.941,23.924506425857544,1745970690.941,23.924506425857544
1745970691.202,24.185197114944458,1745970691.202,24.185197114944458,1745970691.202,24.185197114944458,1745970691.202,24.185197114944458
1745970691.466,24.44934368133545,1745970691.466,24.44934368133545,1745970691.466,24.44934368133545,1745970691.466,24.44934368133545
1745970691.713,24.697076082229614,1745970691.713,24.697076082229614,1745970691.713,24.697076082229614,1745970691.713,24.697076082229614
1745970691.991,24.97420644760132,1745970691.991,24.97420644760132,1745970691.991,24.97420644760132,1745970691.991,24.97420644760132
1745970692.238,25.22178077697754,1745970692.238,25.22178077697754,1745970692.238,25.22178077697754,1745970692.238,25.22178077697754
1745970692.488,25.471703052520752,1745970692.488,25.471703052520752,1745970692.488,25.471703052520752,1745970692.488,25.471703052520752
1745970692.751,25.73416018486023,1745970692.751,25.73416018486023,1745970692.751,25.73416018486023,1745970692.751,25.73416018486023
1745970693.011,25.99497938156128,1745970693.011,25.99497938156128,1745970693.011,25.99497938156128,1745970693.011,25.99497938156128
1745970693.289,26.27237820625305,1745970693.289,26.27237820625305,1745970693.289,26.27237820625305,1745970693.289,26.27237820625305
1745970693.55,26.533945322036743,1745970693.55,26.533945322036743,1745970693.55,26.533945322036743,1745970693.55,26.533945322036743
1745970693.816,26.799370765686035,1745970693.816,26.799370765686035,1745970693.816,26.799370765686035,1745970693.816,26.799370765686035
1745970694.08,27.064050674438477,1745970694.08,27.064050674438477,1745970694.08,27.064050674438477,1745970694.08,27.064050674438477
1745970694.343,27.327092170715332,1745970694.343,27.327092170715332,1745970694.343,27.327092170715332,1745970694.343,27.327092170715332
1745970694.612,27.595308303833008,1745970694.612,27.595308303833008,1745970694.612,27.595308303833008,1745970694.612,27.595308303833008
1745970694.882,27.865256786346436,1745970694.882,27.865256786346436,1745970694.882,27.865256786346436,1745970694.882,27.865256786346436
1745970695.128,28.111582040786743,1745970695.128,28.111582040786743,1745970695.128,28.111582040786743,1745970695.128,28.111582040786743
1745970695.39,28.37345814704895,1745970695.39,28.37345814704895,1745970695.39,28.37345814704895,1745970695.39,28.37345814704895
1745970695.651,28.634286165237427,1745970695.651,28.634286165237427,1745970695.651,28.634286165237427,1745970695.651,28.634286165237427
1745970695.914,28.89811658859253,1745970695.914,28.89811658859253,1745970695.914,28.89811658859253,1745970695.914,28.89811658859253
1745970696.153,29.136274576187134,1745970696.153,29.136274576187134,1745970696.153,29.136274576187134,1745970696.153,29.136274576187134
1745970696.41,29.393138885498047,1745970696.41,29.393138885498047,1745970696.41,29.393138885498047,1745970696.41,29.393138885498047
1745970696.659,29.64271831512451,1745970696.659,29.64271831512451,1745970696.659,29.64271831512451,1745970696.659,29.64271831512451
1745970696.919,29.902143716812134,1745970696.919,29.902143716812134,1745970696.919,29.902143716812134,1745970696.919,29.902143716812134
1745970697.182,30.165830612182617,1745970697.182,30.165830612182617,1745970697.182,30.165830612182617,1745970697.182,30.165830612182617
1745970697.455,30.43883991241455,1745970697.455,30.43883991241455,1745970697.455,30.43883991241455,1745970697.455,30.43883991241455
1745970697.714,30.697144746780396,1745970697.714,30.697144746780396,1745970697.714,30.697144746780396,1745970697.714,30.697144746780396
1745970697.987,30.970353603363037,1745970697.987,30.970353603363037,1745970697.987,30.970353603363037,1745970697.987,30.970353603363037
1745970698.232,31.215787887573242,1745970698.232,31.215787887573242,1745970698.232,31.215787887573242,1745970698.232,31.215787887573242
1745970698.489,31.473089933395386,1745970698.489,31.473089933395386,1745970698.489,31.473089933395386,1745970698.489,31.473089933395386
1745970698.748,31.732008457183838,1745970698.748,31.732008457183838,1745970698.748,31.732008457183838,1745970698.748,31.732008457183838
1745970698.993,31.97635817527771,1745970698.993,31.97635817527771,1745970698.993,31.97635817527771,1745970698.993,31.97635817527771
1745970699.232,32.21596693992615,1745970699.232,32.21596693992615,1745970699.232,32.21596693992615,1745970699.232,32.21596693992615
1745970699.504,32.48762822151184,1745970699.504,32.48762822151184,1745970699.504,32.48762822151184,1745970699.504,32.48762822151184
1745970699.763,32.74658679962158,1745970699.763,32.74658679962158,1745970699.763,32.74658679962158,1745970699.763,32.74658679962158
1745970700.01,32.994001150131226,1745970700.01,32.994001150131226,1745970700.01,32.994001150131226,1745970700.01,32.994001150131226
1745970700.264,33.24799966812134,1745970700.264,33.24799966812134,1745970700.264,33.24799966812134,1745970700.264,33.24799966812134
1745970700.525,33.50840973854065,1745970700.525,33.50840973854065,1745970700.525,33.50840973854065,1745970700.525,33.50840973854065
1745970700.787,33.77050447463989,1745970700.787,33.77050447463989,1745970700.787,33.77050447463989,1745970700.787,33.77050447463989
1745970701.05,34.03316807746887,1745970701.05,34.03316807746887,1745970701.05,34.03316807746887,1745970701.05,34.03316807746887
1745970701.297,34.281089544296265,1745970701.297,34.281089544296265,1745970701.297,34.281089544296265,1745970701.297,34.281089544296265
1745970701.543,34.52677083015442,1745970701.543,34.52677083015442,1745970701.543,34.52677083015442,1745970701.543,34.52677083015442
1745970701.82,34.803361654281616,1745970701.82,34.803361654281616,1745970701.82,34.803361654281616,1745970701.82,34.803361654281616
1745970702.065,35.0485417842865,1745970702.065,35.0485417842865,1745970702.065,35.0485417842865,1745970702.065,35.0485417842865
1745970702.329,35.31215524673462,1745970702.329,35.31215524673462,1745970702.329,35.31215524673462,1745970702.329,35.31215524673462
1745970702.593,35.5761661529541,1745970702.593,35.5761661529541,1745970702.593,35.5761661529541,1745970702.593,35.5761661529541
1745970702.855,35.83815026283264,1745970702.855,35.83815026283264,1745970702.855,35.83815026283264,1745970702.855,35.83815026283264
1745970703.133,36.116621255874634,1745970703.133,36.116621255874634,1745970703.133,36.116621255874634,1745970703.133,36.116621255874634
1745970703.382,36.365352630615234,1745970703.382,36.365352630615234,1745970703.382,36.365352630615234,1745970703.382,36.365352630615234
1745970703.645,36.628859996795654,1745970703.645,36.628859996795654,1745970703.645,36.628859996795654,1745970703.645,36.628859996795654
1745970703.895,36.87830114364624,1745970703.895,36.87830114364624,1745970703.895,36.87830114364624,1745970703.895,36.87830114364624
1745970704.144,37.127296447753906,1745970704.144,37.127296447753906,1745970704.144,37.127296447753906,1745970704.144,37.127296447753906
1745970704.406,37.390095233917236,1745970704.406,37.390095233917236,1745970704.406,37.390095233917236,1745970704.406,37.390095233917236
1745970704.67,37.65357041358948,1745970704.67,37.65357041358948,1745970704.67,37.65357041358948,1745970704.67,37.65357041358948
1745970704.933,37.917086362838745,1745970704.933,37.917086362838745,1745970704.933,37.917086362838745,1745970704.933,37.917086362838745
1745970705.211,38.19427227973938,1745970705.211,38.19427227973938,1745970705.211,38.19427227973938,1745970705.211,38.19427227973938
1745970705.443,38.426292181015015,1745970705.443,38.426292181015015,1745970705.443,38.426292181015015,1745970705.443,38.426292181015015
1745970705.708,38.69188642501831,1745970705.708,38.69188642501831,1745970705.708,38.69188642501831,1745970705.708,38.69188642501831
1745970705.974,38.95784950256348,1745970705.974,38.95784950256348,1745970705.974,38.95784950256348,1745970705.974,38.95784950256348
1745970706.24,39.2232825756073,1745970706.24,39.2232825756073,1745970706.24,39.2232825756073,1745970706.24,39.2232825756073
1745970706.502,39.486058473587036,1745970706.502,39.486058473587036,1745970706.502,39.486058473587036,1745970706.502,39.486058473587036
1745970706.765,39.74858570098877,1745970706.765,39.74858570098877,1745970706.765,39.74858570098877,1745970706.765,39.74858570098877
1745970707.031,40.01470613479614,1745970707.031,40.01470613479614,1745970707.031,40.01470613479614,1745970707.031,40.01470613479614
1745970707.279,40.26310181617737,1745970707.279,40.26310181617737,1745970707.279,40.26310181617737,1745970707.279,40.26310181617737
1745970707.544,40.528061628341675,1745970707.544,40.528061628341675,1745970707.544,40.528061628341675,1745970707.544,40.528061628341675
1745970707.791,40.774168968200684,1745970707.791,40.774168968200684,1745970707.791,40.774168968200684,1745970707.791,40.774168968200684
1745970708.07,41.05390548706055,1745970708.07,41.05390548706055,1745970708.07,41.05390548706055,1745970708.07,41.05390548706055
1745970708.318,41.30146026611328,1745970708.318,41.30146026611328,1745970708.318,41.30146026611328,1745970708.318,41.30146026611328
1745970708.582,41.56515169143677,1745970708.582,41.56515169143677,1745970708.582,41.56515169143677,1745970708.582,41.56515169143677
1745970708.846,41.83007311820984,1745970708.846,41.83007311820984,1745970708.846,41.83007311820984,1745970708.846,41.83007311820984
1745970709.11,42.09326219558716,1745970709.11,42.09326219558716,1745970709.11,42.09326219558716,1745970709.11,42.09326219558716
1745970709.373,42.356422662734985,1745970709.373,42.356422662734985,1745970709.373,42.356422662734985,1745970709.373,42.356422662734985
1745970709.633,42.61650991439819,1745970709.633,42.61650991439819,1745970709.633,42.61650991439819,1745970709.633,42.61650991439819
1745970709.896,42.87913417816162,1745970709.896,42.87913417816162,1745970709.896,42.87913417816162,1745970709.896,42.87913417816162
1745970710.142,43.125948429107666,1745970710.142,43.125948429107666,1745970710.142,43.125948429107666,1745970710.142,43.125948429107666
1745970710.404,43.388023853302,1745970710.404,43.388023853302,1745970710.404,43.388023853302,1745970710.404,43.388023853302
1745970710.662,43.64604592323303,1745970710.662,43.64604592323303,1745970710.662,43.64604592323303,1745970710.662,43.64604592323303
1745970710.909,43.89310264587402,1745970710.909,43.89310264587402,1745970710.909,43.89310264587402,1745970710.909,43.89310264587402
1745970711.173,44.15700578689575,1745970711.173,44.15700578689575,1745970711.173,44.15700578689575,1745970711.173,44.15700578689575
1745970711.419,44.40264391899109,1745970711.419,44.40264391899109,1745970711.419,44.40264391899109,1745970711.419,44.40264391899109
1745970711.681,44.665098428726196,1745970711.681,44.665098428726196,1745970711.681,44.665098428726196,1745970711.681,44.665098428726196
1745970711.961,44.94450855255127,1745970711.961,44.94450855255127,1745970711.961,44.94450855255127,1745970711.961,44.94450855255127
1745970712.225,45.20824861526489,1745970712.225,45.20824861526489,1745970712.225,45.20824861526489,1745970712.225,45.20824861526489
1745970712.471,45.45502972602844,1745970712.471,45.45502972602844,1745970712.471,45.45502972602844,1745970712.471,45.45502972602844
1745970712.72,45.70375061035156,1745970712.72,45.70375061035156,1745970712.72,45.70375061035156,1745970712.72,45.70375061035156
1745970712.985,45.968226194381714,1745970712.985,45.968226194381714,1745970712.985,45.968226194381714,1745970712.985,45.968226194381714
1745970713.247,46.231085538864136,1745970713.247,46.231085538864136,1745970713.247,46.231085538864136,1745970713.247,46.231085538864136
1745970713.514,46.49771785736084,1745970713.514,46.49771785736084,1745970713.514,46.49771785736084,1745970713.514,46.49771785736084
1745970713.762,46.745755672454834,1745970713.762,46.745755672454834,1745970713.762,46.745755672454834,1745970713.762,46.745755672454834
1745970714.011,46.99475145339966,1745970714.011,46.99475145339966,1745970714.011,46.99475145339966,1745970714.011,46.99475145339966
1745970714.275,47.25876331329346,1745970714.275,47.25876331329346,1745970714.275,47.25876331329346,1745970714.275,47.25876331329346
1745970714.536,47.519850730895996,1745970714.536,47.519850730895996,1745970714.536,47.519850730895996,1745970714.536,47.519850730895996
1745970714.784,47.767773151397705,1745970714.784,47.767773151397705,1745970714.784,47.767773151397705,1745970714.784,47.767773151397705
1745970715.048,48.03172159194946,1745970715.048,48.03172159194946,1745970715.048,48.03172159194946,1745970715.048,48.03172159194946
1745970715.292,48.2751829624176,1745970715.292,48.2751829624176,1745970715.292,48.2751829624176,1745970715.292,48.2751829624176
1745970715.551,48.53476142883301,1745970715.551,48.53476142883301,1745970715.551,48.53476142883301,1745970715.551,48.53476142883301
1745970715.808,48.791455030441284,1745970715.808,48.791455030441284,1745970715.808,48.791455030441284,1745970715.808,48.791455030441284
1745970716.083,49.066306352615356,1745970716.083,49.066306352615356,1745970716.083,49.066306352615356,1745970716.083,49.066306352615356
1745970716.341,49.32488536834717,1745970716.341,49.32488536834717,1745970716.341,49.32488536834717,1745970716.341,49.32488536834717
1745970716.603,49.586244344711304,1745970716.603,49.586244344711304,1745970716.603,49.586244344711304,1745970716.603,49.586244344711304
1745970716.861,49.84498834609985,1745970716.861,49.84498834609985,1745970716.861,49.84498834609985,1745970716.861,49.84498834609985
1745970717.123,50.10676312446594,1745970717.123,50.10676312446594,1745970717.123,50.10676312446594,1745970717.123,50.10676312446594
1745970717.37,50.353848695755005,1745970717.37,50.353848695755005,1745970717.37,50.353848695755005,1745970717.37,50.353848695755005
1745970717.649,50.632460594177246,1745970717.649,50.632460594177246,1745970717.649,50.632460594177246,1745970717.649,50.632460594177246
1745970717.912,50.896003007888794,1745970717.912,50.896003007888794,1745970717.912,50.896003007888794,1745970717.912,50.896003007888794
1745970718.161,51.14486575126648,1745970718.161,51.14486575126648,1745970718.161,51.14486575126648,1745970718.161,51.14486575126648
1745970718.426,51.409775733947754,1745970718.426,51.409775733947754,1745970718.426,51.409775733947754,1745970718.426,51.409775733947754
1745970718.691,51.674325466156006,1745970718.691,51.674325466156006,1745970718.691,51.674325466156006,1745970718.691,51.674325466156006
1745970718.954,51.93775701522827,1745970718.954,51.93775701522827,1745970718.954,51.93775701522827,1745970718.954,51.93775701522827
1745970719.202,52.18542838096619,1745970719.202,52.18542838096619,1745970719.202,52.18542838096619,1745970719.202,52.18542838096619
1745970719.449,52.432729721069336,1745970719.449,52.432729721069336,1745970719.449,52.432729721069336,1745970719.449,52.432729721069336
1745970719.727,52.710407972335815,1745970719.727,52.710407972335815,1745970719.727,52.710407972335815,1745970719.727,52.710407972335815
1745970719.972,52.95597767829895,1745970719.972,52.95597767829895,1745970719.972,52.95597767829895,1745970719.972,52.95597767829895
1745970720.219,53.2022442817688,1745970720.219,53.2022442817688,1745970720.219,53.2022442817688,1745970720.219,53.2022442817688
1745970720.485,53.4685742855072,1745970720.485,53.4685742855072,1745970720.485,53.4685742855072,1745970720.485,53.4685742855072
1745970720.735,53.71842098236084,1745970720.735,53.71842098236084,1745970720.735,53.71842098236084,1745970720.735,53.71842098236084
1745970720.997,53.98062324523926,1745970720.997,53.98062324523926,1745970720.997,53.98062324523926,1745970720.997,53.98062324523926
1745970721.26,54.24381637573242,1745970721.26,54.24381637573242,1745970721.26,54.24381637573242,1745970721.26,54.24381637573242
1745970721.523,54.50707244873047,1745970721.523,54.50707244873047,1745970721.523,54.50707244873047,1745970721.523,54.50707244873047
1745970721.787,54.77051138877869,1745970721.787,54.77051138877869,1745970721.787,54.77051138877869,1745970721.787,54.77051138877869
1745970722.035,55.01837396621704,1745970722.035,55.01837396621704,1745970722.035,55.01837396621704,1745970722.035,55.01837396621704
1745970722.298,55.28210949897766,1745970722.298,55.28210949897766,1745970722.298,55.28210949897766,1745970722.298,55.28210949897766
1745970722.562,55.545331954956055,1745970722.562,55.545331954956055,1745970722.562,55.545331954956055,1745970722.562,55.545331954956055
1745970722.824,55.80716943740845,1745970722.824,55.80716943740845,1745970722.824,55.80716943740845,1745970722.824,55.80716943740845
1745970723.073,56.05695128440857,1745970723.073,56.05695128440857,1745970723.073,56.05695128440857,1745970723.073,56.05695128440857
1745970723.353,56.33651423454285,1745970723.353,56.33651423454285,1745970723.353,56.33651423454285,1745970723.353,56.33651423454285
1745970723.619,56.60249471664429,1745970723.619,56.60249471664429,1745970723.619,56.60249471664429,1745970723.619,56.60249471664429
1745970723.881,56.86462330818176,1745970723.881,56.86462330818176,1745970723.881,56.86462330818176,1745970723.881,56.86462330818176
1745970724.144,57.128095626831055,1745970724.144,57.128095626831055,1745970724.144,57.128095626831055,1745970724.144,57.128095626831055
1745970724.393,57.37700700759888,1745970724.393,57.37700700759888,1745970724.393,57.37700700759888,1745970724.393,57.37700700759888
1745970724.655,57.63874650001526,1745970724.655,57.63874650001526,1745970724.655,57.63874650001526,1745970724.655,57.63874650001526
1745970724.917,57.90073370933533,1745970724.917,57.90073370933533,1745970724.917,57.90073370933533,1745970724.917,57.90073370933533
1745970725.196,58.179364919662476,1745970725.196,58.179364919662476,1745970725.196,58.179364919662476,1745970725.196,58.179364919662476
1745970725.444,58.42713451385498,1745970725.444,58.42713451385498,1745970725.444,58.42713451385498,1745970725.444,58.42713451385498
1745970725.709,58.69225215911865,1745970725.709,58.69225215911865,1745970725.709,58.69225215911865,1745970725.709,58.69225215911865
1745970725.973,58.95634436607361,1745970725.973,58.95634436607361,1745970725.973,58.95634436607361,1745970725.973,58.95634436607361
1745970726.221,59.20503759384155,1745970726.221,59.20503759384155,1745970726.221,59.20503759384155,1745970726.221,59.20503759384155
1745970726.485,59.4681441783905,1745970726.485,59.4681441783905,1745970726.485,59.4681441783905,1745970726.485,59.4681441783905
1745970726.747,59.73033547401428,1745970726.747,59.73033547401428,1745970726.747,59.73033547401428,1745970726.747,59.73033547401428
1745970727.01,59.9931845664978,1745970727.01,59.9931845664978,1745970727.01,59.9931845664978,1745970727.01,59.9931845664978
1745970727.285,60.26818227767944,1745970727.285,60.26818227767944,1745970727.285,60.26818227767944,1745970727.285,60.26818227767944
1745970727.545,60.529043674468994,1745970727.545,60.529043674468994,1745970727.545,60.529043674468994,1745970727.545,60.529043674468994
1745970727.808,60.791205167770386,1745970727.808,60.791205167770386,1745970727.808,60.791205167770386,1745970727.808,60.791205167770386
1745970728.073,61.05701756477356,1745970728.073,61.05701756477356,1745970728.073,61.05701756477356,1745970728.073,61.05701756477356
1745970728.351,61.334678411483765,1745970728.351,61.334678411483765,1745970728.351,61.334678411483765,1745970728.351,61.334678411483765
1745970728.588,61.571772813797,1745970728.588,61.571772813797,1745970728.588,61.571772813797,1745970728.588,61.571772813797
1745970728.862,61.84600806236267,1745970728.862,61.84600806236267,1745970728.862,61.84600806236267,1745970728.862,61.84600806236267
1745970729.127,62.11090803146362,1745970729.127,62.11090803146362,1745970729.127,62.11090803146362,1745970729.127,62.11090803146362
1745970729.389,62.37310552597046,1745970729.389,62.37310552597046,1745970729.389,62.37310552597046,1745970729.389,62.37310552597046
1745970729.653,62.637051582336426,1745970729.653,62.637051582336426,1745970729.653,62.637051582336426,1745970729.653,62.637051582336426
1745970729.917,62.901095390319824,1745970729.917,62.901095390319824,1745970729.917,62.901095390319824,1745970729.917,62.901095390319824
1745970730.181,63.164223432540894,1745970730.181,63.164223432540894,1745970730.181,63.164223432540894,1745970730.181,63.164223432540894
1745970730.443,63.42689037322998,1745970730.443,63.42689037322998,1745970730.443,63.42689037322998,1745970730.443,63.42689037322998
1745970730.705,63.68887138366699,1745970730.705,63.68887138366699,1745970730.705,63.68887138366699,1745970730.705,63.68887138366699
1745970730.967,63.95087146759033,1745970730.967,63.95087146759033,1745970730.967,63.95087146759033,1745970730.967,63.95087146759033
1745970731.217,64.20087242126465,1745970731.217,64.20087242126465,1745970731.217,64.20087242126465,1745970731.217,64.20087242126465
1745970731.464,64.44732236862183,1745970731.464,64.44732236862183,1745970731.464,64.44732236862183,1745970731.464,64.44732236862183
1745970731.732,64.71532368659973,1745970731.732,64.71532368659973,1745970731.732,64.71532368659973,1745970731.732,64.71532368659973
1745970732.008,64.99132227897644,1745970732.008,64.99132227897644,1745970732.008,64.99132227897644,1745970732.008,64.99132227897644
1745970732.256,65.24003314971924,1745970732.256,65.24003314971924,1745970732.256,65.24003314971924,1745970732.256,65.24003314971924
1745970732.504,65.48803281784058,1745970732.504,65.48803281784058,1745970732.504,65.48803281784058,1745970732.504,65.48803281784058
1745970732.751,65.7349362373352,1745970732.751,65.7349362373352,1745970732.751,65.7349362373352,1745970732.751,65.7349362373352
1745970733.013,65.99699902534485,1745970733.013,65.99699902534485,1745970733.013,65.99699902534485,1745970733.013,65.99699902534485
1745970733.264,66.24760389328003,1745970733.264,66.24760389328003,1745970733.264,66.24760389328003,1745970733.264,66.24760389328003
1745970733.51,66.49398374557495,1745970733.51,66.49398374557495,1745970733.51,66.49398374557495,1745970733.51,66.49398374557495
1745970733.774,66.75798845291138,1745970733.774,66.75798845291138,1745970733.774,66.75798845291138,1745970733.774,66.75798845291138
1745970734.023,67.00626301765442,1745970734.023,67.00626301765442,1745970734.023,67.00626301765442,1745970734.023,67.00626301765442
1745970734.272,67.25523829460144,1745970734.272,67.25523829460144,1745970734.272,67.25523829460144,1745970734.272,67.25523829460144
1745970734.534,67.51730346679688,1745970734.534,67.51730346679688,1745970734.534,67.51730346679688,1745970734.534,67.51730346679688
1745970734.796,67.77955222129822,1745970734.796,67.77955222129822,1745970734.796,67.77955222129822,1745970734.796,67.77955222129822
1745970735.06,68.04371094703674,1745970735.06,68.04371094703674,1745970735.06,68.04371094703674,1745970735.06,68.04371094703674
1745970735.321,68.3051118850708,1745970735.321,68.3051118850708,1745970735.321,68.3051118850708,1745970735.321,68.3051118850708
1745970735.583,68.56623482704163,1745970735.583,68.56623482704163,1745970735.583,68.56623482704163,1745970735.583,68.56623482704163
1745970735.815,68.79830408096313,1745970735.815,68.79830408096313,1745970735.815,68.79830408096313,1745970735.815,68.79830408096313
1745970736.078,69.06133961677551,1745970736.078,69.06133961677551,1745970736.078,69.06133961677551,1745970736.078,69.06133961677551
1745970736.341,69.32426285743713,1745970736.341,69.32426285743713,1745970736.341,69.32426285743713,1745970736.341,69.32426285743713
1745970736.616,69.59993481636047,1745970736.616,69.59993481636047,1745970736.616,69.59993481636047,1745970736.616,69.59993481636047
1745970736.879,69.86259865760803,1745970736.879,69.86259865760803,1745970736.879,69.86259865760803,1745970736.879,69.86259865760803
1745970737.143,70.12648034095764,1745970737.143,70.12648034095764,1745970737.143,70.12648034095764,1745970737.143,70.12648034095764
1745970737.39,70.37338519096375,1745970737.39,70.37338519096375,1745970737.39,70.37338519096375,1745970737.39,70.37338519096375
1745970737.637,70.62030553817749,1745970737.637,70.62030553817749,1745970737.637,70.62030553817749,1745970737.637,70.62030553817749
1745970737.897,70.8810818195343,1745970737.897,70.8810818195343,1745970737.897,70.8810818195343,1745970737.897,70.8810818195343
1745970738.159,71.14275479316711,1745970738.159,71.14275479316711,1745970738.159,71.14275479316711,1745970738.159,71.14275479316711
1745970738.417,71.40100646018982,1745970738.417,71.40100646018982,1745970738.417,71.40100646018982,1745970738.417,71.40100646018982
1745970738.692,71.67596626281738,1745970738.692,71.67596626281738,1745970738.692,71.67596626281738,1745970738.692,71.67596626281738
1745970738.954,71.93778657913208,1745970738.954,71.93778657913208,1745970738.954,71.93778657913208,1745970738.954,71.93778657913208
1745970739.213,72.19655084609985,1745970739.213,72.19655084609985,1745970739.213,72.19655084609985,1745970739.213,72.19655084609985
1745970739.475,72.45903062820435,1745970739.475,72.45903062820435,1745970739.475,72.45903062820435,1745970739.475,72.45903062820435
1745970739.738,72.72173833847046,1745970739.738,72.72173833847046,1745970739.738,72.72173833847046,1745970739.738,72.72173833847046
1745970740.001,72.9851016998291,1745970740.001,72.9851016998291,1745970740.001,72.9851016998291,1745970740.001,72.9851016998291
1745970740.25,73.23405981063843,1745970740.25,73.23405981063843,1745970740.25,73.23405981063843,1745970740.25,73.23405981063843
1745970740.496,73.4800546169281,1745970740.496,73.4800546169281,1745970740.496,73.4800546169281,1745970740.496,73.4800546169281
1745970740.773,73.75674510002136,1745970740.773,73.75674510002136,1745970740.773,73.75674510002136,1745970740.773,73.75674510002136
1745970741.038,74.02212429046631,1745970741.038,74.02212429046631,1745970741.038,74.02212429046631,1745970741.038,74.02212429046631
1745970741.301,74.28475952148438,1745970741.301,74.28475952148438,1745970741.301,74.28475952148438,1745970741.301,74.28475952148438
1745970741.563,74.54689359664917,1745970741.563,74.54689359664917,1745970741.563,74.54689359664917,1745970741.563,74.54689359664917
1745970741.827,74.81177616119385,1745970741.828,74.81177616119385,1745970741.828,74.81177616119385,1745970741.828,74.81177616119385
1745970742.09,75.07352089881897,1745970742.09,75.07352089881897,1745970742.09,75.07352089881897,1745970742.09,75.07352089881897
1745970742.367,75.35039281845093,1745970742.367,75.35039281845093,1745970742.367,75.35039281845093,1745970742.367,75.35039281845093
1745970742.628,75.61199760437012,1745970742.628,75.61199760437012,1745970742.628,75.61199760437012,1745970742.628,75.61199760437012
1745970742.86,75.84340214729309,1745970742.86,75.84340214729309,1745970742.86,75.84340214729309,1745970742.86,75.84340214729309
1745970743.107,76.09092354774475,1745970743.107,76.09092354774475,1745970743.107,76.09092354774475,1745970743.107,76.09092354774475
1745970743.372,76.35534429550171,1745970743.372,76.35534429550171,1745970743.372,76.35534429550171,1745970743.372,76.35534429550171
1745970743.633,76.61707735061646,1745970743.633,76.61707735061646,1745970743.633,76.61707735061646,1745970743.633,76.61707735061646
1745970743.859,76.84218382835388,1745970743.859,76.84218382835388,1745970743.859,76.84218382835388,1745970743.859,76.84218382835388
1745970744.112,77.09540796279907,1745970744.112,77.09540796279907,1745970744.112,77.09540796279907,1745970744.112,77.09540796279907
1745970744.373,77.35710096359253,1745970744.373,77.35710096359253,1745970744.373,77.35710096359253,1745970744.373,77.35710096359253
1745970744.639,77.62269973754883,1745970744.639,77.62269973754883,1745970744.639,77.62269973754883,1745970744.639,77.62269973754883
1745970744.892,77.87556886672974,1745970744.892,77.87556886672974,1745970744.892,77.87556886672974,1745970744.892,77.87556886672974
1745970745.147,78.1306483745575,1745970745.147,78.1306483745575,1745970745.147,78.1306483745575,1745970745.147,78.1306483745575
1745970745.396,78.37921833992004,1745970745.396,78.37921833992004,1745970745.396,78.37921833992004,1745970745.396,78.37921833992004
1745970745.66,78.64381718635559,1745970745.66,78.64381718635559,1745970745.66,78.64381718635559,1745970745.66,78.64381718635559
1745970745.891,78.87444233894348,1745970745.891,78.87444233894348,1745970745.891,78.87444233894348,1745970745.891,78.87444233894348
1745970746.155,79.13855338096619,1745970746.155,79.13855338096619,1745970746.155,79.13855338096619,1745970746.155,79.13855338096619
1745970746.404,79.38744473457336,1745970746.404,79.38744473457336,1745970746.404,79.38744473457336,1745970746.404,79.38744473457336
1745970746.637,79.62108612060547,1745970746.637,79.62108612060547,1745970746.637,79.62108612060547,1745970746.637,79.62108612060547
1745970746.9,79.88389110565186,1745970746.9,79.88389110565186,1745970746.9,79.88389110565186,1745970746.9,79.88389110565186
1745970747.177,80.16095232963562,1745970747.177,80.16095232963562,1745970747.177,80.16095232963562,1745970747.177,80.16095232963562
1745970747.444,80.42714667320251,1745970747.444,80.42714667320251,1745970747.444,80.42714667320251,1745970747.444,80.42714667320251
1745970747.708,80.69168210029602,1745970747.708,80.69168210029602,1745970747.708,80.69168210029602,1745970747.708,80.69168210029602
1745970747.939,80.92236995697021,1745970747.939,80.92236995697021,1745970747.939,80.92236995697021,1745970747.939,80.92236995697021
1745970748.204,81.18801069259644,1745970748.204,81.18801069259644,1745970748.204,81.18801069259644,1745970748.204,81.18801069259644
1745970748.465,81.44883394241333,1745970748.465,81.44883394241333,1745970748.465,81.44883394241333,1745970748.465,81.44883394241333
1745970748.728,81.71168923377991,1745970748.728,81.71168923377991,1745970748.728,81.71168923377991,1745970748.728,81.71168923377991
1745970748.991,81.97503709793091,1745970748.991,81.97503709793091,1745970748.991,81.97503709793091,1745970748.991,81.97503709793091
1745970749.254,82.23723149299622,1745970749.254,82.23723149299622,1745970749.254,82.23723149299622,1745970749.254,82.23723149299622
1745970749.514,82.49713778495789,1745970749.514,82.49713778495789,1745970749.514,82.49713778495789,1745970749.514,82.49713778495789
1745970749.76,82.74338793754578,1745970749.76,82.74338793754578,1745970749.76,82.74338793754578,1745970749.76,82.74338793754578
1745970750.022,83.00545930862427,1745970750.022,83.00545930862427,1745970750.022,83.00545930862427,1745970750.022,83.00545930862427
1745970750.282,83.26590943336487,1745970750.282,83.26590943336487,1745970750.282,83.26590943336487,1745970750.282,83.26590943336487
1745970750.532,83.51583003997803,1745970750.532,83.51583003997803,1745970750.532,83.51583003997803,1745970750.532,83.51583003997803
1745970750.782,83.76569032669067,1745970750.782,83.76569032669067,1745970750.782,83.76569032669067,1745970750.782,83.76569032669067
1745970751.043,84.02672529220581,1745970751.043,84.02672529220581,1745970751.043,84.02672529220581,1745970751.043,84.02672529220581
1745970751.292,84.2753472328186,1745970751.292,84.2753472328186,1745970751.292,84.2753472328186,1745970751.292,84.2753472328186
1745970751.569,84.553053855896,1745970751.569,84.553053855896,1745970751.569,84.553053855896,1745970751.569,84.553053855896
1745970751.832,84.8151421546936,1745970751.832,84.8151421546936,1745970751.832,84.8151421546936,1745970751.832,84.8151421546936
1745970752.098,85.08116006851196,1745970752.098,85.08116006851196,1745970752.098,85.08116006851196,1745970752.098,85.08116006851196
1745970752.361,85.34418058395386,1745970752.361,85.34418058395386,1745970752.361,85.34418058395386,1745970752.361,85.34418058395386
1745970752.624,85.60770654678345,1745970752.624,85.60770654678345,1745970752.624,85.60770654678345,1745970752.624,85.60770654678345
1745970752.889,85.87288498878479,1745970752.889,85.87288498878479,1745970752.889,85.87288498878479,1745970752.889,85.87288498878479
1745970753.152,86.13518762588501,1745970753.152,86.13518762588501,1745970753.152,86.13518762588501,1745970753.152,86.13518762588501
1745970753.427,86.41092920303345,1745970753.427,86.41092920303345,1745970753.427,86.41092920303345,1745970753.427,86.41092920303345
1745970753.689,86.67236995697021,1745970753.689,86.67236995697021,1745970753.689,86.67236995697021,1745970753.689,86.67236995697021
1745970753.939,86.92231678962708,1745970753.939,86.92231678962708,1745970753.939,86.92231678962708,1745970753.939,86.92231678962708
1745970754.185,87.16892123222351,1745970754.185,87.16892123222351,1745970754.185,87.16892123222351,1745970754.185,87.16892123222351
1745970754.447,87.43036842346191,1745970754.447,87.43036842346191,1745970754.447,87.43036842346191,1745970754.447,87.43036842346191
1745970754.723,87.70670413970947,1745970754.723,87.70670413970947,1745970754.723,87.70670413970947,1745970754.723,87.70670413970947
1745970754.985,87.96892261505127,1745970754.985,87.96892261505127,1745970754.985,87.96892261505127,1745970754.985,87.96892261505127
1745970755.248,88.23179960250854,1745970755.248,88.23179960250854,1745970755.248,88.23179960250854,1745970755.248,88.23179960250854
1745970755.495,88.47899031639099,1745970755.495,88.47899031639099,1745970755.495,88.47899031639099,1745970755.495,88.47899031639099
1745970755.76,88.74312949180603,1745970755.76,88.74312949180603,1745970755.76,88.74312949180603,1745970755.76,88.74312949180603
1745970756.022,89.00602674484253,1745970756.022,89.00602674484253,1745970756.022,89.00602674484253,1745970756.022,89.00602674484253
1745970756.286,89.26917338371277,1745970756.286,89.26917338371277,1745970756.286,89.26917338371277,1745970756.286,89.26917338371277
1745970756.535,89.51823711395264,1745970756.535,89.51823711395264,1745970756.535,89.51823711395264,1745970756.535,89.51823711395264
1745970756.783,89.76615977287292,1745970756.783,89.76615977287292,1745970756.783,89.76615977287292,1745970756.783,89.76615977287292
1745970757.019,90.00294375419617,1745970757.019,90.00294375419617,1745970757.019,90.00294375419617,1745970757.019,90.00294375419617
1745970757.275,90.25884103775024,1745970757.275,90.25884103775024,1745970757.275,90.25884103775024,1745970757.275,90.25884103775024
1745970757.535,90.51906037330627,1745970757.535,90.51906037330627,1745970757.535,90.51906037330627,1745970757.535,90.51906037330627
1745970757.792,90.7757179737091,1745970757.792,90.7757179737091,1745970757.792,90.7757179737091,1745970757.792,90.7757179737091
1745970758.065,91.04877138137817,1745970758.065,91.04877138137817,1745970758.065,91.04877138137817,1745970758.065,91.04877138137817
1745970758.311,91.29414892196655,1745970758.311,91.29414892196655,1745970758.311,91.29414892196655,1745970758.311,91.29414892196655
1745970758.586,91.56916117668152,1745970758.586,91.56916117668152,1745970758.586,91.56916117668152,1745970758.586,91.56916117668152
1745970758.83,91.81360793113708,1745970758.83,91.81360793113708,1745970758.83,91.81360793113708,1745970758.83,91.81360793113708
1745970759.094,92.07737016677856,1745970759.094,92.07737016677856,1745970759.094,92.07737016677856,1745970759.094,92.07737016677856
1745970759.351,92.33477067947388,1745970759.351,92.33477067947388,1745970759.351,92.33477067947388,1745970759.351,92.33477067947388
1745970759.61,92.59383654594421,1745970759.61,92.59383654594421,1745970759.61,92.59383654594421,1745970759.61,92.59383654594421
1745970759.869,92.85291242599487,1745970759.869,92.85291242599487,1745970759.869,92.85291242599487,1745970759.869,92.85291242599487
1745970760.12,93.1036307811737,1745970760.12,93.1036307811737,1745970760.12,93.1036307811737,1745970760.12,93.1036307811737
1745970760.392,93.3758773803711,1745970760.392,93.3758773803711,1745970760.392,93.3758773803711,1745970760.392,93.3758773803711
1745970760.639,93.62227964401245,1745970760.639,93.62227964401245,1745970760.639,93.62227964401245,1745970760.639,93.62227964401245
1745970760.903,93.88618898391724,1745970760.903,93.88618898391724,1745970760.903,93.88618898391724,1745970760.903,93.88618898391724
1745970761.165,94.14876437187195,1745970761.165,94.14876437187195,1745970761.165,94.14876437187195,1745970761.165,94.14876437187195
1745970761.427,94.4109673500061,1745970761.427,94.4109673500061,1745970761.427,94.4109673500061,1745970761.427,94.4109673500061
1745970761.673,94.65687870979309,1745970761.673,94.65687870979309,1745970761.673,94.65687870979309,1745970761.673,94.65687870979309
1745970761.936,94.91996026039124,1745970761.936,94.91996026039124,1745970761.936,94.91996026039124,1745970761.936,94.91996026039124
1745970762.198,95.18195271492004,1745970762.198,95.18195271492004,1745970762.198,95.18195271492004,1745970762.198,95.18195271492004
1745970762.462,95.44575452804565,1745970762.462,95.44575452804565,1745970762.462,95.44575452804565,1745970762.462,95.44575452804565
1745970762.721,95.70488691329956,1745970762.721,95.70488691329956,1745970762.721,95.70488691329956,1745970762.721,95.70488691329956
1745970762.969,95.9528398513794,1745970762.969,95.9528398513794,1745970762.969,95.9528398513794,1745970762.969,95.9528398513794
1745970763.232,96.21601986885071,1745970763.232,96.21601986885071,1745970763.232,96.21601986885071,1745970763.232,96.21601986885071
1745970763.493,96.47690510749817,1745970763.493,96.47690510749817,1745970763.493,96.47690510749817,1745970763.493,96.47690510749817
1745970763.758,96.74179482460022,1745970763.758,96.74179482460022,1745970763.758,96.74179482460022,1745970763.758,96.74179482460022
1745970764.021,97.00422596931458,1745970764.021,97.00422596931458,1745970764.021,97.00422596931458,1745970764.021,97.00422596931458
1745970764.281,97.26477122306824,1745970764.281,97.26477122306824,1745970764.281,97.26477122306824,1745970764.281,97.26477122306824
1745970764.543,97.52620720863342,1745970764.543,97.52620720863342,1745970764.543,97.52620720863342,1745970764.543,97.52620720863342
1745970764.821,97.80490851402283,1745970764.821,97.80490851402283,1745970764.821,97.80490851402283,1745970764.821,97.80490851402283
1745970765.074,98.05812096595764,1745970765.074,98.05812096595764,1745970765.074,98.05812096595764,1745970765.074,98.05812096595764
1745970765.348,98.33118486404419,1745970765.348,98.33118486404419,1745970765.348,98.33118486404419,1745970765.348,98.33118486404419
1745970765.597,98.58025097846985,1745970765.597,98.58025097846985,1745970765.597,98.58025097846985,1745970765.597,98.58025097846985
1745970765.845,98.82856273651123,1745970765.845,98.82856273651123,1745970765.845,98.82856273651123,1745970765.845,98.82856273651123
1745970766.096,99.0793776512146,1745970766.096,99.0793776512146,1745970766.096,99.0793776512146,1745970766.096,99.0793776512146
1745970766.343,99.32637619972229,1745970766.343,99.32637619972229,1745970766.343,99.32637619972229,1745970766.343,99.32637619972229
1745970766.607,99.59037613868713,1745970766.607,99.59037613868713,1745970766.607,99.59037613868713,1745970766.607,99.59037613868713
1745970766.872,99.85523414611816,1745970766.872,99.85523414611816,1745970766.872,99.85523414611816,1745970766.872,99.85523414611816
1745970767.107,100.09091830253601,1745970767.107,100.09091830253601,1745970767.107,100.09091830253601,1745970767.107,100.09091830253601
1745970767.369,100.35291719436646,1745970767.369,100.35291719436646,1745970767.369,100.35291719436646,1745970767.369,100.35291719436646
1745970767.618,100.60191559791565,1745970767.618,100.60191559791565,1745970767.618,100.60191559791565,1745970767.618,100.60191559791565
1745970767.867,100.85022449493408,1745970767.867,100.85022449493408,1745970767.867,100.85022449493408,1745970767.867,100.85022449493408
1745970768.12,101.1033136844635,1745970768.12,101.1033136844635,1745970768.12,101.1043119430542,1745970768.121,101.1043119430542
1745970768.384,101.36740899085999,1745970768.384,101.36740899085999,1745970768.384,101.36740899085999,1745970768.384,101.36740899085999
1745970768.646,101.6299901008606,1745970768.646,101.6299901008606,1745970768.646,101.6299901008606,1745970768.646,101.6299901008606
1745970768.909,101.8927104473114,1745970768.909,101.8927104473114,1745970768.909,101.8927104473114,1745970768.909,101.8927104473114
1745970769.142,102.1257266998291,1745970769.142,102.1257266998291,1745970769.142,102.1257266998291,1745970769.142,102.1257266998291
1745970769.386,102.3701057434082,1745970769.386,102.3701057434082,1745970769.386,102.3701057434082,1745970769.386,102.3701057434082
1745970769.635,102.61898994445801,1745970769.635,102.61898994445801,1745970769.635,102.61898994445801,1745970769.635,102.61898994445801
1745970769.909,102.89286851882935,1745970769.909,102.89286851882935,1745970769.909,102.89286851882935,1745970769.909,102.89286851882935
1745970770.142,103.12609124183655,1745970770.142,103.12609124183655,1745970770.142,103.12609124183655,1745970770.142,103.12609124183655
1745970770.404,103.38796997070312,1745970770.404,103.38796997070312,1745970770.404,103.38796997070312,1745970770.404,103.38796997070312
