timestamp,time,timestamp6,time2,timestamp2,time3,timestamp3,time9
1745972994.312,0.09207367897033691,1745972994.312,0.09207367897033691,1745972994.312,0.09207367897033691,1745972994.312,0.09207367897033691
1745972994.562,0.3418846130371094,1745972994.562,0.3418846130371094,1745972994.562,0.3418846130371094,1745972994.562,0.3418846130371094
1745972994.824,0.6038637161254883,1745972994.824,0.6038637161254883,1745972994.824,0.6038637161254883,1745972994.824,0.6038637161254883
1745972995.101,0.8811635971069336,1745972995.101,0.8811635971069336,1745972995.101,0.8811635971069336,1745972995.101,0.8811635971069336
1745972995.364,1.1437726020812988,1745972995.364,1.1437726020812988,1745972995.364,1.1437726020812988,1745972995.364,1.1437726020812988
1745972995.627,1.4067938327789307,1745972995.627,1.4067938327789307,1745972995.627,1.4067938327789307,1745972995.627,1.4067938327789307
1745972995.873,1.6533522605895996,1745972995.873,1.6533522605895996,1745972995.873,1.6533522605895996,1745972995.874,1.653585433959961
1745972996.134,1.9142224788665771,1745972996.134,1.9142224788665771,1745972996.134,1.9142224788665771,1745972996.134,1.9142224788665771
1745972996.383,2.1628525257110596,1745972996.383,2.1628525257110596,1745972996.383,2.1628525257110596,1745972996.383,2.1628525257110596
1745972996.645,2.424880266189575,1745972996.645,2.424880266189575,1745972996.645,2.424880266189575,1745972996.645,2.424880266189575
1745972996.906,2.6859703063964844,1745972996.906,2.6859703063964844,1745972996.906,2.6859703063964844,1745972996.906,2.6859703063964844
1745972997.168,2.9482481479644775,1745972997.168,2.9482481479644775,1745972997.168,2.9482481479644775,1745972997.168,2.9482481479644775
1745972997.419,3.1987404823303223,1745972997.419,3.1987404823303223,1745972997.419,3.1987404823303223,1745972997.419,3.1987404823303223
1745972997.666,3.445887327194214,1745972997.666,3.445887327194214,1745972997.666,3.445887327194214,1745972997.666,3.445887327194214
1745972997.936,3.7160286903381348,1745972997.936,3.7160286903381348,1745972997.936,3.7160286903381348,1745972997.936,3.7160286903381348
1745972998.2,3.9799535274505615,1745972998.2,3.9799535274505615,1745972998.2,3.9799535274505615,1745972998.2,3.9799535274505615
1745972998.463,4.243103742599487,1745972998.463,4.243103742599487,1745972998.463,4.243103742599487,1745972998.463,4.243103742599487
1745972998.723,4.503348112106323,1745972998.723,4.503348112106323,1745972998.723,4.503348112106323,1745972998.723,4.503348112106323
1745972998.986,4.765843868255615,1745972998.986,4.767931222915649,1745972998.988,4.767931222915649,1745972998.988,4.767931222915649
1745972999.231,5.010442018508911,1745972999.231,5.010442018508911,1745972999.231,5.010442018508911,1745972999.231,5.010442018508911
1745972999.509,5.289079904556274,1745972999.509,5.289079904556274,1745972999.509,5.289079904556274,1745972999.509,5.289079904556274
1745972999.784,5.5639660358428955,1745972999.784,5.5639660358428955,1745972999.784,5.5639660358428955,1745972999.784,5.5639660358428955
1745973000.032,5.812023639678955,1745973000.032,5.812023639678955,1745973000.032,5.812023639678955,1745973000.032,5.814012050628662
1745973000.278,6.057950973510742,1745973000.278,6.057950973510742,1745973000.278,6.057950973510742,1745973000.278,6.057950973510742
1745973000.541,6.3208839893341064,1745973000.541,6.3208839893341064,1745973000.541,6.3208839893341064,1745973000.541,6.3208839893341064
1745973000.817,6.597229480743408,1745973000.817,6.597229480743408,1745973000.817,6.597229480743408,1745973000.817,6.597229480743408
1745973001.08,6.859479904174805,1745973001.08,6.859479904174805,1745973001.08,6.859479904174805,1745973001.08,6.859479904174805
1745973001.327,7.107105493545532,1745973001.327,7.107105493545532,1745973001.327,7.107105493545532,1745973001.327,7.107105493545532
1745973001.59,7.369732856750488,1745973001.59,7.369732856750488,1745973001.59,7.369732856750488,1745973001.59,7.369732856750488
1745973001.852,7.632094860076904,1745973001.852,7.632094860076904,1745973001.852,7.632094860076904,1745973001.852,7.632094860076904
1745973002.115,7.89537501335144,1745973002.115,7.89537501335144,1745973002.115,7.89537501335144,1745973002.115,7.89537501335144
1745973002.377,8.156567096710205,1745973002.377,8.156567096710205,1745973002.377,8.156567096710205,1745973002.377,8.156567096710205
1745973002.638,8.417544841766357,1745973002.638,8.417544841766357,1745973002.638,8.417544841766357,1745973002.638,8.417544841766357
1745973002.899,8.679069757461548,1745973002.899,8.679069757461548,1745973002.899,8.679069757461548,1745973002.899,8.679069757461548
1745973003.146,8.925926923751831,1745973003.146,8.925926923751831,1745973003.146,8.925926923751831,1745973003.146,8.925926923751831
1745973003.409,9.188990116119385,1745973003.409,9.188990116119385,1745973003.409,9.188990116119385,1745973003.409,9.188990116119385
1745973003.673,9.453134536743164,1745973003.673,9.453134536743164,1745973003.673,9.453134536743164,1745973003.673,9.453134536743164
1745973003.934,9.713940620422363,1745973003.934,9.713940620422363,1745973003.934,9.713940620422363,1745973003.934,9.714299440383911
1745973004.194,9.974079132080078,1745973004.194,9.974079132080078,1745973004.194,9.974079132080078,1745973004.194,9.974079132080078
1745973004.457,10.236583709716797,1745973004.457,10.236583709716797,1745973004.457,10.236583709716797,1745973004.457,10.236583709716797
1745973004.718,10.497694492340088,1745973004.718,10.497694492340088,1745973004.718,10.497694492340088,1745973004.718,10.497694492340088
1745973004.979,10.758864164352417,1745973004.979,10.758864164352417,1745973004.979,10.758864164352417,1745973004.979,10.758864164352417
1745973005.243,11.02287483215332,1745973005.243,11.02287483215332,1745973005.243,11.02287483215332,1745973005.243,11.02287483215332
1745973005.506,11.286094427108765,1745973005.506,11.286094427108765,1745973005.506,11.286094427108765,1745973005.506,11.286094427108765
1745973005.752,11.531630992889404,1745973005.752,11.531630992889404,1745973005.752,11.531630992889404,1745973005.752,11.532127618789673
1745973006.014,11.793752193450928,1745973006.014,11.793799877166748,1745973006.014,11.793799877166748,1745973006.014,11.793799877166748
1745973006.273,12.053088665008545,1745973006.273,12.053088665008545,1745973006.273,12.053088665008545,1745973006.273,12.053088665008545
1745973006.535,12.314803123474121,1745973006.535,12.314803123474121,1745973006.535,12.314803123474121,1745973006.535,12.314803123474121
1745973006.77,12.549632787704468,1745973006.77,12.549632787704468,1745973006.77,12.549632787704468,1745973006.77,12.549632787704468
1745973007.029,12.809297323226929,1745973007.029,12.809297323226929,1745973007.029,12.809297323226929,1745973007.029,12.809297323226929
1745973007.294,13.074348211288452,1745973007.294,13.074348211288452,1745973007.294,13.074348211288452,1745973007.294,13.074348211288452
1745973007.57,13.34944772720337,1745973007.57,13.34944772720337,1745973007.57,13.34944772720337,1745973007.57,13.34944772720337
1745973007.817,13.596545696258545,1745973007.817,13.596545696258545,1745973007.817,13.596545696258545,1745973007.817,13.596545696258545
1745973008.079,13.858962297439575,1745973008.079,13.858962297439575,1745973008.079,13.858962297439575,1745973008.079,13.858962297439575
1745973008.31,14.090190887451172,1745973008.31,14.090190887451172,1745973008.31,14.090190887451172,1745973008.31,14.090190887451172
1745973008.572,14.352181911468506,1745973008.572,14.352181911468506,1745973008.572,14.352324485778809,1745973008.572,14.352324485778809
1745973008.837,14.617104053497314,1745973008.837,14.617104053497314,1745973008.837,14.617104053497314,1745973008.837,14.617104053497314
1745973009.114,14.894078969955444,1745973009.114,14.894078969955444,1745973009.114,14.894078969955444,1745973009.114,14.894078969955444
1745973009.376,15.15602445602417,1745973009.376,15.15602445602417,1745973009.376,15.15602445602417,1745973009.376,15.15602445602417
1745973009.636,15.415949821472168,1745973009.636,15.415949821472168,1745973009.636,15.415949821472168,1745973009.636,15.415949821472168
1745973009.898,15.677733898162842,1745973009.898,15.677733898162842,1745973009.898,15.677733898162842,1745973009.898,15.677733898162842
1745973010.155,15.935282707214355,1745973010.155,15.935282707214355,1745973010.155,15.935282707214355,1745973010.155,15.935282707214355
1745973010.414,16.19431972503662,1745973010.414,16.19431972503662,1745973010.414,16.19431972503662,1745973010.414,16.19431972503662
1745973010.67,16.44996190071106,1745973010.67,16.44996190071106,1745973010.67,16.44996190071106,1745973010.67,16.44996190071106
1745973010.929,16.708887577056885,1745973010.929,16.708887577056885,1745973010.929,16.708887577056885,1745973010.929,16.708887577056885
1745973011.171,16.951194763183594,1745973011.171,16.951194763183594,1745973011.171,16.951194763183594,1745973011.171,16.951194763183594
1745973011.431,17.211073875427246,1745973011.431,17.211073875427246,1745973011.431,17.211073875427246,1745973011.431,17.211073875427246
1745973011.707,17.486818313598633,1745973011.707,17.486818313598633,1745973011.707,17.486818313598633,1745973011.707,17.486818313598633
1745973011.953,17.733003854751587,1745973011.953,17.733003854751587,1745973011.953,17.733003854751587,1745973011.953,17.733003854751587
1745973012.214,17.99342703819275,1745973012.214,17.99342703819275,1745973012.214,17.99342703819275,1745973012.214,17.99342703819275
1745973012.478,18.257426500320435,1745973012.478,18.257426500320435,1745973012.478,18.257426500320435,1745973012.478,18.257426500320435
1745973012.74,18.52029252052307,1745973012.74,18.52029252052307,1745973012.74,18.52029252052307,1745973012.74,18.52029252052307
1745973013.0,18.78003168106079,1745973013.0,18.78003168106079,1745973013.0,18.78003168106079,1745973013.0,18.78003168106079
1745973013.262,19.041592836380005,1745973013.262,19.041592836380005,1745973013.262,19.041592836380005,1745973013.262,19.041592836380005
1745973013.537,19.3164541721344,1745973013.537,19.3164541721344,1745973013.537,19.3164541721344,1745973013.537,19.3164541721344
1745973013.798,19.57796883583069,1745973013.798,19.57796883583069,1745973013.798,19.57796883583069,1745973013.798,19.57796883583069
1745973014.06,19.840250730514526,1745973014.06,19.840250730514526,1745973014.06,19.840250730514526,1745973014.06,19.840250730514526
1745973014.321,20.10122585296631,1745973014.321,20.10122585296631,1745973014.321,20.10122585296631,1745973014.321,20.10122585296631
1745973014.583,20.36330008506775,1745973014.583,20.36330008506775,1745973014.583,20.36330008506775,1745973014.583,20.36330008506775
1745973014.83,20.609667778015137,1745973014.83,20.609667778015137,1745973014.83,20.609667778015137,1745973014.83,20.609667778015137
1745973015.092,20.87173557281494,1745973015.092,20.87173557281494,1745973015.092,20.87173557281494,1745973015.092,20.87173557281494
1745973015.355,21.1344313621521,1745973015.355,21.1344313621521,1745973015.355,21.1344313621521,1745973015.355,21.1344313621521
1745973015.632,21.411545515060425,1745973015.632,21.411545515060425,1745973015.632,21.411545515060425,1745973015.632,21.411545515060425
1745973015.88,21.66030240058899,1745973015.88,21.66030240058899,1745973015.88,21.66030240058899,1745973015.88,21.66030240058899
1745973016.141,21.920801162719727,1745973016.141,21.920801162719727,1745973016.141,21.920801162719727,1745973016.141,21.920801162719727
1745973016.405,22.18507432937622,1745973016.405,22.18507432937622,1745973016.405,22.18507432937622,1745973016.405,22.18507432937622
1745973016.669,22.449223279953003,1745973016.669,22.449223279953003,1745973016.669,22.449223279953003,1745973016.669,22.449223279953003
1745973016.92,22.700231552124023,1745973016.92,22.700231552124023,1745973016.92,22.700231552124023,1745973016.92,22.700231552124023
1745973017.166,22.946022748947144,1745973017.166,22.946022748947144,1745973017.166,22.946022748947144,1745973017.166,22.946022748947144
1745973017.445,23.225200176239014,1745973017.445,23.225200176239014,1745973017.445,23.225200176239014,1745973017.445,23.225200176239014
1745973017.691,23.471342086791992,1745973017.691,23.471342086791992,1745973017.691,23.471342086791992,1745973017.691,23.471342086791992
1745973017.941,23.720702409744263,1745973017.941,23.720702409744263,1745973017.941,23.720702409744263,1745973017.941,23.720702409744263
1745973018.2,23.980258226394653,1745973018.2,23.980258226394653,1745973018.2,23.980258226394653,1745973018.2,23.980258226394653
1745973018.447,24.226943254470825,1745973018.447,24.226943254470825,1745973018.447,24.226943254470825,1745973018.447,24.226943254470825
1745973018.723,24.50331449508667,1745973018.723,24.50331449508667,1745973018.723,24.50331449508667,1745973018.723,24.50331449508667
1745973018.971,24.751087188720703,1745973018.971,24.751087188720703,1745973018.971,24.751087188720703,1745973018.971,24.751087188720703
1745973019.235,25.01530694961548,1745973019.235,25.01530694961548,1745973019.235,25.01530694961548,1745973019.235,25.01530694961548
1745973019.497,25.27682662010193,1745973019.497,25.27682662010193,1745973019.497,25.27682662010193,1745973019.497,25.27682662010193
1745973019.772,25.551759481430054,1745973019.772,25.551759481430054,1745973019.772,25.551759481430054,1745973019.772,25.551759481430054
1745973020.021,25.801073789596558,1745973020.021,25.801073789596558,1745973020.021,25.801073789596558,1745973020.021,25.801073789596558
1745973020.27,26.049548625946045,1745973020.27,26.049548625946045,1745973020.27,26.049548625946045,1745973020.27,26.049548625946045
1745973020.531,26.310834169387817,1745973020.531,26.310834169387817,1745973020.531,26.310834169387817,1745973020.531,26.310834169387817
1745973020.793,26.57296895980835,1745973020.793,26.57296895980835,1745973020.793,26.57296895980835,1745973020.793,26.57296895980835
1745973021.054,26.834153413772583,1745973021.054,26.834153413772583,1745973021.054,26.834153413772583,1745973021.054,26.834153413772583
1745973021.314,27.09407329559326,1745973021.314,27.09407329559326,1745973021.314,27.09407329559326,1745973021.314,27.09407329559326
1745973021.579,27.35852313041687,1745973021.579,27.35852313041687,1745973021.579,27.35852313041687,1745973021.579,27.35852313041687
1745973021.842,27.622129917144775,1745973021.842,27.622129917144775,1745973021.842,27.622129917144775,1745973021.842,27.622129917144775
1745973022.107,27.88671350479126,1745973022.107,27.88671350479126,1745973022.107,27.88671350479126,1745973022.107,27.88671350479126
1745973022.371,28.15052342414856,1745973022.371,28.15052342414856,1745973022.371,28.15052342414856,1745973022.371,28.15052342414856
1745973022.632,28.411789178848267,1745973022.632,28.411789178848267,1745973022.632,28.411789178848267,1745973022.632,28.411789178848267
1745973022.861,28.641226291656494,1745973022.861,28.641226291656494,1745973022.861,28.641226291656494,1745973022.861,28.641226291656494
1745973023.121,28.901233673095703,1745973023.121,28.901233673095703,1745973023.121,28.901233673095703,1745973023.121,28.901233673095703
1745973023.399,29.178561687469482,1745973023.399,29.178561687469482,1745973023.399,29.178561687469482,1745973023.399,29.178561687469482
1745973023.657,29.43738293647766,1745973023.657,29.43738293647766,1745973023.657,29.43738293647766,1745973023.657,29.43738293647766
1745973023.921,29.700873374938965,1745973023.921,29.700873374938965,1745973023.921,29.700873374938965,1745973023.921,29.700873374938965
1745973024.182,29.96195125579834,1745973024.182,29.96195125579834,1745973024.182,29.96195125579834,1745973024.182,29.96195125579834
1745973024.459,30.238582134246826,1745973024.459,30.238961935043335,1745973024.459,30.238961935043335,1745973024.459,30.238961935043335
1745973024.72,30.500627756118774,1745973024.721,30.500627756118774,1745973024.721,30.500627756118774,1745973024.721,30.500627756118774
1745973024.986,30.766157627105713,1745973024.986,30.766157627105713,1745973024.986,30.766157627105713,1745973024.986,30.766157627105713
1745973025.246,31.025932550430298,1745973025.246,31.025932550430298,1745973025.246,31.025932550430298,1745973025.246,31.025932550430298
1745973025.508,31.287415981292725,1745973025.508,31.287415981292725,1745973025.508,31.287415981292725,1745973025.508,31.287415981292725
1745973025.77,31.550151109695435,1745973025.77,31.550151109695435,1745973025.77,31.550151109695435,1745973025.77,31.550151109695435
1745973026.021,31.80046772956848,1745973026.021,31.80046772956848,1745973026.021,31.80046772956848,1745973026.021,31.80046772956848
1745973026.28,32.060354471206665,1745973026.28,32.060354471206665,1745973026.28,32.060354471206665,1745973026.28,32.060354471206665
1745973026.542,32.322328090667725,1745973026.542,32.322328090667725,1745973026.542,32.322328090667725,1745973026.542,32.322328090667725
1745973026.817,32.59727215766907,1745973026.817,32.59727215766907,1745973026.817,32.59727215766907,1745973026.817,32.59727215766907
1745973027.064,32.843952894210815,1745973027.064,32.843952894210815,1745973027.064,32.843952894210815,1745973027.064,32.843952894210815
1745973027.329,33.10895490646362,1745973027.329,33.10895490646362,1745973027.329,33.10895490646362,1745973027.329,33.10895490646362
1745973027.588,33.36819291114807,1745973027.588,33.36819291114807,1745973027.588,33.36819291114807,1745973027.588,33.36819291114807
1745973027.867,33.6467604637146,1745973027.867,33.6467604637146,1745973027.867,33.6467604637146,1745973027.867,33.6467604637146
1745973028.118,33.897807121276855,1745973028.118,33.897807121276855,1745973028.118,33.897807121276855,1745973028.118,33.897807121276855
1745973028.377,34.15682816505432,1745973028.377,34.15682816505432,1745973028.377,34.15682816505432,1745973028.377,34.15682816505432
1745973028.638,34.41784191131592,1745973028.638,34.41784191131592,1745973028.638,34.41784191131592,1745973028.638,34.41784191131592
1745973028.899,34.678961515426636,1745973028.899,34.678961515426636,1745973028.899,34.678961515426636,1745973028.899,34.678961515426636
1745973029.136,34.9154794216156,1745973029.136,34.9154794216156,1745973029.136,34.9154794216156,1745973029.136,34.9154794216156
1745973029.411,35.19100379943848,1745973029.411,35.19100379943848,1745973029.411,35.19100379943848,1745973029.411,35.19100379943848
1745973029.658,35.438241481781006,1745973029.658,35.438241481781006,1745973029.658,35.438241481781006,1745973029.658,35.438241481781006
1745973029.907,35.68698024749756,1745973029.907,35.68698024749756,1745973029.907,35.68698024749756,1745973029.907,35.68698024749756
1745973030.14,35.919806718826294,1745973030.14,35.919806718826294,1745973030.14,35.919806718826294,1745973030.14,35.919806718826294
1745973030.4,36.17990803718567,1745973030.4,36.17990803718567,1745973030.4,36.17990803718567,1745973030.4,36.17990803718567
1745973030.659,36.43896126747131,1745973030.659,36.43896126747131,1745973030.659,36.43896126747131,1745973030.659,36.43896126747131
1745973030.907,36.687326192855835,1745973030.907,36.687326192855835,1745973030.907,36.687326192855835,1745973030.907,36.687326192855835
1745973031.14,36.919755697250366,1745973031.14,36.919755697250366,1745973031.14,36.919755697250366,1745973031.14,36.919755697250366
1745973031.409,37.18899202346802,1745973031.409,37.18899202346802,1745973031.409,37.18899202346802,1745973031.409,37.18899202346802
1745973031.668,37.448208808898926,1745973031.668,37.448208808898926,1745973031.668,37.448208808898926,1745973031.668,37.448208808898926
1745973031.945,37.725362062454224,1745973031.945,37.725362062454224,1745973031.945,37.725362062454224,1745973031.945,37.725362062454224
1745973032.206,37.98620629310608,1745973032.206,37.98620629310608,1745973032.206,37.98620629310608,1745973032.206,37.98620629310608
1745973032.47,38.24974846839905,1745973032.47,38.24974846839905,1745973032.47,38.24974846839905,1745973032.471,38.250701665878296
1745973032.717,38.496458292007446,1745973032.717,38.496458292007446,1745973032.717,38.496458292007446,1745973032.717,38.496458292007446
1745973032.978,38.75809359550476,1745973032.978,38.75809359550476,1745973032.978,38.758373737335205,1745973032.978,38.758373737335205
1745973033.254,39.03465509414673,1745973033.255,39.03465509414673,1745973033.255,39.03465509414673,1745973033.255,39.03465509414673
1745973033.514,39.29418110847473,1745973033.514,39.29418110847473,1745973033.514,39.29418110847473,1745973033.514,39.29418110847473
1745973033.763,39.5428740978241,1745973033.763,39.5428740978241,1745973033.763,39.5428740978241,1745973033.763,39.5428740978241
1745973034.025,39.80477476119995,1745973034.025,39.80477476119995,1745973034.025,39.80477476119995,1745973034.025,39.80477476119995
1745973034.286,40.065773010253906,1745973034.286,40.065773010253906,1745973034.286,40.065773010253906,1745973034.286,40.065773010253906
1745973034.549,40.32867455482483,1745973034.549,40.32867455482483,1745973034.549,40.32867455482483,1745973034.549,40.32867455482483
1745973034.812,40.592135190963745,1745973034.812,40.592135190963745,1745973034.812,40.592135190963745,1745973034.812,40.592135190963745
1745973035.072,40.85255742073059,1745973035.073,40.85255742073059,1745973035.073,40.85255742073059,1745973035.073,40.85255742073059
1745973035.35,41.12958550453186,1745973035.35,41.12958550453186,1745973035.35,41.12958550453186,1745973035.35,41.12958550453186
1745973035.597,41.376938343048096,1745973035.597,41.376938343048096,1745973035.597,41.376938343048096,1745973035.597,41.376938343048096
1745973035.86,41.63999104499817,1745973035.86,41.63999104499817,1745973035.86,41.63999104499817,1745973035.86,41.63999104499817
1745973036.123,41.90287256240845,1745973036.123,41.90287256240845,1745973036.123,41.90287256240845,1745973036.123,41.90287256240845
1745973036.398,42.17811131477356,1745973036.398,42.17811131477356,1745973036.398,42.17811131477356,1745973036.398,42.17811131477356
1745973036.645,42.424854040145874,1745973036.645,42.424854040145874,1745973036.645,42.424854040145874,1745973036.645,42.424854040145874
1745973036.906,42.6859393119812,1745973036.906,42.6859393119812,1745973036.906,42.6859393119812,1745973036.906,42.6859393119812
1745973037.17,42.94986081123352,1745973037.17,42.94986081123352,1745973037.17,42.94986081123352,1745973037.17,42.94986081123352
1745973037.433,43.212780714035034,1745973037.433,43.212780714035034,1745973037.433,43.212780714035034,1745973037.433,43.212780714035034
1745973037.71,43.49008345603943,1745973037.71,43.49008345603943,1745973037.71,43.49008345603943,1745973037.71,43.49008345603943
1745973037.972,43.751633405685425,1745973037.972,43.7518048286438,1745973037.972,43.7518048286438,1745973037.972,43.7518048286438
1745973038.234,44.01367950439453,1745973038.234,44.01367950439453,1745973038.234,44.01367950439453,1745973038.234,44.01367950439453
1745973038.495,44.27485775947571,1745973038.495,44.27485775947571,1745973038.495,44.27485775947571,1745973038.495,44.27485775947571
1745973038.772,44.552006244659424,1745973038.772,44.552006244659424,1745973038.772,44.552006244659424,1745973038.772,44.552006244659424
1745973039.034,44.81418013572693,1745973039.034,44.81418013572693,1745973039.034,44.81418013572693,1745973039.034,44.81418013572693
1745973039.294,45.073858976364136,1745973039.294,45.073858976364136,1745973039.294,45.073858976364136,1745973039.294,45.073858976364136
1745973039.556,45.336079359054565,1745973039.556,45.336079359054565,1745973039.556,45.336079359054565,1745973039.556,45.336079359054565
1745973039.835,45.61519527435303,1745973039.835,45.61519527435303,1745973039.835,45.61519527435303,1745973039.835,45.61519527435303
1745973040.097,45.87698769569397,1745973040.097,45.87698769569397,1745973040.097,45.87698769569397,1745973040.097,45.87698769569397
1745973040.344,46.123440980911255,1745973040.344,46.123440980911255,1745973040.344,46.123440980911255,1745973040.344,46.123440980911255
1745973040.605,46.38536071777344,1745973040.605,46.38536071777344,1745973040.605,46.38536071777344,1745973040.605,46.38536071777344
1745973040.87,46.65027356147766,1745973040.87,46.65027356147766,1745973040.87,46.65027356147766,1745973040.87,46.65027356147766
1745973041.133,46.91241455078125,1745973041.133,46.91241455078125,1745973041.133,46.91241455078125,1745973041.133,46.91241455078125
1745973041.366,47.14595055580139,1745973041.366,47.14595055580139,1745973041.366,47.14595055580139,1745973041.366,47.14595055580139
1745973041.628,47.40785503387451,1745973041.628,47.40785503387451,1745973041.628,47.40785503387451,1745973041.628,47.40785503387451
1745973041.891,47.6707923412323,1745973041.891,47.6707923412323,1745973041.891,47.6707923412323,1745973041.891,47.6707923412323
1745973042.139,47.918601989746094,1745973042.139,47.918601989746094,1745973042.139,47.918601989746094,1745973042.139,47.918601989746094
1745973042.4,48.17976713180542,1745973042.4,48.17976713180542,1745973042.4,48.17976713180542,1745973042.4,48.17976713180542
1745973042.645,48.42509627342224,1745973042.645,48.42509627342224,1745973042.645,48.42509627342224,1745973042.645,48.42509627342224
1745973042.893,48.67337250709534,1745973042.893,48.67337250709534,1745973042.893,48.67337250709534,1745973042.893,48.67337250709534
1745973043.156,48.935696601867676,1745973043.156,48.935696601867676,1745973043.156,48.935696601867676,1745973043.156,48.935696601867676
1745973043.4,49.17993426322937,1745973043.4,49.17993426322937,1745973043.4,49.17993426322937,1745973043.4,49.17993426322937
1745973043.677,49.45704889297485,1745973043.677,49.45704889297485,1745973043.677,49.45704889297485,1745973043.677,49.45704889297485
1745973043.926,49.70558309555054,1745973043.926,49.70558309555054,1745973043.927,49.70658493041992,1745973043.927,49.70658493041992
1745973044.174,49.95382213592529,1745973044.174,49.95382213592529,1745973044.174,49.95382213592529,1745973044.174,49.95382213592529
1745973044.439,50.218950033187866,1745973044.439,50.218950033187866,1745973044.439,50.218950033187866,1745973044.439,50.218950033187866
1745973044.701,50.48075580596924,1745973044.701,50.48075580596924,1745973044.701,50.48075580596924,1745973044.701,50.48075580596924
1745973044.966,50.74603867530823,1745973044.966,50.74603867530823,1745973044.966,50.74603867530823,1745973044.966,50.74603867530823
1745973045.215,50.99471426010132,1745973045.215,50.99471426010132,1745973045.215,50.99471426010132,1745973045.215,50.99471426010132
1745973045.477,51.25734305381775,1745973045.477,51.25734305381775,1745973045.477,51.25734305381775,1745973045.477,51.25734305381775
1745973045.725,51.50491380691528,1745973045.725,51.50491380691528,1745973045.725,51.50491380691528,1745973045.725,51.50491380691528
1745973045.987,51.76695775985718,1745973045.987,51.76695775985718,1745973045.987,51.76695775985718,1745973045.987,51.76695775985718
1745973046.251,52.03133296966553,1745973046.251,52.03133296966553,1745973046.251,52.03133296966553,1745973046.251,52.03133296966553
1745973046.512,52.291991233825684,1745973046.512,52.291991233825684,1745973046.512,52.291991233825684,1745973046.512,52.291991233825684
1745973046.788,52.56768774986267,1745973046.788,52.56768774986267,1745973046.788,52.56768774986267,1745973046.788,52.56768774986267
1745973047.046,52.82619762420654,1745973047.046,52.82619762420654,1745973047.046,52.82619762420654,1745973047.046,52.82619762420654
1745973047.308,53.08766150474548,1745973047.308,53.08766150474548,1745973047.308,53.08766150474548,1745973047.308,53.08766150474548
1745973047.571,53.35100722312927,1745973047.571,53.35100722312927,1745973047.571,53.35100722312927,1745973047.571,53.35100722312927
1745973047.834,53.614068031311035,1745973047.834,53.614068031311035,1745973047.834,53.614068031311035,1745973047.834,53.614068031311035
1745973048.097,53.87695789337158,1745973048.097,53.87695789337158,1745973048.097,53.87695789337158,1745973048.097,53.87695789337158
1745973048.358,54.13790535926819,1745973048.358,54.13790535926819,1745973048.358,54.13790535926819,1745973048.358,54.13790535926819
1745973048.621,54.40076303482056,1745973048.621,54.40076303482056,1745973048.621,54.40076303482056,1745973048.621,54.40076303482056
1745973048.869,54.6490581035614,1745973048.869,54.6490581035614,1745973048.869,54.6490581035614,1745973048.869,54.6490581035614
1745973049.114,54.89404249191284,1745973049.114,54.89404249191284,1745973049.114,54.89404249191284,1745973049.114,54.89404249191284
1745973049.361,55.14138579368591,1745973049.361,55.14138579368591,1745973049.361,55.14138579368591,1745973049.361,55.14138579368591
1745973049.622,55.40202260017395,1745973049.622,55.40202260017395,1745973049.622,55.40202260017395,1745973049.622,55.40202260017395
1745973049.884,55.66373324394226,1745973049.884,55.66373324394226,1745973049.884,55.66373324394226,1745973049.884,55.66373324394226
1745973050.145,55.92500424385071,1745973050.145,55.92500424385071,1745973050.145,55.92500424385071,1745973050.145,55.92500424385071
1745973050.409,56.18869662284851,1745973050.409,56.18869662284851,1745973050.409,56.18869662284851,1745973050.409,56.18869662284851
1745973050.658,56.43775248527527,1745973050.658,56.43775248527527,1745973050.658,56.43775248527527,1745973050.658,56.43775248527527
1745973050.887,56.667137145996094,1745973050.887,56.667137145996094,1745973050.887,56.667137145996094,1745973050.887,56.667137145996094
1745973051.162,56.941413164138794,1745973051.162,56.941413164138794,1745973051.162,56.941413164138794,1745973051.162,56.941413164138794
1745973051.394,57.17401313781738,1745973051.394,57.17401313781738,1745973051.394,57.17401313781738,1745973051.394,57.17401313781738
1745973051.662,57.44162726402283,1745973051.662,57.44162726402283,1745973051.662,57.44162726402283,1745973051.662,57.44162726402283
1745973051.922,57.70174479484558,1745973051.922,57.70174479484558,1745973051.922,57.70174479484558,1745973051.922,57.70174479484558
1745973052.179,57.958683252334595,1745973052.179,57.958683252334595,1745973052.179,57.958683252334595,1745973052.179,57.958683252334595
1745973052.419,58.19870352745056,1745973052.419,58.19870352745056,1745973052.419,58.19870352745056,1745973052.419,58.19870352745056
1745973052.668,58.44765281677246,1745973052.668,58.44765281677246,1745973052.668,58.44765281677246,1745973052.668,58.44765281677246
1745973052.944,58.72350335121155,1745973052.944,58.72350335121155,1745973052.944,58.72350335121155,1745973052.944,58.72350335121155
1745973053.189,58.969343423843384,1745973053.189,58.969343423843384,1745973053.189,58.969343423843384,1745973053.189,58.969343423843384
1745973053.452,59.23188543319702,1745973053.452,59.23188543319702,1745973053.452,59.23188543319702,1745973053.452,59.23188543319702
1745973053.716,59.496023654937744,1745973053.716,59.496023654937744,1745973053.716,59.496023654937744,1745973053.716,59.496023654937744
1745973053.963,59.74266266822815,1745973053.963,59.74266266822815,1745973053.963,59.74266266822815,1745973053.963,59.74266266822815
1745973054.241,60.020981311798096,1745973054.241,60.020981311798096,1745973054.241,60.020981311798096,1745973054.241,60.020981311798096
1745973054.489,60.26910710334778,1745973054.489,60.26910710334778,1745973054.489,60.26910710334778,1745973054.489,60.26910710334778
1745973054.75,60.529701709747314,1745973054.75,60.529701709747314,1745973054.75,60.529701709747314,1745973054.75,60.529701709747314
1745973055.013,60.79313564300537,1745973055.013,60.79313564300537,1745973055.013,60.79313564300537,1745973055.013,60.79313564300537
1745973055.277,61.056620359420776,1745973055.277,61.056620359420776,1745973055.277,61.056620359420776,1745973055.277,61.056620359420776
1745973055.54,61.319437742233276,1745973055.54,61.319437742233276,1745973055.54,61.319437742233276,1745973055.54,61.319437742233276
1745973055.802,61.58239531517029,1745973055.802,61.58239531517029,1745973055.802,61.58239531517029,1745973055.802,61.58239531517029
1745973056.067,61.846850633621216,1745973056.067,61.846850633621216,1745973056.067,61.846850633621216,1745973056.067,61.846850633621216
1745973056.33,62.10943865776062,1745973056.33,62.10943865776062,1745973056.33,62.10943865776062,1745973056.33,62.10943865776062
1745973056.561,62.341081380844116,1745973056.561,62.341081380844116,1745973056.561,62.341081380844116,1745973056.561,62.341081380844116
1745973056.823,62.602951526641846,1745973056.823,62.602951526641846,1745973056.823,62.602951526641846,1745973056.823,62.602951526641846
1745973057.096,62.876115798950195,1745973057.096,62.876115798950195,1745973057.096,62.876115798950195,1745973057.096,62.876115798950195
1745973057.357,63.13665699958801,1745973057.357,63.13665699958801,1745973057.357,63.13665699958801,1745973057.357,63.13665699958801
1745973057.616,63.39568257331848,1745973057.616,63.39568257331848,1745973057.616,63.39568257331848,1745973057.616,63.39568257331848
1745973057.875,63.65463590621948,1745973057.875,63.65463590621948,1745973057.875,63.65463590621948,1745973057.875,63.65463590621948
1745973058.139,63.918476819992065,1745973058.139,63.918476819992065,1745973058.139,63.918476819992065,1745973058.139,63.918476819992065
1745973058.399,64.17882990837097,1745973058.399,64.17882990837097,1745973058.399,64.17882990837097,1745973058.399,64.17882990837097
1745973058.662,64.44142556190491,1745973058.662,64.44142556190491,1745973058.662,64.44165563583374,1745973058.662,64.44165563583374
1745973058.923,64.70297884941101,1745973058.923,64.70297884941101,1745973058.923,64.70297884941101,1745973058.923,64.70297884941101
1745973059.186,64.96614384651184,1745973059.186,64.96614384651184,1745973059.186,64.96614384651184,1745973059.186,64.96614384651184
1745973059.435,65.21448349952698,1745973059.435,65.21448349952698,1745973059.435,65.21448349952698,1745973059.435,65.21448349952698
1745973059.709,65.488844871521,1745973059.709,65.48898363113403,1745973059.709,65.48898363113403,1745973059.709,65.48898363113403
1745973059.97,65.7496166229248,1745973059.97,65.7496166229248,1745973059.97,65.7496166229248,1745973059.97,65.7496166229248
1745973060.23,66.01023483276367,1745973060.23,66.01023483276367,1745973060.23,66.01023483276367,1745973060.23,66.01023483276367
1745973060.495,66.2746741771698,1745973060.495,66.2746741771698,1745973060.495,66.2746741771698,1745973060.495,66.2746741771698
1745973060.756,66.5357871055603,1745973060.756,66.5357871055603,1745973060.756,66.5357871055603,1745973060.756,66.5357871055603
1745973061.017,66.79694843292236,1745973061.017,66.79694843292236,1745973061.017,66.79694843292236,1745973061.017,66.79694843292236
1745973061.279,67.0592315196991,1745973061.279,67.0592315196991,1745973061.279,67.0592315196991,1745973061.279,67.0592315196991
1745973061.513,67.29261326789856,1745973061.513,67.29261326789856,1745973061.513,67.29261326789856,1745973061.513,67.29261326789856
1745973061.789,67.56908583641052,1745973061.789,67.56908583641052,1745973061.789,67.56908583641052,1745973061.789,67.56908583641052
1745973062.039,67.81863641738892,1745973062.039,67.81863641738892,1745973062.039,67.81863641738892,1745973062.039,67.81863641738892
1745973062.301,68.08077597618103,1745973062.301,68.08077597618103,1745973062.301,68.08077597618103,1745973062.301,68.08077597618103
1745973062.546,68.32578682899475,1745973062.546,68.32578682899475,1745973062.546,68.32578682899475,1745973062.546,68.32578682899475
1745973062.808,68.58813643455505,1745973062.808,68.58813643455505,1745973062.808,68.58813643455505,1745973062.808,68.58813643455505
1745973063.07,68.84975838661194,1745973063.07,68.84975838661194,1745973063.07,68.84975838661194,1745973063.07,68.84975838661194
1745973063.337,69.11721968650818,1745973063.337,69.11721968650818,1745973063.337,69.11721968650818,1745973063.337,69.11721968650818
1745973063.613,69.39280962944031,1745973063.613,69.39280962944031,1745973063.613,69.39305377006531,1745973063.613,69.39305377006531
1745973063.876,69.65588474273682,1745973063.876,69.65588474273682,1745973063.876,69.65588474273682,1745973063.876,69.65588474273682
