timestamp,time,timestamp6,time2,timestamp2,time3,timestamp3,time9
1745973176.346,0.09407639503479004,1745973176.346,0.09407639503479004,1745973176.346,0.09407639503479004,1745973176.346,0.09407639503479004
1745973176.595,0.3437623977661133,1745973176.595,0.3437623977661133,1745973176.595,0.3437623977661133,1745973176.595,0.3437623977661133
1745973176.857,0.6056735515594482,1745973176.857,0.6056735515594482,1745973176.857,0.6056735515594482,1745973176.857,0.6056735515594482
1745973177.119,0.8679313659667969,1745973177.119,0.8679313659667969,1745973177.119,0.8679313659667969,1745973177.119,0.8679313659667969
1745973177.396,1.144728660583496,1745973177.396,1.144728660583496,1745973177.396,1.144728660583496,1745973177.396,1.144728660583496
1745973177.658,1.4061036109924316,1745973177.658,1.4061036109924316,1745973177.658,1.4061036109924316,1745973177.658,1.4061036109924316
1745973177.921,1.669893741607666,1745973177.921,1.669893741607666,1745973177.921,1.669893741607666,1745973177.921,1.669893741607666
1745973178.18,1.9289026260375977,1745973178.18,1.9289026260375977,1745973178.18,1.9289026260375977,1745973178.18,1.9289026260375977
1745973178.444,2.192254066467285,1745973178.444,2.192254066467285,1745973178.444,2.192254066467285,1745973178.444,2.192254066467285
1745973178.707,2.455955743789673,1745973178.707,2.455955743789673,1745973178.707,2.455955743789673,1745973178.707,2.455955743789673
1745973178.955,2.7034878730773926,1745973178.955,2.7034878730773926,1745973178.955,2.7034878730773926,1745973178.955,2.7034878730773926
1745973179.202,2.9503908157348633,1745973179.202,2.9503908157348633,1745973179.202,2.9503908157348633,1745973179.202,2.9503908157348633
1745973179.461,3.2097396850585938,1745973179.461,3.2097396850585938,1745973179.461,3.2097396850585938,1745973179.461,3.2097396850585938
1745973179.693,3.44107723236084,1745973179.693,3.44107723236084,1745973179.693,3.44107723236084,1745973179.693,3.44107723236084
1745973179.954,3.702261447906494,1745973179.954,3.7024710178375244,1745973179.954,3.7024710178375244,1745973179.954,3.7024710178375244
1745973180.215,3.9640145301818848,1745973180.216,3.9640145301818848,1745973180.216,3.9640145301818848,1745973180.216,3.9640145301818848
1745973180.48,4.228337287902832,1745973180.48,4.22867226600647,1745973180.48,4.22867226600647,1745973180.48,4.22867226600647
1745973180.757,4.505810022354126,1745973180.757,4.505810022354126,1745973180.757,4.505810022354126,1745973180.757,4.505810022354126
1745973181.02,4.768051862716675,1745973181.02,4.7684032917022705,1745973181.02,4.7684032917022705,1745973181.02,4.7684032917022705
1745973181.27,5.018043518066406,1745973181.27,5.018043518066406,1745973181.27,5.018043518066406,1745973181.27,5.018043518066406
1745973181.517,5.2653608322143555,1745973181.517,5.2653608322143555,1745973181.517,5.2653608322143555,1745973181.517,5.2653608322143555
1745973181.78,5.528402328491211,1745973181.78,5.528402328491211,1745973181.78,5.528402328491211,1745973181.78,5.528402328491211
1745973182.027,5.77510142326355,1745973182.027,5.77510142326355,1745973182.027,5.77510142326355,1745973182.027,5.77510142326355
1745973182.288,6.036946535110474,1745973182.288,6.036946535110474,1745973182.288,6.036946535110474,1745973182.288,6.036946535110474
1745973182.539,6.287843704223633,1745973182.539,6.287843704223633,1745973182.539,6.287843704223633,1745973182.539,6.287843704223633
1745973182.802,6.5510077476501465,1745973182.802,6.5510077476501465,1745973182.802,6.5510077476501465,1745973182.802,6.5510077476501465
1745973183.066,6.814228296279907,1745973183.066,6.814228296279907,1745973183.066,6.814228296279907,1745973183.066,6.814228296279907
1745973183.322,7.0702009201049805,1745973183.322,7.0702009201049805,1745973183.322,7.0702009201049805,1745973183.322,7.0702009201049805
1745973183.585,7.333621501922607,1745973183.585,7.333621501922607,1745973183.585,7.333621501922607,1745973183.585,7.333621501922607
1745973183.841,7.589888334274292,1745973183.841,7.589888334274292,1745973183.841,7.589888334274292,1745973183.841,7.589888334274292
1745973184.101,7.8499391078948975,1745973184.101,7.8499391078948975,1745973184.101,7.8499391078948975,1745973184.101,7.8499391078948975
1745973184.359,8.107646465301514,1745973184.359,8.107646465301514,1745973184.359,8.107646465301514,1745973184.359,8.107646465301514
1745973184.623,8.371838331222534,1745973184.623,8.371838331222534,1745973184.623,8.371838331222534,1745973184.623,8.371838331222534
1745973184.855,8.603555917739868,1745973184.855,8.603555917739868,1745973184.855,8.603555917739868,1745973184.855,8.603555917739868
1745973185.12,8.868720769882202,1745973185.12,8.868720769882202,1745973185.12,8.868720769882202,1745973185.12,8.868720769882202
1745973185.396,9.144861221313477,1745973185.396,9.144861221313477,1745973185.396,9.144861221313477,1745973185.396,9.144861221313477
1745973185.656,9.404735326766968,1745973185.656,9.404735326766968,1745973185.656,9.404735326766968,1745973185.656,9.404735326766968
1745973185.904,9.652048349380493,1745973185.904,9.652048349380493,1745973185.904,9.652048349380493,1745973185.904,9.652048349380493
1745973186.166,9.914629936218262,1745973186.166,9.914629936218262,1745973186.166,9.914629936218262,1745973186.166,9.914629936218262
1745973186.443,10.191356420516968,1745973186.443,10.191356420516968,1745973186.443,10.191356420516968,1745973186.443,10.191356420516968
1745973186.689,10.437367677688599,1745973186.689,10.437367677688599,1745973186.689,10.437367677688599,1745973186.689,10.437367677688599
1745973186.949,10.697215795516968,1745973186.949,10.697215795516968,1745973186.949,10.697215795516968,1745973186.949,10.697215795516968
1745973187.196,10.944756031036377,1745973187.196,10.944756031036377,1745973187.196,10.944756031036377,1745973187.196,10.944756031036377
1745973187.458,11.206192255020142,1745973187.458,11.206192255020142,1745973187.458,11.206192255020142,1745973187.458,11.206192255020142
1745973187.692,11.440986156463623,1745973187.692,11.440986156463623,1745973187.692,11.440986156463623,1745973187.692,11.440986156463623
1745973187.935,11.683878421783447,1745973187.935,11.683878421783447,1745973187.935,11.683878421783447,1745973187.935,11.683878421783447
1745973188.211,11.95902943611145,1745973188.211,11.95902943611145,1745973188.211,11.95902943611145,1745973188.211,11.95902943611145
1745973188.457,12.205943822860718,1745973188.457,12.205943822860718,1745973188.457,12.205943822860718,1745973188.457,12.205943822860718
1745973188.692,12.440667629241943,1745973188.692,12.440667629241943,1745973188.692,12.440667629241943,1745973188.692,12.440667629241943
1745973188.953,12.701948642730713,1745973188.953,12.701948642730713,1745973188.953,12.701948642730713,1745973188.953,12.701948642730713
1745973189.215,12.963453531265259,1745973189.215,12.963453531265259,1745973189.215,12.963453531265259,1745973189.215,12.963453531265259
1745973189.463,13.211402654647827,1745973189.463,13.211402654647827,1745973189.463,13.211402654647827,1745973189.463,13.211402654647827
1745973189.724,13.472880125045776,1745973189.724,13.472880125045776,1745973189.724,13.473132848739624,1745973189.725,13.473132848739624
1745973189.97,13.718102931976318,1745973189.97,13.718102931976318,1745973189.97,13.718102931976318,1745973189.97,13.718102931976318
1745973190.23,13.9782133102417,1745973190.23,13.9782133102417,1745973190.23,13.9782133102417,1745973190.23,13.9782133102417
1745973190.507,14.255895853042603,1745973190.507,14.255895853042603,1745973190.507,14.255895853042603,1745973190.507,14.255895853042603
1745973190.768,14.516114473342896,1745973190.768,14.516114473342896,1745973190.768,14.516114473342896,1745973190.768,14.516114473342896
1745973191.027,14.775898933410645,1745973191.027,14.775898933410645,1745973191.027,14.775898933410645,1745973191.027,14.775898933410645
1745973191.303,15.052088499069214,1745973191.304,15.052117586135864,1745973191.304,15.052117586135864,1745973191.304,15.052117586135864
1745973191.551,15.2997567653656,1745973191.551,15.2997567653656,1745973191.551,15.2997567653656,1745973191.551,15.2997567653656
1745973191.813,15.56180715560913,1745973191.813,15.56180715560913,1745973191.813,15.56180715560913,1745973191.813,15.56180715560913
1745973192.076,15.824667692184448,1745973192.076,15.824667692184448,1745973192.076,15.824667692184448,1745973192.076,15.824667692184448
1745973192.352,16.100134134292603,1745973192.352,16.100134134292603,1745973192.352,16.100134134292603,1745973192.352,16.100134134292603
1745973192.598,16.346243858337402,1745973192.598,16.346243858337402,1745973192.598,16.346243858337402,1745973192.598,16.346243858337402
1745973192.858,16.60685443878174,1745973192.858,16.60685443878174,1745973192.858,16.60685443878174,1745973192.858,16.60685443878174
1745973193.12,16.86813473701477,1745973193.12,16.86813473701477,1745973193.12,16.86813473701477,1745973193.12,16.86813473701477
1745973193.395,17.143847942352295,1745973193.395,17.143847942352295,1745973193.395,17.143847942352295,1745973193.395,17.143847942352295
1745973193.655,17.403795957565308,1745973193.655,17.403795957565308,1745973193.655,17.403795957565308,1745973193.655,17.403795957565308
1745973193.917,17.66525959968567,1745973193.917,17.66525959968567,1745973193.917,17.66525959968567,1745973193.917,17.66525959968567
1745973194.193,17.941548109054565,1745973194.193,17.941548109054565,1745973194.193,17.941548109054565,1745973194.193,17.94186305999756
1745973194.456,18.204800844192505,1745973194.456,18.204800844192505,1745973194.456,18.204800844192505,1745973194.456,18.204800844192505
1745973194.717,18.465683460235596,1745973194.717,18.465683460235596,1745973194.717,18.465683460235596,1745973194.717,18.465683460235596
1745973194.978,18.726239919662476,1745973194.978,18.726239919662476,1745973194.978,18.726239919662476,1745973194.978,18.726239919662476
1745973195.226,18.974586009979248,1745973195.226,18.974586009979248,1745973195.226,18.974586009979248,1745973195.226,18.974586009979248
1745973195.486,19.234635829925537,1745973195.486,19.234635829925537,1745973195.486,19.234635829925537,1745973195.486,19.234635829925537
1745973195.749,19.497872352600098,1745973195.749,19.497872352600098,1745973195.749,19.497872352600098,1745973195.749,19.497872352600098
1745973195.996,19.74428915977478,1745973195.996,19.74428915977478,1745973195.996,19.74428915977478,1745973195.996,19.74428915977478
1745973196.272,20.02012848854065,1745973196.272,20.02012848854065,1745973196.272,20.02012848854065,1745973196.272,20.02012848854065
1745973196.532,20.28067421913147,1745973196.532,20.28067421913147,1745973196.532,20.28067421913147,1745973196.532,20.28067421913147
1745973196.766,20.514113426208496,1745973196.766,20.514113426208496,1745973196.766,20.514113426208496,1745973196.766,20.514113426208496
1745973197.037,20.785545349121094,1745973197.037,20.785545349121094,1745973197.037,20.785545349121094,1745973197.037,20.785545349121094
1745973197.297,21.045756340026855,1745973197.297,21.045756340026855,1745973197.297,21.045756340026855,1745973197.297,21.045756340026855
1745973197.559,21.307800769805908,1745973197.559,21.307800769805908,1745973197.559,21.307800769805908,1745973197.559,21.307800769805908
1745973197.81,21.55818462371826,1745973197.81,21.55818462371826,1745973197.81,21.55818462371826,1745973197.81,21.55818462371826
1745973198.07,21.81812071800232,1745973198.07,21.81812071800232,1745973198.07,21.81812071800232,1745973198.07,21.81812071800232
1745973198.33,22.078746557235718,1745973198.33,22.078746557235718,1745973198.33,22.078746557235718,1745973198.33,22.078746557235718
1745973198.591,22.33992099761963,1745973198.591,22.33992099761963,1745973198.591,22.33992099761963,1745973198.591,22.33992099761963
1745973198.853,22.601556539535522,1745973198.853,22.601556539535522,1745973198.853,22.601556539535522,1745973198.853,22.601556539535522
1745973199.131,22.879099130630493,1745973199.131,22.879099130630493,1745973199.131,22.879099130630493,1745973199.131,22.879099130630493
1745973199.392,23.140844106674194,1745973199.392,23.140844106674194,1745973199.392,23.140844106674194,1745973199.392,23.140844106674194
1745973199.642,23.390275716781616,1745973199.642,23.390275716781616,1745973199.642,23.390275716781616,1745973199.642,23.390275716781616
1745973199.901,23.649096488952637,1745973199.901,23.649096488952637,1745973199.901,23.649096488952637,1745973199.901,23.649096488952637
1745973200.177,23.925779581069946,1745973200.177,23.925779581069946,1745973200.177,23.925779581069946,1745973200.177,23.925779581069946
1745973200.424,24.172235250473022,1745973200.424,24.172235250473022,1745973200.424,24.172235250473022,1745973200.424,24.172235250473022
1745973200.689,24.437015295028687,1745973200.689,24.437015295028687,1745973200.689,24.437015295028687,1745973200.689,24.437015295028687
1745973200.95,24.698896169662476,1745973200.95,24.698896169662476,1745973200.95,24.698896169662476,1745973200.95,24.698896169662476
1745973201.213,24.96134638786316,1745973201.213,24.96134638786316,1745973201.213,24.96134638786316,1745973201.213,24.96134638786316
1745973201.489,25.237311363220215,1745973201.489,25.237311363220215,1745973201.489,25.237311363220215,1745973201.489,25.237311363220215
1745973201.75,25.498462915420532,1745973201.75,25.498462915420532,1745973201.75,25.498462915420532,1745973201.75,25.498462915420532
1745973202.01,25.75861358642578,1745973202.01,25.75861358642578,1745973202.01,25.75861358642578,1745973202.01,25.75861358642578
1745973202.287,26.035189867019653,1745973202.287,26.035189867019653,1745973202.287,26.035189867019653,1745973202.287,26.035189867019653
1745973202.534,26.282106637954712,1745973202.534,26.282106637954712,1745973202.534,26.282106637954712,1745973202.534,26.282106637954712
1745973202.783,26.531984329223633,1745973202.783,26.531984329223633,1745973202.783,26.531984329223633,1745973202.783,26.531984329223633
1745973203.047,26.79535937309265,1745973203.047,26.79535937309265,1745973203.047,26.79535937309265,1745973203.047,26.79535937309265
1745973203.311,27.059664964675903,1745973203.311,27.059664964675903,1745973203.311,27.059664964675903,1745973203.311,27.059664964675903
1745973203.572,27.320251941680908,1745973203.572,27.320251941680908,1745973203.572,27.320251941680908,1745973203.572,27.320251941680908
1745973203.849,27.597545862197876,1745973203.849,27.597545862197876,1745973203.849,27.597545862197876,1745973203.849,27.597545862197876
1745973204.109,27.857769012451172,1745973204.109,27.857769012451172,1745973204.109,27.857769012451172,1745973204.109,27.857769012451172
1745973204.373,28.121312141418457,1745973204.373,28.121312141418457,1745973204.373,28.121312141418457,1745973204.373,28.121312141418457
1745973204.621,28.369338750839233,1745973204.621,28.369338750839233,1745973204.621,28.369338750839233,1745973204.621,28.369338750839233
1745973204.871,28.61987280845642,1745973204.871,28.61987280845642,1745973204.871,28.61987280845642,1745973204.871,28.61987280845642
1745973205.127,28.875550031661987,1745973205.127,28.875550031661987,1745973205.127,28.875550031661987,1745973205.127,28.875550031661987
1745973205.373,29.121940851211548,1745973205.373,29.121940851211548,1745973205.373,29.121940851211548,1745973205.373,29.121940851211548
1745973205.633,29.381959199905396,1745973205.633,29.381959199905396,1745973205.633,29.381959199905396,1745973205.633,29.381959199905396
1745973205.881,29.629718780517578,1745973205.881,29.629718780517578,1745973205.881,29.629718780517578,1745973205.881,29.629718780517578
1745973206.129,29.877136707305908,1745973206.129,29.877136707305908,1745973206.129,29.877136707305908,1745973206.129,29.877136707305908
1745973206.394,30.142477989196777,1745973206.394,30.142477989196777,1745973206.394,30.142477989196777,1745973206.394,30.142477989196777
1745973206.658,30.40684723854065,1745973206.658,30.40684723854065,1745973206.658,30.40684723854065,1745973206.658,30.40684723854065
1745973206.897,30.645694494247437,1745973206.897,30.645694494247437,1745973206.897,30.645694494247437,1745973206.897,30.645694494247437
1745973207.137,30.885984182357788,1745973207.137,30.885984182357788,1745973207.137,30.885984182357788,1745973207.137,30.885984182357788
1745973207.4,31.14887833595276,1745973207.4,31.14887833595276,1745973207.4,31.14887833595276,1745973207.4,31.14887833595276
1745973207.676,31.424072742462158,1745973207.676,31.424072742462158,1745973207.676,31.424072742462158,1745973207.676,31.424072742462158
1745973207.937,31.685519456863403,1745973207.937,31.685519456863403,1745973207.937,31.685519456863403,1745973207.937,31.685519456863403
1745973208.2,31.94882893562317,1745973208.2,31.94882893562317,1745973208.2,31.94882893562317,1745973208.2,31.94882893562317
1745973208.475,32.22365593910217,1745973208.475,32.22365593910217,1745973208.475,32.22365593910217,1745973208.475,32.22365593910217
1745973208.733,32.481791496276855,1745973208.733,32.481791496276855,1745973208.733,32.481791496276855,1745973208.733,32.481791496276855
1745973208.992,32.74070978164673,1745973208.992,32.74070978164673,1745973208.992,32.74070978164673,1745973208.992,32.74070978164673
1745973209.252,33.000202894210815,1745973209.252,33.000202894210815,1745973209.252,33.000202894210815,1745973209.252,33.000202894210815
1745973209.515,33.26348352432251,1745973209.515,33.26348352432251,1745973209.515,33.26348352432251,1745973209.515,33.26348352432251
1745973209.778,33.52670931816101,1745973209.778,33.52670931816101,1745973209.778,33.52670931816101,1745973209.778,33.52670931816101
1745973210.015,33.763628005981445,1745973210.015,33.763628005981445,1745973210.015,33.763628005981445,1745973210.015,33.763628005981445
1745973210.288,34.036768674850464,1745973210.288,34.036768674850464,1745973210.288,34.036768674850464,1745973210.288,34.036768674850464
1745973210.552,34.30061650276184,1745973210.552,34.30061650276184,1745973210.552,34.30061650276184,1745973210.552,34.30061650276184
1745973210.813,34.56134510040283,1745973210.813,34.56134510040283,1745973210.813,34.56134510040283,1745973210.813,34.56134510040283
1745973211.074,34.8220694065094,1745973211.074,34.8220694065094,1745973211.074,34.8220694065094,1745973211.074,34.8220694065094
1745973211.338,35.086037397384644,1745973211.338,35.086037397384644,1745973211.338,35.086037397384644,1745973211.338,35.086037397384644
1745973211.613,35.36181139945984,1745973211.613,35.36181139945984,1745973211.613,35.36181139945984,1745973211.613,35.36181139945984
1745973211.859,35.607847929000854,1745973211.859,35.607847929000854,1745973211.859,35.607847929000854,1745973211.859,35.607847929000854
1745973212.123,35.87111687660217,1745973212.123,35.87111687660217,1745973212.123,35.87111687660217,1745973212.123,35.87111687660217
1745973212.385,36.13361477851868,1745973212.385,36.13361477851868,1745973212.385,36.13361477851868,1745973212.385,36.13361477851868
1745973212.664,36.41287159919739,1745973212.664,36.41287159919739,1745973212.664,36.41322994232178,1745973212.665,36.41322994232178
1745973212.91,36.658578395843506,1745973212.91,36.658578395843506,1745973212.91,36.658578395843506,1745973212.91,36.658578395843506
1745973213.171,36.91975235939026,1745973213.171,36.91975235939026,1745973213.171,36.91975235939026,1745973213.171,36.91975235939026
1745973213.433,37.181071519851685,1745973213.433,37.181071519851685,1745973213.433,37.181071519851685,1745973213.433,37.181071519851685
1745973213.708,37.45623850822449,1745973213.708,37.45623850822449,1745973213.708,37.45623850822449,1745973213.708,37.45623850822449
1745973213.956,37.70438504219055,1745973213.956,37.70438504219055,1745973213.956,37.70438504219055,1745973213.956,37.70438504219055
1745973214.214,37.96262264251709,1745973214.214,37.96262264251709,1745973214.214,37.96262264251709,1745973214.214,37.96262264251709
1745973214.476,38.224437952041626,1745973214.476,38.224437952041626,1745973214.476,38.224437952041626,1745973214.476,38.224437952041626
1745973214.737,38.48551106452942,1745973214.737,38.48551106452942,1745973214.737,38.48551106452942,1745973214.737,38.48551106452942
1745973214.998,38.74662899971008,1745973214.998,38.74662899971008,1745973214.998,38.74662899971008,1745973214.998,38.74662899971008
1745973215.258,39.00688672065735,1745973215.258,39.00688672065735,1745973215.258,39.00688672065735,1745973215.258,39.00688672065735
1745973215.52,39.26890993118286,1745973215.52,39.26890993118286,1745973215.52,39.26890993118286,1745973215.52,39.26890993118286
1745973215.782,39.53085207939148,1745973215.783,39.53114461898804,1745973215.783,39.53114461898804,1745973215.783,39.53114461898804
1745973216.028,39.776098012924194,1745973216.028,39.776098012924194,1745973216.028,39.776098012924194,1745973216.028,39.776098012924194
1745973216.3,40.04816293716431,1745973216.3,40.04816293716431,1745973216.3,40.04816293716431,1745973216.3,40.04816293716431
1745973216.558,40.30658793449402,1745973216.558,40.30658793449402,1745973216.558,40.30658793449402,1745973216.558,40.30658793449402
1745973216.835,40.58375406265259,1745973216.835,40.58375406265259,1745973216.835,40.58375406265259,1745973216.835,40.58375406265259
1745973217.067,40.815497398376465,1745973217.067,40.815497398376465,1745973217.067,40.815497398376465,1745973217.067,40.815497398376465
1745973217.332,41.080567836761475,1745973217.332,41.080567836761475,1745973217.332,41.080567836761475,1745973217.332,41.080567836761475
1745973217.595,41.34368443489075,1745973217.595,41.34368443489075,1745973217.595,41.34368443489075,1745973217.595,41.34368443489075
1745973217.857,41.6057493686676,1745973217.857,41.6057493686676,1745973217.857,41.6057493686676,1745973217.857,41.6057493686676
1745973218.108,41.856738805770874,1745973218.108,41.856738805770874,1745973218.108,41.856738805770874,1745973218.108,41.856738805770874
1745973218.355,42.10335993766785,1745973218.355,42.10335993766785,1745973218.355,42.10335993766785,1745973218.355,42.10335993766785
1745973218.63,42.378615856170654,1745973218.63,42.378615856170654,1745973218.63,42.378615856170654,1745973218.63,42.378615856170654
1745973218.894,42.642990827560425,1745973218.894,42.642990827560425,1745973218.894,42.642990827560425,1745973218.894,42.642990827560425
1745973219.158,42.90649628639221,1745973219.158,42.90649628639221,1745973219.158,42.90649628639221,1745973219.158,42.90649628639221
1745973219.419,43.16703486442566,1745973219.419,43.16703486442566,1745973219.419,43.16703486442566,1745973219.419,43.16703486442566
1745973219.68,43.42880868911743,1745973219.68,43.42880868911743,1745973219.68,43.42880868911743,1745973219.68,43.42880868911743
1745973219.949,43.697986125946045,1745973219.949,43.697986125946045,1745973219.949,43.697986125946045,1745973219.949,43.697986125946045
1745973220.22,43.96860861778259,1745973220.22,43.96860861778259,1745973220.22,43.96860861778259,1745973220.22,43.96860861778259
1745973220.48,44.22806429862976,1745973220.48,44.22806429862976,1745973220.48,44.22806429862976,1745973220.48,44.22806429862976
1745973220.756,44.504138469696045,1745973220.756,44.504138469696045,1745973220.756,44.504138469696045,1745973220.756,44.504138469696045
1745973220.999,44.747984409332275,1745973220.999,44.747984409332275,1745973220.999,44.747984409332275,1745973220.999,44.747984409332275
1745973221.261,45.01000475883484,1745973221.261,45.01000475883484,1745973221.261,45.01000475883484,1745973221.261,45.01000475883484
1745973221.524,45.272685050964355,1745973221.524,45.272685050964355,1745973221.524,45.272685050964355,1745973221.524,45.272685050964355
1745973221.786,45.53410005569458,1745973221.786,45.53410005569458,1745973221.786,45.53410005569458,1745973221.786,45.53410005569458
1745973222.033,45.781800508499146,1745973222.033,45.781800508499146,1745973222.033,45.781800508499146,1745973222.033,45.781800508499146
1745973222.296,46.04463052749634,1745973222.296,46.04463052749634,1745973222.296,46.04463052749634,1745973222.296,46.04463052749634
1745973222.561,46.309600591659546,1745973222.561,46.309600591659546,1745973222.561,46.309600591659546,1745973222.561,46.309600591659546
1745973222.821,46.57000708580017,1745973222.821,46.57000708580017,1745973222.821,46.57000708580017,1745973222.821,46.57000708580017
1745973223.085,46.83340311050415,1745973223.085,46.83340311050415,1745973223.085,46.83340311050415,1745973223.085,46.83340311050415
1745973223.346,47.094926595687866,1745973223.346,47.094926595687866,1745973223.346,47.094926595687866,1745973223.346,47.094926595687866
1745973223.593,47.34122109413147,1745973223.593,47.34122109413147,1745973223.593,47.34122109413147,1745973223.593,47.34122109413147
1745973223.838,47.58639049530029,1745973223.838,47.58639049530029,1745973223.838,47.58639049530029,1745973223.838,47.58639049530029
1745973224.117,47.86590576171875,1745973224.117,47.86590576171875,1745973224.117,47.86590576171875,1745973224.117,47.86590576171875
1745973224.366,48.114696741104126,1745973224.366,48.114696741104126,1745973224.366,48.114696741104126,1745973224.366,48.114696741104126
1745973224.615,48.363016843795776,1745973224.615,48.363016843795776,1745973224.615,48.363016843795776,1745973224.615,48.363016843795776
1745973224.876,48.62485671043396,1745973224.876,48.62485671043396,1745973224.876,48.62485671043396,1745973224.876,48.62485671043396
1745973225.144,48.89274477958679,1745973225.144,48.89274477958679,1745973225.144,48.89274477958679,1745973225.144,48.89274477958679
1745973225.403,49.151827812194824,1745973225.403,49.151827812194824,1745973225.403,49.151827812194824,1745973225.403,49.151827812194824
