timestamp,time,timestamp6,time2,timestamp2,time3,timestamp3,time9
1745973567.829,0.09924197196960449,1745973567.829,0.09924197196960449,1745973567.829,0.09924197196960449,1745973567.829,0.09924197196960449
1745973568.075,0.3456089496612549,1745973568.075,0.3456089496612549,1745973568.075,0.3456089496612549,1745973568.075,0.3456089496612549
1745973568.324,0.5941588878631592,1745973568.324,0.5941588878631592,1745973568.324,0.5941588878631592,1745973568.324,0.5941588878631592
1745973568.599,0.8691282272338867,1745973568.599,0.8691282272338867,1745973568.599,0.8691282272338867,1745973568.599,0.8691282272338867
1745973568.842,1.11271333694458,1745973568.842,1.11271333694458,1745973568.842,1.11271333694458,1745973568.842,1.11271333694458
1745973569.103,1.3732047080993652,1745973569.103,1.3732047080993652,1745973569.103,1.3732047080993652,1745973569.103,1.3732047080993652
1745973569.349,1.619147539138794,1745973569.349,1.619147539138794,1745973569.349,1.619147539138794,1745973569.349,1.619147539138794
1745973569.595,1.8655667304992676,1745973569.595,1.8655667304992676,1745973569.595,1.8655667304992676,1745973569.595,1.8655667304992676
1745973569.857,2.1273276805877686,1745973569.857,2.1273276805877686,1745973569.857,2.1273276805877686,1745973569.857,2.1273276805877686
1745973570.104,2.3747050762176514,1745973570.104,2.3747050762176514,1745973570.104,2.3747050762176514,1745973570.104,2.3747050762176514
1745973570.382,2.6521432399749756,1745973570.382,2.652334213256836,1745973570.382,2.652334213256836,1745973570.382,2.652334213256836
1745973570.646,2.9159185886383057,1745973570.646,2.9159185886383057,1745973570.646,2.9159185886383057,1745973570.646,2.9159185886383057
1745973570.909,3.179464101791382,1745973570.909,3.179464101791382,1745973570.909,3.179464101791382,1745973570.909,3.179464101791382
1745973571.155,3.4252195358276367,1745973571.155,3.4252195358276367,1745973571.155,3.4252195358276367,1745973571.155,3.4252195358276367
1745973571.403,3.673100709915161,1745973571.403,3.673100709915161,1745973571.403,3.673100709915161,1745973571.403,3.673100709915161
1745973571.677,3.9471356868743896,1745973571.677,3.9471356868743896,1745973571.677,3.9471356868743896,1745973571.677,3.9471356868743896
1745973571.937,4.2071123123168945,1745973571.937,4.2071123123168945,1745973571.937,4.2074949741363525,1745973571.937,4.2074949741363525
1745973572.197,4.467847108840942,1745973572.197,4.467847108840942,1745973572.197,4.467847108840942,1745973572.197,4.467847108840942
1745973572.474,4.744329452514648,1745973572.474,4.744329452514648,1745973572.474,4.744329452514648,1745973572.474,4.744329452514648
1745973572.719,4.989242315292358,1745973572.719,4.989242315292358,1745973572.719,4.989242315292358,1745973572.719,4.989242315292358
1745973572.989,5.259595155715942,1745973572.989,5.259595155715942,1745973572.989,5.259595155715942,1745973572.989,5.259595155715942
1745973573.245,5.515239238739014,1745973573.245,5.515239238739014,1745973573.245,5.515239238739014,1745973573.245,5.515239238739014
1745973573.521,5.791009426116943,1745973573.521,5.791009426116943,1745973573.521,5.791009426116943,1745973573.521,5.791009426116943
1745973573.78,6.050673961639404,1745973573.78,6.050673961639404,1745973573.78,6.050673961639404,1745973573.78,6.050673961639404
1745973574.013,6.283632040023804,1745973574.013,6.283632040023804,1745973574.013,6.283632040023804,1745973574.013,6.283632040023804
1745973574.288,6.557987689971924,1745973574.288,6.557987689971924,1745973574.288,6.557987689971924,1745973574.288,6.557987689971924
1745973574.552,6.822352170944214,1745973574.552,6.822352170944214,1745973574.552,6.822352170944214,1745973574.552,6.822352170944214
1745973574.816,7.086297988891602,1745973574.816,7.086297988891602,1745973574.816,7.086297988891602,1745973574.816,7.086297988891602
1745973575.072,7.342198848724365,1745973575.072,7.342198848724365,1745973575.072,7.342198848724365,1745973575.072,7.342198848724365
1745973575.343,7.613030195236206,1745973575.343,7.6132776737213135,1745973575.343,7.6132776737213135,1745973575.343,7.6132776737213135
1745973575.59,7.860420227050781,1745973575.59,7.860420227050781,1745973575.59,7.860420227050781,1745973575.59,7.860420227050781
1745973575.867,8.13733696937561,1745973575.867,8.13733696937561,1745973575.867,8.13733696937561,1745973575.867,8.13733696937561
1745973576.129,8.39908766746521,1745973576.129,8.39908766746521,1745973576.129,8.39908766746521,1745973576.129,8.39908766746521
1745973576.39,8.660284042358398,1745973576.39,8.660284042358398,1745973576.39,8.660284042358398,1745973576.39,8.660284042358398
1745973576.652,8.922019481658936,1745973576.652,8.922019481658936,1745973576.652,8.922019481658936,1745973576.652,8.922019481658936
1745973576.913,9.18296480178833,1745973576.913,9.18296480178833,1745973576.913,9.18296480178833,1745973576.913,9.18296480178833
1745973577.175,9.445549249649048,1745973577.175,9.445549249649048,1745973577.175,9.445549249649048,1745973577.175,9.445549249649048
1745973577.436,9.70596432685852,1745973577.436,9.70596432685852,1745973577.436,9.70596432685852,1745973577.436,9.70596432685852
1745973577.696,9.96616244316101,1745973577.696,9.96616244316101,1745973577.696,9.96616244316101,1745973577.696,9.96616244316101
1745973577.959,10.22957968711853,1745973577.959,10.22957968711853,1745973577.959,10.22957968711853,1745973577.959,10.22957968711853
1745973578.223,10.493132591247559,1745973578.223,10.493132591247559,1745973578.223,10.493132591247559,1745973578.223,10.493132591247559
1745973578.487,10.757851123809814,1745973578.487,10.757851123809814,1745973578.487,10.757851123809814,1745973578.487,10.757851123809814
1745973578.75,11.020590543746948,1745973578.75,11.020590543746948,1745973578.75,11.020590543746948,1745973578.75,11.020590543746948
1745973579.013,11.283555269241333,1745973579.013,11.283555269241333,1745973579.013,11.283555269241333,1745973579.013,11.283555269241333
1745973579.261,11.531393766403198,1745973579.261,11.531393766403198,1745973579.261,11.531393766403198,1745973579.261,11.531393766403198
1745973579.526,11.796387434005737,1745973579.526,11.796387434005737,1745973579.526,11.796387434005737,1745973579.526,11.796387434005737
1745973579.775,12.045740604400635,1745973579.775,12.045740604400635,1745973579.775,12.045740604400635,1745973579.775,12.045740604400635
1745973580.04,12.310234785079956,1745973580.04,12.310234785079956,1745973580.04,12.310234785079956,1745973580.04,12.310234785079956
1745973580.288,12.558017015457153,1745973580.288,12.558017015457153,1745973580.288,12.558017015457153,1745973580.288,12.558017015457153
1745973580.534,12.80422568321228,1745973580.534,12.80422568321228,1745973580.534,12.80422568321228,1745973580.534,12.80422568321228
1745973580.797,13.067510843276978,1745973580.797,13.067510843276978,1745973580.797,13.067510843276978,1745973580.797,13.067942380905151
1745973581.057,13.327325582504272,1745973581.057,13.327325582504272,1745973581.057,13.327325582504272,1745973581.057,13.327325582504272
1745973581.335,13.605454683303833,1745973581.335,13.605454683303833,1745973581.335,13.605454683303833,1745973581.335,13.605454683303833
1745973581.583,13.853034019470215,1745973581.583,13.853034019470215,1745973581.583,13.853034019470215,1745973581.583,13.853034019470215
1745973581.845,14.115202903747559,1745973581.845,14.115202903747559,1745973581.845,14.115202903747559,1745973581.845,14.115202903747559
1745973582.11,14.380043029785156,1745973582.11,14.380043029785156,1745973582.11,14.380043029785156,1745973582.11,14.380043029785156
1745973582.373,14.643216371536255,1745973582.373,14.643216371536255,1745973582.373,14.643216371536255,1745973582.373,14.643216371536255
1745973582.634,14.904213190078735,1745973582.634,14.904213190078735,1745973582.634,14.904213190078735,1745973582.634,14.904213190078735
1745973582.897,15.167229890823364,1745973582.897,15.167229890823364,1745973582.897,15.167229890823364,1745973582.897,15.167229890823364
1745973583.158,15.428797960281372,1745973583.158,15.428797960281372,1745973583.158,15.428797960281372,1745973583.158,15.428797960281372
1745973583.407,15.677491188049316,1745973583.407,15.677491188049316,1745973583.407,15.677491188049316,1745973583.407,15.677491188049316
1745973583.656,15.92592740058899,1745973583.656,15.92592740058899,1745973583.656,15.92592740058899,1745973583.656,15.92592740058899
1745973583.916,16.18686842918396,1745973583.916,16.18686842918396,1745973583.916,16.18686842918396,1745973583.916,16.18686842918396
1745973584.18,16.450055360794067,1745973584.18,16.450055360794067,1745973584.18,16.450055360794067,1745973584.18,16.450055360794067
1745973584.444,16.71394920349121,1745973584.444,16.71394920349121,1745973584.444,16.71394920349121,1745973584.444,16.71394920349121
1745973584.705,16.97496771812439,1745973584.705,16.97496771812439,1745973584.705,16.97496771812439,1745973584.705,16.97496771812439
1745973584.968,17.23799180984497,1745973584.968,17.23799180984497,1745973584.968,17.23799180984497,1745973584.968,17.23799180984497
1745973585.23,17.500438690185547,1745973585.23,17.500438690185547,1745973585.23,17.500438690185547,1745973585.23,17.500438690185547
1745973585.507,17.77725887298584,1745973585.507,17.77725887298584,1745973585.507,17.77725887298584,1745973585.507,17.77725887298584
1745973585.772,18.04204750061035,1745973585.772,18.04204750061035,1745973585.772,18.04204750061035,1745973585.772,18.04204750061035
1745973586.035,18.305169582366943,1745973586.035,18.305169582366943,1745973586.035,18.305169582366943,1745973586.035,18.305169582366943
1745973586.278,18.548333406448364,1745973586.278,18.548333406448364,1745973586.278,18.548333406448364,1745973586.278,18.548333406448364
1745973586.52,18.79010510444641,1745973586.52,18.79010510444641,1745973586.52,18.79010510444641,1745973586.52,18.79010510444641
1745973586.764,19.03417658805847,1745973586.764,19.03417658805847,1745973586.764,19.03417658805847,1745973586.764,19.03417658805847
1745973587.023,19.293256521224976,1745973587.023,19.293256521224976,1745973587.023,19.293256521224976,1745973587.023,19.293256521224976
1745973587.282,19.551977396011353,1745973587.282,19.551977396011353,1745973587.282,19.551977396011353,1745973587.282,19.551977396011353
1745973587.538,19.808051824569702,1745973587.538,19.808051824569702,1745973587.538,19.808051824569702,1745973587.538,19.808051824569702
1745973587.783,20.052921772003174,1745973587.783,20.052921772003174,1745973587.783,20.052921772003174,1745973587.783,20.052921772003174
1745973588.042,20.31260657310486,1745973588.042,20.31260657310486,1745973588.042,20.31260657310486,1745973588.042,20.31260657310486
1745973588.304,20.573898553848267,1745973588.304,20.573898553848267,1745973588.304,20.573898553848267,1745973588.304,20.573898553848267
1745973588.567,20.83780264854431,1745973588.567,20.83780264854431,1745973588.567,20.83780264854431,1745973588.567,20.83780264854431
1745973588.815,21.08532691001892,1745973588.815,21.08532691001892,1745973588.815,21.08532691001892,1745973588.815,21.08532691001892
1745973589.082,21.35191583633423,1745973589.082,21.35191583633423,1745973589.082,21.35191583633423,1745973589.082,21.35191583633423
1745973589.33,21.600028038024902,1745973589.33,21.600306510925293,1745973589.33,21.600306510925293,1745973589.33,21.600306510925293
1745973589.59,21.860131978988647,1745973589.59,21.860131978988647,1745973589.59,21.860471487045288,1745973589.59,21.860471487045288
1745973589.854,22.12474250793457,1745973589.854,22.12474250793457,1745973589.854,22.12474250793457,1745973589.854,22.12474250793457
1745973590.123,22.3932363986969,1745973590.123,22.3932363986969,1745973590.123,22.3932363986969,1745973590.123,22.3932363986969
1745973590.395,22.665327310562134,1745973590.395,22.665327310562134,1745973590.395,22.665327310562134,1745973590.395,22.665327310562134
1745973590.656,22.926210641860962,1745973590.656,22.926210641860962,1745973590.656,22.926210641860962,1745973590.656,22.926210641860962
1745973590.903,23.17315101623535,1745973590.903,23.17315101623535,1745973590.903,23.17315101623535,1745973590.903,23.17315101623535
1745973591.165,23.435283184051514,1745973591.165,23.435283184051514,1745973591.165,23.435283184051514,1745973591.165,23.435283184051514
1745973591.41,23.68026852607727,1745973591.41,23.68026852607727,1745973591.41,23.68026852607727,1745973591.41,23.68026852607727
1745973591.659,23.928940773010254,1745973591.659,23.928940773010254,1745973591.659,23.928940773010254,1745973591.659,23.928940773010254
1745973591.921,24.19125199317932,1745973591.921,24.19125199317932,1745973591.921,24.19125199317932,1745973591.921,24.19125199317932
1745973592.168,24.437978982925415,1745973592.168,24.437978982925415,1745973592.168,24.437978982925415,1745973592.168,24.437978982925415
1745973592.43,24.700430631637573,1745973592.43,24.700430631637573,1745973592.43,24.700430631637573,1745973592.43,24.700430631637573
1745973592.691,24.960935592651367,1745973592.691,24.960935592651367,1745973592.691,24.960935592651367,1745973592.691,24.960935592651367
1745973592.952,25.222198724746704,1745973592.952,25.222198724746704,1745973592.952,25.222198724746704,1745973592.952,25.222198724746704
1745973593.215,25.48577356338501,1745973593.215,25.48577356338501,1745973593.215,25.48577356338501,1745973593.215,25.48577356338501
1745973593.477,25.74732732772827,1745973593.477,25.74732732772827,1745973593.477,25.74732732772827,1745973593.477,25.74732732772827
1745973593.738,26.008199214935303,1745973593.738,26.008199214935303,1745973593.738,26.008199214935303,1745973593.738,26.008199214935303
1745973593.998,26.26813793182373,1745973593.998,26.26813793182373,1745973593.998,26.26813793182373,1745973593.998,26.26813793182373
1745973594.262,26.53206777572632,1745973594.262,26.53206777572632,1745973594.262,26.53206777572632,1745973594.262,26.53206777572632
1745973594.536,26.805916786193848,1745973594.536,26.805916786193848,1745973594.536,26.805916786193848,1745973594.536,26.805916786193848
1745973594.783,27.052903175354004,1745973594.783,27.052903175354004,1745973594.783,27.052903175354004,1745973594.783,27.052903175354004
1745973595.029,27.298906087875366,1745973595.029,27.298906087875366,1745973595.029,27.298906087875366,1745973595.029,27.298906087875366
1745973595.266,27.53606152534485,1745973595.266,27.53606152534485,1745973595.266,27.53606152534485,1745973595.266,27.53606152534485
1745973595.513,27.783301830291748,1745973595.513,27.783301830291748,1745973595.513,27.783301830291748,1745973595.513,27.783301830291748
