timestamp,time,timestamp6,time2,timestamp2,time3,timestamp3,time9
1745973599.582,0.1140756607055664,1745973599.582,0.1140756607055664,1745973599.582,0.1140756607055664,1745973599.582,0.1140756607055664
1745973599.826,0.3581228256225586,1745973599.826,0.3581228256225586,1745973599.826,0.3581228256225586,1745973599.826,0.3581228256225586
1745973600.072,0.6047458648681641,1745973600.072,0.6047458648681641,1745973600.072,0.6047458648681641,1745973600.072,0.6047458648681641
1745973600.349,0.8813395500183105,1745973600.349,0.8813395500183105,1745973600.349,0.8813395500183105,1745973600.349,0.8813395500183105
1745973600.615,1.147468090057373,1745973600.615,1.147468090057373,1745973600.615,1.147468090057373,1745973600.615,1.147468090057373
1745973600.878,1.4098970890045166,1745973600.878,1.4098970890045166,1745973600.878,1.4098970890045166,1745973600.878,1.4098970890045166
1745973601.125,1.6569550037384033,1745973601.125,1.6569550037384033,1745973601.125,1.6569550037384033,1745973601.125,1.6569550037384033
1745973601.374,1.9064364433288574,1745973601.374,1.9064364433288574,1745973601.374,1.9064364433288574,1745973601.374,1.9064364433288574
1745973601.637,2.1691269874572754,1745973601.637,2.1691269874572754,1745973601.637,2.1691269874572754,1745973601.637,2.1691269874572754
1745973601.884,2.4166908264160156,1745973601.884,2.4166908264160156,1745973601.884,2.4166908264160156,1745973601.884,2.4166908264160156
1745973602.162,2.6942121982574463,1745973602.162,2.6942121982574463,1745973602.162,2.6942121982574463,1745973602.162,2.6942121982574463
1745973602.386,2.9187729358673096,1745973602.386,2.9187729358673096,1745973602.386,2.9187729358673096,1745973602.386,2.9187729358673096
1745973602.641,3.1737148761749268,1745973602.641,3.1737148761749268,1745973602.641,3.1737148761749268,1745973602.641,3.1737148761749268
1745973602.907,3.4389195442199707,1745973602.907,3.4389195442199707,1745973602.907,3.4389195442199707,1745973602.907,3.4389195442199707
1745973603.168,3.699868679046631,1745973603.168,3.699868679046631,1745973603.168,3.699868679046631,1745973603.168,3.699868679046631
1745973603.43,3.9624252319335938,1745973603.43,3.9624252319335938,1745973603.43,3.9624252319335938,1745973603.43,3.9624252319335938
1745973603.688,4.2206175327301025,1745973603.688,4.2206175327301025,1745973603.688,4.2206175327301025,1745973603.688,4.2206175327301025
1745973603.958,4.490273714065552,1745973603.958,4.490273714065552,1745973603.958,4.490273714065552,1745973603.958,4.490273714065552
1745973604.204,4.736495018005371,1745973604.204,4.736495018005371,1745973604.204,4.736495018005371,1745973604.204,4.736807823181152
1745973604.467,4.999057292938232,1745973604.467,4.999057292938232,1745973604.467,4.999057292938232,1745973604.467,4.999057292938232
1745973604.713,5.24501633644104,1745973604.713,5.24501633644104,1745973604.713,5.24501633644104,1745973604.713,5.24501633644104
1745973604.992,5.52391242980957,1745973604.992,5.52391242980957,1745973604.992,5.52391242980957,1745973604.992,5.52391242980957
1745973605.238,5.770440340042114,1745973605.238,5.770440340042114,1745973605.238,5.770440340042114,1745973605.238,5.770440340042114
1745973605.498,6.030538320541382,1745973605.498,6.030538320541382,1745973605.498,6.030538320541382,1745973605.498,6.030538320541382
1745973605.761,6.293580532073975,1745973605.761,6.293580532073975,1745973605.761,6.293580532073975,1745973605.761,6.293580532073975
1745973606.037,6.569227457046509,1745973606.037,6.569227457046509,1745973606.037,6.569227457046509,1745973606.037,6.569227457046509
1745973606.287,6.819089412689209,1745973606.287,6.819089412689209,1745973606.287,6.819089412689209,1745973606.287,6.819089412689209
1745973606.552,7.083917140960693,1745973606.552,7.083917140960693,1745973606.552,7.083917140960693,1745973606.552,7.083917140960693
1745973606.814,7.345994472503662,1745973606.814,7.345994472503662,1745973606.814,7.345994472503662,1745973606.814,7.345994472503662
1745973607.074,7.606159925460815,1745973607.074,7.606159925460815,1745973607.074,7.606159925460815,1745973607.074,7.606159925460815
1745973607.337,7.869239568710327,1745973607.337,7.869239568710327,1745973607.337,7.869239568710327,1745973607.337,7.869239568710327
1745973607.6,8.132347106933594,1745973607.6,8.132347106933594,1745973607.6,8.132347106933594,1745973607.6,8.132347106933594
1745973607.863,8.394945621490479,1745973607.863,8.394945621490479,1745973607.863,8.394945621490479,1745973607.863,8.394945621490479
1745973608.124,8.65670371055603,1745973608.124,8.65670371055603,1745973608.124,8.65670371055603,1745973608.124,8.65670371055603
1745973608.386,8.918153524398804,1745973608.386,8.918153524398804,1745973608.386,8.918153524398804,1745973608.386,8.918153524398804
1745973608.648,9.180037498474121,1745973608.648,9.180037498474121,1745973608.648,9.180037498474121,1745973608.648,9.180037498474121
1745973608.906,9.438607931137085,1745973608.906,9.438607931137085,1745973608.906,9.438607931137085,1745973608.906,9.438607931137085
1745973609.151,9.682888507843018,1745973609.151,9.682888507843018,1745973609.151,9.688740253448486,1745973609.156,9.688882112503052
1745973609.406,9.938050031661987,1745973609.406,9.938050031661987,1745973609.406,9.938050031661987,1745973609.406,9.938050031661987
1745973609.667,10.199001789093018,1745973609.667,10.199001789093018,1745973609.667,10.199001789093018,1745973609.667,10.199001789093018
1745973609.943,10.475834608078003,1745973609.943,10.475834608078003,1745973609.943,10.475834608078003,1745973609.943,10.475834608078003
1745973610.204,10.736021518707275,1745973610.204,10.736021518707275,1745973610.204,10.736021518707275,1745973610.204,10.736021518707275
1745973610.463,10.995818853378296,1745973610.463,10.995818853378296,1745973610.463,10.995818853378296,1745973610.463,10.995818853378296
1745973610.738,11.27005386352539,1745973610.738,11.27005386352539,1745973610.738,11.27005386352539,1745973610.738,11.27005386352539
1745973610.986,11.518038272857666,1745973610.986,11.518038272857666,1745973610.986,11.518038272857666,1745973610.986,11.518038272857666
1745973611.246,11.778623819351196,1745973611.246,11.778623819351196,1745973611.246,11.778623819351196,1745973611.246,11.778623819351196
1745973611.507,12.039087533950806,1745973611.507,12.039087533950806,1745973611.507,12.039087533950806,1745973611.507,12.039087533950806
1745973611.741,12.272969484329224,1745973611.741,12.272969484329224,1745973611.741,12.272969484329224,1745973611.741,12.272969484329224
1745973612.002,12.534271717071533,1745973612.002,12.534271717071533,1745973612.002,12.534271717071533,1745973612.002,12.534271717071533
1745973612.25,12.782091856002808,1745973612.25,12.782091856002808,1745973612.25,12.782091856002808,1745973612.25,12.782091856002808
1745973612.498,13.029964447021484,1745973612.498,13.029964447021484,1745973612.498,13.029964447021484,1745973612.498,13.029964447021484
1745973612.733,13.26509714126587,1745973612.733,13.26509714126587,1745973612.733,13.26509714126587,1745973612.733,13.26509714126587
1745973613.006,13.538659811019897,1745973613.006,13.538659811019897,1745973613.006,13.538659811019897,1745973613.006,13.538659811019897
1745973613.27,13.802814722061157,1745973613.27,13.802814722061157,1745973613.27,13.802814722061157,1745973613.27,13.802814722061157
1745973613.533,14.064940214157104,1745973613.533,14.064940214157104,1745973613.533,14.064940214157104,1745973613.533,14.06519079208374
1745973613.783,14.31560206413269,1745973613.783,14.31560206413269,1745973613.783,14.31560206413269,1745973613.783,14.31560206413269
1745973614.029,14.561097621917725,1745973614.029,14.561097621917725,1745973614.029,14.561097621917725,1745973614.029,14.561097621917725
1745973614.29,14.822657346725464,1745973614.29,14.822657346725464,1745973614.29,14.822657346725464,1745973614.29,14.822657346725464
1745973614.538,15.070119380950928,1745973614.538,15.070119380950928,1745973614.538,15.070119380950928,1745973614.538,15.070119380950928
1745973614.786,15.318164110183716,1745973614.786,15.318164110183716,1745973614.786,15.318164110183716,1745973614.786,15.318164110183716
1745973615.05,15.582312822341919,1745973615.05,15.582356929779053,1745973615.05,15.582356929779053,1745973615.05,15.582356929779053
1745973615.3,15.83273434638977,1745973615.3,15.83273434638977,1745973615.3,15.83273434638977,1745973615.3,15.83273434638977
1745973615.565,16.097069263458252,1745973615.565,16.097069263458252,1745973615.565,16.097069263458252,1745973615.565,16.097069263458252
1745973615.809,16.341423511505127,1745973615.809,16.341423511505127,1745973615.809,16.341423511505127,1745973615.809,16.341423511505127
1745973616.071,16.60368299484253,1745973616.071,16.60368299484253,1745973616.071,16.60368299484253,1745973616.072,16.604074954986572
1745973616.347,16.879087448120117,1745973616.347,16.879087448120117,1745973616.347,16.879087448120117,1745973616.347,16.879087448120117
1745973616.61,17.142011404037476,1745973616.61,17.142011404037476,1745973616.61,17.142011404037476,1745973616.61,17.142011404037476
1745973616.874,17.406184196472168,1745973616.874,17.406184196472168,1745973616.874,17.406184196472168,1745973616.874,17.406184196472168
1745973617.136,17.66915488243103,1745973617.137,17.66915488243103,1745973617.137,17.66915488243103,1745973617.137,17.66915488243103
1745973617.4,17.93277406692505,1745973617.4,17.93277406692505,1745973617.4,17.93277406692505,1745973617.4,17.93277406692505
1745973617.677,18.208940505981445,1745973617.677,18.208940505981445,1745973617.677,18.208940505981445,1745973617.677,18.208940505981445
1745973617.94,18.472258806228638,1745973617.94,18.472258806228638,1745973617.94,18.472258806228638,1745973617.94,18.472258806228638
1745973618.203,18.734873056411743,1745973618.203,18.734873056411743,1745973618.203,18.734873056411743,1745973618.203,18.734873056411743
1745973618.451,18.98333501815796,1745973618.451,18.98333501815796,1745973618.451,18.98333501815796,1745973618.451,18.98333501815796
1745973618.713,19.245015382766724,1745973618.713,19.245015382766724,1745973618.713,19.245015382766724,1745973618.713,19.245015382766724
1745973618.992,19.524260997772217,1745973618.992,19.524260997772217,1745973618.992,19.524260997772217,1745973618.992,19.524260997772217
1745973619.256,19.787840843200684,1745973619.256,19.787840843200684,1745973619.256,19.787840843200684,1745973619.256,19.787840843200684
1745973619.503,20.034857273101807,1745973619.503,20.034857273101807,1745973619.503,20.034857273101807,1745973619.503,20.034857273101807
1745973619.765,20.29721975326538,1745973619.765,20.29721975326538,1745973619.765,20.29721975326538,1745973619.765,20.29721975326538
1745973620.027,20.559714794158936,1745973620.027,20.559714794158936,1745973620.027,20.559714794158936,1745973620.027,20.559714794158936
1745973620.289,20.821311712265015,1745973620.289,20.821311712265015,1745973620.289,20.821311712265015,1745973620.289,20.821311712265015
1745973620.55,21.081955194473267,1745973620.55,21.081955194473267,1745973620.55,21.081955194473267,1745973620.55,21.081955194473267
1745973620.816,21.348235845565796,1745973620.816,21.348235845565796,1745973620.816,21.348235845565796,1745973620.816,21.348235845565796
1745973621.076,21.608668327331543,1745973621.076,21.608668327331543,1745973621.076,21.60880994796753,1745973621.076,21.60880994796753
1745973621.338,21.87015199661255,1745973621.338,21.87015199661255,1745973621.338,21.87015199661255,1745973621.338,21.87015199661255
1745973621.6,22.132080078125,1745973621.6,22.132080078125,1745973621.6,22.132080078125,1745973621.6,22.132080078125
1745973621.847,22.379518508911133,1745973621.847,22.379518508911133,1745973621.847,22.379518508911133,1745973621.847,22.379518508911133
1745973622.092,22.62403416633606,1745973622.092,22.62403416633606,1745973622.092,22.62403416633606,1745973622.092,22.62403416633606
1745973622.322,22.854308605194092,1745973622.322,22.854308605194092,1745973622.322,22.854308605194092,1745973622.322,22.854308605194092
1745973622.602,23.13477611541748,1745973622.602,23.13477611541748,1745973622.602,23.13477611541748,1745973622.602,23.13477611541748
1745973622.855,23.38740372657776,1745973622.855,23.38740372657776,1745973622.855,23.38740372657776,1745973622.855,23.38740372657776
1745973623.124,23.656264543533325,1745973623.124,23.656264543533325,1745973623.124,23.656264543533325,1745973623.124,23.656264543533325
1745973623.37,23.902742862701416,1745973623.37,23.902742862701416,1745973623.37,23.902742862701416,1745973623.37,23.902742862701416
1745973623.648,24.179921865463257,1745973623.648,24.179921865463257,1745973623.648,24.179921865463257,1745973623.648,24.179921865463257
1745973623.91,24.441990613937378,1745973623.91,24.441990613937378,1745973623.91,24.441990613937378,1745973623.91,24.441990613937378
1745973624.157,24.689798831939697,1745973624.157,24.689798831939697,1745973624.157,24.689798831939697,1745973624.157,24.689798831939697
1745973624.419,24.951278686523438,1745973624.419,24.951278686523438,1745973624.419,24.951278686523438,1745973624.419,24.951278686523438
1745973624.684,25.216138124465942,1745973624.684,25.216138124465942,1745973624.684,25.216138124465942,1745973624.684,25.216138124465942
1745973624.936,25.468111038208008,1745973624.936,25.468111038208008,1745973624.936,25.468111038208008,1745973624.936,25.468111038208008
1745973625.207,25.739773273468018,1745973625.207,25.739773273468018,1745973625.207,25.739773273468018,1745973625.207,25.739773273468018
1745973625.47,26.00220799446106,1745973625.47,26.00220799446106,1745973625.47,26.00220799446106,1745973625.47,26.00220799446106
1745973625.732,26.263924837112427,1745973625.732,26.263924837112427,1745973625.732,26.263924837112427,1745973625.732,26.263924837112427
1745973625.992,26.524768829345703,1745973625.992,26.524768829345703,1745973625.992,26.524768829345703,1745973625.992,26.524768829345703
1745973626.255,26.787700176239014,1745973626.255,26.787700176239014,1745973626.255,26.787700176239014,1745973626.255,26.787700176239014
1745973626.5,27.032607316970825,1745973626.5,27.032607316970825,1745973626.5,27.032607316970825,1745973626.5,27.032607316970825
1745973626.764,27.296361684799194,1745973626.764,27.296361684799194,1745973626.764,27.296361684799194,1745973626.764,27.296361684799194
1745973627.025,27.557153463363647,1745973627.025,27.557153463363647,1745973627.025,27.557153463363647,1745973627.025,27.557153463363647
1745973627.287,27.818981170654297,1745973627.287,27.818981170654297,1745973627.287,27.818981170654297,1745973627.287,27.818981170654297
1745973627.547,28.079819440841675,1745973627.547,28.079819440841675,1745973627.547,28.079819440841675,1745973627.547,28.079819440841675
1745973627.809,28.34097671508789,1745973627.809,28.34097671508789,1745973627.809,28.34097671508789,1745973627.809,28.34097671508789
1745973628.071,28.60327911376953,1745973628.071,28.60327911376953,1745973628.071,28.60327911376953,1745973628.071,28.60327911376953
1745973628.332,28.864641189575195,1745973628.332,28.864641189575195,1745973628.332,28.864641189575195,1745973628.332,28.864641189575195
1745973628.593,29.125699520111084,1745973628.593,29.125699520111084,1745973628.593,29.125699520111084,1745973628.593,29.125699520111084
1745973628.854,29.3867826461792,1745973628.854,29.386848211288452,1745973628.855,29.386848211288452,1745973628.855,29.386848211288452
1745973629.115,29.646900415420532,1745973629.115,29.646900415420532,1745973629.115,29.646900415420532,1745973629.115,29.646900415420532
1745973629.374,29.90591287612915,1745973629.374,29.90591287612915,1745973629.374,29.90591287612915,1745973629.374,29.90591287612915
1745973629.637,30.16895890235901,1745973629.637,30.16895890235901,1745973629.637,30.16895890235901,1745973629.637,30.16895890235901
1745973629.899,30.431353092193604,1745973629.899,30.431353092193604,1745973629.899,30.431353092193604,1745973629.899,30.431353092193604
1745973630.164,30.696796894073486,1745973630.164,30.696796894073486,1745973630.164,30.696796894073486,1745973630.164,30.696796894073486
1745973630.426,30.958651304244995,1745973630.426,30.958651304244995,1745973630.426,30.958651304244995,1745973630.426,30.958651304244995
1745973630.692,31.22448492050171,1745973630.692,31.22448492050171,1745973630.692,31.22448492050171,1745973630.692,31.22448492050171
1745973630.954,31.48629665374756,1745973630.954,31.48629665374756,1745973630.954,31.48629665374756,1745973630.954,31.48629665374756
1745973631.218,31.749988317489624,1745973631.218,31.749988317489624,1745973631.218,31.749988317489624,1745973631.218,31.749988317489624
1745973631.466,31.998007774353027,1745973631.466,31.998007774353027,1745973631.466,31.998007774353027,1745973631.466,31.998007774353027
1745973631.729,32.260984897613525,1745973631.729,32.260984897613525,1745973631.729,32.260984897613525,1745973631.729,32.260984897613525
1745973632.006,32.53879642486572,1745973632.006,32.53879642486572,1745973632.006,32.53879642486572,1745973632.006,32.53879642486572
1745973632.267,32.79949140548706,1745973632.267,32.79949140548706,1745973632.267,32.79949140548706,1745973632.267,32.79949140548706
1745973632.513,33.04518699645996,1745973632.513,33.04518699645996,1745973632.513,33.04518699645996,1745973632.513,33.04518699645996
1745973632.777,33.309293270111084,1745973632.777,33.309293270111084,1745973632.777,33.309293270111084,1745973632.777,33.309293270111084
1745973633.023,33.55570673942566,1745973633.023,33.55570673942566,1745973633.023,33.55570673942566,1745973633.023,33.55570673942566
1745973633.285,33.817713499069214,1745973633.285,33.817713499069214,1745973633.285,33.817713499069214,1745973633.285,33.817713499069214
1745973633.546,34.07831406593323,1745973633.546,34.07831406593323,1745973633.546,34.07831406593323,1745973633.546,34.07831406593323
1745973633.808,34.34006929397583,1745973633.808,34.34006929397583,1745973633.808,34.34006929397583,1745973633.808,34.34006929397583
1745973634.061,34.59320116043091,1745973634.061,34.59320116043091,1745973634.061,34.59320116043091,1745973634.061,34.59320116043091
1745973634.32,34.85203742980957,1745973634.32,34.85203742980957,1745973634.32,34.85203742980957,1745973634.32,34.85203742980957
1745973634.58,35.11278963088989,1745973634.58,35.11278963088989,1745973634.58,35.11278963088989,1745973634.58,35.11278963088989
1745973634.842,35.37483286857605,1745973634.842,35.37483286857605,1745973634.842,35.37483286857605,1745973634.842,35.37483286857605
1745973635.104,35.63608407974243,1745973635.104,35.63608407974243,1745973635.104,35.63608407974243,1745973635.104,35.63608407974243
1745973635.368,35.90077233314514,1745973635.368,35.90077233314514,1745973635.368,35.90077233314514,1745973635.368,35.90077233314514
1745973635.63,36.162471532821655,1745973635.63,36.162471532821655,1745973635.63,36.162471532821655,1745973635.63,36.162471532821655
1745973635.892,36.42387557029724,1745973635.892,36.42387557029724,1745973635.892,36.42387557029724,1745973635.892,36.42387557029724
1745973636.162,36.69416618347168,1745973636.162,36.69416618347168,1745973636.162,36.69416618347168,1745973636.162,36.69416618347168
1745973636.418,36.95060205459595,1745973636.418,36.95060205459595,1745973636.418,36.95060205459595,1745973636.418,36.95060205459595
1745973636.691,37.2235107421875,1745973636.691,37.2235107421875,1745973636.691,37.2235107421875,1745973636.691,37.2235107421875
1745973636.951,37.48355746269226,1745973636.951,37.48355746269226,1745973636.951,37.48355746269226,1745973636.951,37.48355746269226
1745973637.197,37.72958469390869,1745973637.197,37.72958469390869,1745973637.197,37.72958469390869,1745973637.197,37.72958469390869
1745973637.47,38.002779483795166,1745973637.47,38.002779483795166,1745973637.47,38.002779483795166,1745973637.47,38.002779483795166
1745973637.731,38.26370930671692,1745973637.731,38.26370930671692,1745973637.731,38.26370930671692,1745973637.731,38.26370930671692
1745973637.992,38.524165868759155,1745973637.992,38.524165868759155,1745973637.992,38.524165868759155,1745973637.992,38.524165868759155
1745973638.254,38.78593587875366,1745973638.254,38.78593587875366,1745973638.254,38.78593587875366,1745973638.254,38.78593587875366
1745973638.516,39.0480637550354,1745973638.516,39.0480637550354,1745973638.516,39.0480637550354,1745973638.516,39.0480637550354
1745973638.777,39.30952000617981,1745973638.777,39.30952000617981,1745973638.777,39.30952000617981,1745973638.777,39.30952000617981
1745973639.04,39.572314500808716,1745973639.04,39.572314500808716,1745973639.04,39.572314500808716,1745973639.04,39.572314500808716
1745973639.3,39.8321475982666,1745973639.3,39.8321475982666,1745973639.3,39.8321475982666,1745973639.3,39.8321475982666
1745973639.561,40.093682050704956,1745973639.561,40.093682050704956,1745973639.561,40.094003438949585,1745973639.562,40.094003438949585
1745973639.825,40.35747694969177,1745973639.825,40.35747694969177,1745973639.825,40.35747694969177,1745973639.825,40.35747694969177
1745973640.075,40.60761070251465,1745973640.075,40.60761070251465,1745973640.075,40.60761070251465,1745973640.075,40.60761070251465
1745973640.322,40.85472369194031,1745973640.322,40.85472369194031,1745973640.322,40.85472369194031,1745973640.322,40.85472369194031
1745973640.6,41.13230848312378,1745973640.6,41.13230848312378,1745973640.6,41.13230848312378,1745973640.6,41.13230848312378
1745973640.844,41.37714385986328,1745973640.845,41.37714385986328,1745973640.845,41.37714385986328,1745973640.845,41.37714385986328
1745973641.107,41.639774322509766,1745973641.107,41.639774322509766,1745973641.107,41.639774322509766,1745973641.107,41.639774322509766
1745973641.37,41.90261769294739,1745973641.37,41.90261769294739,1745973641.37,41.90261769294739,1745973641.37,41.90261769294739
1745973641.647,42.17935299873352,1745973641.647,42.17935299873352,1745973641.647,42.17935299873352,1745973641.647,42.17935299873352
1745973641.894,42.42675018310547,1745973641.894,42.42675018310547,1745973641.894,42.42675018310547,1745973641.894,42.42675018310547
1745973642.157,42.68989539146423,1745973642.158,42.68989539146423,1745973642.158,42.68989539146423,1745973642.158,42.68989539146423
1745973642.404,42.936614990234375,1745973642.404,42.936614990234375,1745973642.404,42.936614990234375,1745973642.404,42.936614990234375
1745973642.65,43.182063579559326,1745973642.65,43.182063579559326,1745973642.65,43.182063579559326,1745973642.65,43.182063579559326
1745973642.897,43.429718017578125,1745973642.897,43.429718017578125,1745973642.897,43.429718017578125,1745973642.897,43.429718017578125
1745973643.143,43.67496705055237,1745973643.143,43.67496705055237,1745973643.143,43.67496705055237,1745973643.143,43.67496705055237
1745973643.401,43.932990312576294,1745973643.401,43.932990312576294,1745973643.401,43.932990312576294,1745973643.401,43.932990312576294
1745973643.661,44.19340133666992,1745973643.661,44.19340133666992,1745973643.661,44.19340133666992,1745973643.661,44.19340133666992
1745973643.896,44.42864274978638,1745973643.896,44.42864274978638,1745973643.896,44.42864274978638,1745973643.896,44.42864274978638
1745973644.139,44.67128825187683,1745973644.139,44.67128825187683,1745973644.139,44.67128825187683,1745973644.139,44.67128825187683
1745973644.404,44.936371088027954,1745973644.404,44.936371088027954,1745973644.404,44.936371088027954,1745973644.404,44.936371088027954
1745973644.652,45.184436559677124,1745973644.652,45.184436559677124,1745973644.652,45.184436559677124,1745973644.652,45.184436559677124
1745973644.889,45.421799421310425,1745973644.889,45.421799421310425,1745973644.889,45.421799421310425,1745973644.889,45.421799421310425
1745973645.151,45.683422327041626,1745973645.151,45.683422327041626,1745973645.151,45.683422327041626,1745973645.151,45.683422327041626
1745973645.424,45.95651316642761,1745973645.424,45.95651316642761,1745973645.424,45.95651316642761,1745973645.424,45.95651316642761
1745973645.687,46.218849420547485,1745973645.687,46.218849420547485,1745973645.687,46.218849420547485,1745973645.687,46.218849420547485
1745973645.935,46.467695474624634,1745973645.935,46.467695474624634,1745973645.935,46.467695474624634,1745973645.935,46.467695474624634
1745973646.184,46.71663689613342,1745973646.184,46.71663689613342,1745973646.184,46.71663689613342,1745973646.184,46.71663689613342
1745973646.457,46.9890661239624,1745973646.457,46.9890661239624,1745973646.457,46.9890661239624,1745973646.457,46.9890661239624
1745973646.72,47.251871824264526,1745973646.72,47.251871824264526,1745973646.72,47.251871824264526,1745973646.72,47.251871824264526
1745973646.979,47.51092052459717,1745973646.979,47.51092052459717,1745973646.979,47.51092052459717,1745973646.979,47.51115560531616
1745973647.241,47.7737672328949,1745973647.241,47.7737672328949,1745973647.241,47.7737672328949,1745973647.241,47.7737672328949
1745973647.504,48.035966634750366,1745973647.504,48.035966634750366,1745973647.504,48.035966634750366,1745973647.504,48.035966634750366
1745973647.765,48.29767036437988,1745973647.765,48.29767036437988,1745973647.765,48.29767036437988,1745973647.765,48.29767036437988
1745973648.027,48.559760332107544,1745973648.027,48.559760332107544,1745973648.027,48.559760332107544,1745973648.027,48.559760332107544
1745973648.29,48.821906328201294,1745973648.29,48.821906328201294,1745973648.29,48.821906328201294,1745973648.29,48.821906328201294
1745973648.551,49.083646297454834,1745973648.551,49.08371162414551,1745973648.551,49.08371162414551,1745973648.551,49.08371162414551
1745973648.814,49.34609317779541,1745973648.814,49.34627652168274,1745973648.814,49.34627652168274,1745973648.814,49.34627652168274
1745973649.078,49.61016845703125,1745973649.078,49.61016845703125,1745973649.078,49.61016845703125,1745973649.078,49.61016845703125
1745973649.341,49.87318706512451,1745973649.341,49.87318706512451,1745973649.341,49.87318706512451,1745973649.341,49.87318706512451
1745973649.59,50.12197709083557,1745973649.59,50.12197709083557,1745973649.59,50.12197709083557,1745973649.59,50.12197709083557
1745973649.853,50.38511657714844,1745973649.853,50.38511657714844,1745973649.853,50.38511657714844,1745973649.853,50.38511657714844
1745973650.116,50.64805293083191,1745973650.116,50.64805293083191,1745973650.116,50.64805293083191,1745973650.116,50.64805293083191
1745973650.378,50.9098904132843,1745973650.378,50.9098904132843,1745973650.378,50.9098904132843,1745973650.378,50.9098904132843
1745973650.639,51.1714231967926,1745973650.639,51.1714231967926,1745973650.639,51.1714231967926,1745973650.639,51.1714231967926
1745973650.888,51.42060661315918,1745973650.888,51.42060661315918,1745973650.888,51.42060661315918,1745973650.888,51.42060661315918
1745973651.161,51.69373607635498,1745973651.161,51.69373607635498,1745973651.161,51.69373607635498,1745973651.161,51.69373607635498
1745973651.424,51.95648550987244,1745973651.424,51.95648550987244,1745973651.424,51.95648550987244,1745973651.424,51.95648550987244
1745973651.67,52.20249080657959,1745973651.67,52.20249080657959,1745973651.67,52.20249080657959,1745973651.67,52.20249080657959
1745973651.934,52.46591520309448,1745973651.934,52.46591520309448,1745973651.934,52.46591520309448,1745973651.934,52.46591520309448
1745973652.198,52.73069620132446,1745973652.198,52.73069620132446,1745973652.198,52.73069620132446,1745973652.198,52.73069620132446
1745973652.475,53.00752639770508,1745973652.475,53.00752639770508,1745973652.475,53.00752639770508,1745973652.475,53.00752639770508
1745973652.72,53.25271797180176,1745973652.72,53.25271797180176,1745973652.72,53.25271797180176,1745973652.72,53.25271797180176
1745973652.967,53.49950861930847,1745973652.967,53.49950861930847,1745973652.967,53.49950861930847,1745973652.967,53.49950861930847
1745973653.228,53.760605812072754,1745973653.228,53.760605812072754,1745973653.228,53.760605812072754,1745973653.228,53.760605812072754
1745973653.506,54.03803539276123,1745973653.506,54.03803539276123,1745973653.506,54.03803539276123,1745973653.506,54.03803539276123
1745973653.767,54.29969501495361,1745973653.767,54.29969501495361,1745973653.767,54.29969501495361,1745973653.767,54.29969501495361
1745973654.017,54.54965257644653,1745973654.017,54.54965257644653,1745973654.017,54.54965257644653,1745973654.017,54.54965257644653
1745973654.278,54.810195446014404,1745973654.278,54.810195446014404,1745973654.278,54.810195446014404,1745973654.278,54.810195446014404
1745973654.509,55.04156041145325,1745973654.509,55.04156041145325,1745973654.509,55.04156041145325,1745973654.509,55.04156041145325
1745973654.789,55.32121467590332,1745973654.789,55.32121467590332,1745973654.789,55.32121467590332,1745973654.789,55.32121467590332
1745973655.025,55.557769775390625,1745973655.025,55.557769775390625,1745973655.025,55.557769775390625,1745973655.025,55.557769775390625
1745973655.297,55.829636573791504,1745973655.297,55.829636573791504,1745973655.297,55.829636573791504,1745973655.297,55.829636573791504
1745973655.562,56.09468650817871,1745973655.562,56.09468650817871,1745973655.562,56.09468650817871,1745973655.562,56.09468650817871
1745973655.824,56.35594892501831,1745973655.824,56.35594892501831,1745973655.824,56.35594892501831,1745973655.824,56.35594892501831
1745973656.085,56.61778283119202,1745973656.085,56.61778283119202,1745973656.085,56.61778283119202,1745973656.085,56.61778283119202
1745973656.317,56.84912061691284,1745973656.317,56.84912061691284,1745973656.317,56.84912061691284,1745973656.317,56.84912061691284
1745973656.579,57.111525774002075,1745973656.579,57.111525774002075,1745973656.579,57.111525774002075,1745973656.579,57.111525774002075
1745973656.823,57.35499691963196,1745973656.823,57.35499691963196,1745973656.823,57.35499691963196,1745973656.823,57.35499691963196
1745973657.058,57.59077572822571,1745973657.058,57.59077572822571,1745973657.058,57.59077572822571,1745973657.058,57.59077572822571
1745973657.331,57.86369276046753,1745973657.331,57.86369276046753,1745973657.331,57.86369276046753,1745973657.331,57.86369276046753
1745973657.594,58.12680172920227,1745973657.594,58.12680172920227,1745973657.594,58.12680172920227,1745973657.594,58.12680172920227
1745973657.857,58.38981580734253,1745973657.857,58.38981580734253,1745973657.857,58.38981580734253,1745973657.857,58.38981580734253
1745973658.12,58.6523597240448,1745973658.12,58.6523597240448,1745973658.12,58.6523597240448,1745973658.12,58.6523597240448
1745973658.368,58.899951219558716,1745973658.368,58.899951219558716,1745973658.368,58.899951219558716,1745973658.368,58.899951219558716
1745973658.628,59.160630226135254,1745973658.628,59.160630226135254,1745973658.628,59.160630226135254,1745973658.628,59.160630226135254
1745973658.893,59.42579936981201,1745973658.893,59.42579936981201,1745973658.893,59.42579936981201,1745973658.893,59.42579936981201
1745973659.142,59.6743221282959,1745973659.142,59.6743221282959,1745973659.142,59.6743221282959,1745973659.142,59.6743221282959
1745973659.389,59.92182374000549,1745973659.389,59.92182374000549,1745973659.389,59.92182374000549,1745973659.389,59.92182374000549
1745973659.649,60.18174362182617,1745973659.649,60.18174362182617,1745973659.649,60.18174362182617,1745973659.649,60.18174362182617
1745973659.897,60.42971849441528,1745973659.897,60.42971849441528,1745973659.897,60.42971849441528,1745973659.897,60.42971849441528
1745973660.153,60.685741662979126,1745973660.153,60.685741662979126,1745973660.153,60.685741662979126,1745973660.153,60.685741662979126
1745973660.416,60.94879126548767,1745973660.416,60.94879126548767,1745973660.416,60.94879126548767,1745973660.416,60.94879126548767
1745973660.671,61.20363640785217,1745973660.671,61.20363640785217,1745973660.671,61.20363640785217,1745973660.671,61.20363640785217
1745973660.929,61.46086668968201,1745973660.929,61.46086668968201,1745973660.929,61.46086668968201,1745973660.929,61.46086668968201
1745973661.185,61.71759366989136,1745973661.185,61.71759366989136,1745973661.185,61.71759366989136,1745973661.185,61.71759366989136
1745973661.461,61.992921590805054,1745973661.461,61.992921590805054,1745973661.461,61.992921590805054,1745973661.461,61.992921590805054
1745973661.706,62.238381147384644,1745973661.706,62.238381147384644,1745973661.706,62.238381147384644,1745973661.706,62.238381147384644
1745973661.965,62.49760460853577,1745973661.965,62.49760460853577,1745973661.965,62.49760460853577,1745973661.965,62.49760460853577
1745973662.228,62.76042056083679,1745973662.228,62.76042056083679,1745973662.228,62.76042056083679,1745973662.228,62.76042056083679
1745973662.505,63.03751230239868,1745973662.505,63.03751230239868,1745973662.505,63.03751230239868,1745973662.505,63.03751230239868
1745973662.751,63.28348731994629,1745973662.751,63.28348731994629,1745973662.751,63.28348731994629,1745973662.751,63.28348731994629
1745973663.013,63.54510807991028,1745973663.013,63.54510807991028,1745973663.013,63.54510807991028,1745973663.013,63.54510807991028
1745973663.275,63.80756664276123,1745973663.275,63.80756664276123,1745973663.275,63.80756664276123,1745973663.275,63.80756664276123
1745973663.535,64.06780886650085,1745973663.535,64.06780886650085,1745973663.535,64.06780886650085,1745973663.535,64.06780886650085
1745973663.783,64.31579422950745,1745973663.783,64.31579422950745,1745973663.783,64.31579422950745,1745973663.783,64.31579422950745
1745973664.047,64.57888722419739,1745973664.047,64.57888722419739,1745973664.047,64.57888722419739,1745973664.047,64.57888722419739
1745973664.31,64.84239745140076,1745973664.31,64.84239745140076,1745973664.31,64.84239745140076,1745973664.31,64.84239745140076
1745973664.573,65.10540890693665,1745973664.573,65.10540890693665,1745973664.573,65.10540890693665,1745973664.573,65.10540890693665
1745973664.825,65.35716104507446,1745973664.825,65.35716104507446,1745973664.825,65.35716104507446,1745973664.825,65.35716104507446
1745973665.1,65.63195252418518,1745973665.1,65.63195252418518,1745973665.1,65.63195252418518,1745973665.1,65.63195252418518
1745973665.362,65.89454460144043,1745973665.362,65.89454460144043,1745973665.362,65.89454460144043,1745973665.362,65.89454460144043
1745973665.623,66.15573310852051,1745973665.623,66.15573310852051,1745973665.623,66.15573310852051,1745973665.623,66.15573310852051
1745973665.899,66.43180680274963,1745973665.899,66.43180680274963,1745973665.899,66.43180680274963,1745973665.899,66.43180680274963
1745973666.134,66.66679167747498,1745973666.134,66.66679167747498,1745973666.134,66.66679167747498,1745973666.134,66.66679167747498
1745973666.409,66.94174528121948,1745973666.409,66.94174528121948,1745973666.409,66.94174528121948,1745973666.409,66.94174528121948
1745973666.658,67.18991494178772,1745973666.658,67.18991494178772,1745973666.658,67.18991494178772,1745973666.658,67.18991494178772
1745973666.919,67.45167255401611,1745973666.919,67.45167255401611,1745973666.919,67.45167255401611,1745973666.919,67.45167255401611
1745973667.179,67.71132040023804,1745973667.179,67.71132040023804,1745973667.179,67.71132040023804,1745973667.179,67.71132040023804
1745973667.442,67.97473788261414,1745973667.442,67.97473788261414,1745973667.442,67.97473788261414,1745973667.442,67.97473788261414
1745973667.707,68.23920941352844,1745973667.707,68.23920941352844,1745973667.707,68.23920941352844,1745973667.707,68.23920941352844
1745973667.97,68.50214862823486,1745973667.97,68.50214862823486,1745973667.97,68.5023717880249,1745973667.97,68.5023717880249
1745973668.234,68.76659727096558,1745973668.234,68.76659727096558,1745973668.234,68.76659727096558,1745973668.234,68.76659727096558
1745973668.483,69.01548337936401,1745973668.483,69.01548337936401,1745973668.483,69.01548337936401,1745973668.483,69.01548337936401
1745973668.743,69.27533960342407,1745973668.743,69.27533960342407,1745973668.743,69.27533960342407,1745973668.743,69.27533960342407
1745973668.989,69.52175116539001,1745973668.989,69.52175116539001,1745973668.989,69.52175116539001,1745973668.989,69.52175116539001
1745973669.252,69.7838761806488,1745973669.252,69.7838761806488,1745973669.252,69.7838761806488,1745973669.252,69.7838761806488
1745973669.483,70.01582717895508,1745973669.483,70.01582717895508,1745973669.483,70.01582717895508,1745973669.483,70.01582717895508
1745973669.746,70.27861213684082,1745973669.746,70.27861213684082,1745973669.746,70.27861213684082,1745973669.746,70.27861213684082
1745973670.008,70.54058361053467,1745973670.008,70.54058361053467,1745973670.008,70.54058361053467,1745973670.008,70.54058361053467
1745973670.271,70.80365705490112,1745973670.271,70.80365705490112,1745973670.271,70.80365705490112,1745973670.271,70.80365705490112
1745973670.517,71.04899477958679,1745973670.517,71.04899477958679,1745973670.517,71.04899477958679,1745973670.517,71.04899477958679
1745973670.763,71.29505658149719,1745973670.763,71.29505658149719,1745973670.763,71.2953872680664,1745973670.763,71.2953872680664
1745973671.029,71.56171536445618,1745973671.029,71.56171536445618,1745973671.029,71.56171536445618,1745973671.029,71.56171536445618
1745973671.287,71.81946802139282,1745973671.287,71.81946802139282,1745973671.287,71.81946802139282,1745973671.287,71.81946802139282
1745973671.517,72.0507824420929,1745973671.518,72.0507824420929,1745973671.518,72.0507824420929,1745973671.518,72.0507824420929
1745973671.745,72.2775387763977,1745973671.745,72.2775387763977,1745973671.745,72.2775387763977,1745973671.745,72.2775387763977
1745973672.02,72.55248951911926,1745973672.02,72.55248951911926,1745973672.02,72.55248951911926,1745973672.02,72.55248951911926
1745973672.268,72.8004355430603,1745973672.268,72.8004355430603,1745973672.268,72.8004355430603,1745973672.268,72.8004355430603
1745973672.516,73.04823851585388,1745973672.516,73.04823851585388,1745973672.516,73.04823851585388,1745973672.516,73.04823851585388
1745973672.778,73.31004977226257,1745973672.778,73.31004977226257,1745973672.778,73.31004977226257,1745973672.778,73.31004977226257
1745973673.027,73.5588846206665,1745973673.027,73.5588846206665,1745973673.027,73.5588846206665,1745973673.027,73.5588846206665
1745973673.289,73.82175850868225,1745973673.289,73.82175850868225,1745973673.289,73.82175850868225,1745973673.289,73.82175850868225
1745973673.528,74.06047534942627,1745973673.528,74.06047534942627,1745973673.528,74.06047534942627,1745973673.528,74.06047534942627
1745973673.796,74.32866835594177,1745973673.796,74.32866835594177,1745973673.796,74.32866835594177,1745973673.796,74.32866835594177
1745973674.057,74.58967852592468,1745973674.057,74.58967852592468,1745973674.057,74.58967852592468,1745973674.057,74.58967852592468
1745973674.337,74.86894297599792,1745973674.337,74.86894297599792,1745973674.337,74.86894297599792,1745973674.337,74.86894297599792
1745973674.569,75.10095047950745,1745973674.569,75.10095047950745,1745973674.569,75.10095047950745,1745973674.569,75.10095047950745
1745973674.832,75.36385464668274,1745973674.832,75.36385464668274,1745973674.832,75.36385464668274,1745973674.832,75.36385464668274
1745973675.066,75.59865283966064,1745973675.066,75.59865283966064,1745973675.066,75.59865283966064,1745973675.066,75.59865283966064
1745973675.325,75.8576455116272,1745973675.325,75.8576455116272,1745973675.325,75.8576455116272,1745973675.325,75.8576455116272
1745973675.559,76.09181070327759,1745973675.559,76.09181070327759,1745973675.559,76.09181070327759,1745973675.559,76.09181070327759
1745973675.834,76.36637663841248,1745973675.834,76.36637663841248,1745973675.834,76.36637663841248,1745973675.834,76.36637663841248
1745973676.065,76.59856653213501,1745973676.066,76.59856653213501,1745973676.066,76.59856653213501,1745973676.066,76.59856653213501
1745973676.313,76.84539842605591,1745973676.313,76.84539842605591,1745973676.313,76.84539842605591,1745973676.313,76.84539842605591
1745973676.561,77.09299993515015,1745973676.561,77.09299993515015,1745973676.561,77.09299993515015,1745973676.561,77.09299993515015
1745973676.807,77.33975672721863,1745973676.807,77.33975672721863,1745973676.807,77.33975672721863,1745973676.807,77.33975672721863
1745973677.073,77.60565972328186,1745973677.073,77.60565972328186,1745973677.073,77.60565972328186,1745973677.073,77.60565972328186
1745973677.331,77.86320161819458,1745973677.331,77.86320161819458,1745973677.331,77.86320161819458,1745973677.331,77.86320161819458
1745973677.564,78.0964629650116,1745973677.564,78.0964629650116,1745973677.564,78.0964629650116,1745973677.564,78.0964629650116
1745973677.826,78.3583824634552,1745973677.826,78.3583824634552,1745973677.826,78.3583824634552,1745973677.826,78.3583824634552
1745973678.087,78.61915707588196,1745973678.087,78.61915707588196,1745973678.087,78.61915707588196,1745973678.087,78.61915707588196
1745973678.336,78.8686306476593,1745973678.336,78.8686306476593,1745973678.336,78.8686306476593,1745973678.336,78.8686306476593
1745973678.571,79.10359382629395,1745973678.571,79.10359382629395,1745973678.571,79.10359382629395,1745973678.571,79.10359382629395
1745973678.832,79.36396765708923,1745973678.832,79.36396765708923,1745973678.832,79.36396765708923,1745973678.832,79.36396765708923
1745973679.095,79.62770366668701,1745973679.095,79.62770366668701,1745973679.095,79.62770366668701,1745973679.095,79.62770366668701
1745973679.342,79.87445282936096,1745973679.342,79.87445282936096,1745973679.342,79.87445282936096,1745973679.342,79.87445282936096
1745973679.593,80.12575674057007,1745973679.593,80.12575674057007,1745973679.593,80.12575674057007,1745973679.593,80.12575674057007
1745973679.854,80.38674974441528,1745973679.854,80.38674974441528,1745973679.854,80.38674974441528,1745973679.854,80.38674974441528
1745973680.118,80.65104746818542,1745973680.119,80.65104746818542,1745973680.119,80.65104746818542,1745973680.119,80.65104746818542
1745973680.394,80.92667436599731,1745973680.394,80.92667436599731,1745973680.394,80.92667436599731,1745973680.394,80.92667436599731
1745973680.658,81.19068717956543,1745973680.658,81.19073987007141,1745973680.658,81.19073987007141,1745973680.658,81.19073987007141
1745973680.918,81.45059585571289,1745973680.918,81.45059585571289,1745973680.918,81.45059585571289,1745973680.918,81.45059585571289
1745973681.181,81.71303820610046,1745973681.181,81.71303820610046,1745973681.181,81.71303820610046,1745973681.181,81.71303820610046
1745973681.44,81.97268724441528,1745973681.44,81.97268724441528,1745973681.44,81.97268724441528,1745973681.44,81.97268724441528
1745973681.685,82.21746444702148,1745973681.685,82.21746444702148,1745973681.685,82.21746444702148,1745973681.685,82.21746444702148
1745973681.948,82.47997069358826,1745973681.948,82.47997069358826,1745973681.948,82.47997069358826,1745973681.948,82.47997069358826
1745973682.211,82.74329972267151,1745973682.211,82.74329972267151,1745973682.211,82.74329972267151,1745973682.211,82.74329972267151
1745973682.458,82.9898669719696,1745973682.458,82.9898669719696,1745973682.458,82.9898669719696,1745973682.458,82.9898669719696
1745973682.684,83.21669292449951,1745973682.684,83.21669292449951,1745973682.684,83.21669292449951,1745973682.684,83.21669292449951
1745973682.951,83.48381805419922,1745973682.951,83.48381805419922,1745973682.951,83.48381805419922,1745973682.951,83.48381805419922
1745973683.212,83.74499702453613,1745973683.213,83.74499702453613,1745973683.213,83.74499702453613,1745973683.213,83.74499702453613
1745973683.488,84.02081871032715,1745973683.488,84.02081871032715,1745973683.488,84.02081871032715,1745973683.488,84.02081871032715
1745973683.75,84.28248000144958,1745973683.75,84.28248000144958,1745973683.75,84.28248000144958,1745973683.75,84.28248000144958
1745973684.011,84.54360294342041,1745973684.011,84.54360294342041,1745973684.011,84.54360294342041,1745973684.011,84.54360294342041
1745973684.262,84.79454946517944,1745973684.262,84.79454946517944,1745973684.262,84.79454946517944,1745973684.262,84.79454946517944
1745973684.535,85.06774020195007,1745973684.535,85.06774020195007,1745973684.535,85.06774020195007,1745973684.535,85.06774020195007
1745973684.782,85.3145501613617,1745973684.782,85.3145501613617,1745973684.782,85.3145501613617,1745973684.782,85.3145501613617
1745973685.042,85.57419514656067,1745973685.042,85.57419514656067,1745973685.042,85.57419514656067,1745973685.042,85.57419514656067
1745973685.305,85.83698391914368,1745973685.305,85.83698391914368,1745973685.305,85.83698391914368,1745973685.305,85.83698391914368
1745973685.566,86.09853553771973,1745973685.566,86.09853553771973,1745973685.566,86.09853553771973,1745973685.566,86.09853553771973
1745973685.828,86.36054563522339,1745973685.828,86.36054563522339,1745973685.828,86.36054563522339,1745973685.828,86.36054563522339
1745973686.092,86.623952627182,1745973686.092,86.623952627182,1745973686.092,86.623952627182,1745973686.092,86.623952627182
1745973686.365,86.8975613117218,1745973686.365,86.8975613117218,1745973686.365,86.8975613117218,1745973686.365,86.8975613117218
1745973686.624,87.15648484230042,1745973686.624,87.15648484230042,1745973686.624,87.15648484230042,1745973686.624,87.15648484230042
1745973686.895,87.42752170562744,1745973686.895,87.42752170562744,1745973686.895,87.42752170562744,1745973686.895,87.42752170562744
1745973687.153,87.68531942367554,1745973687.153,87.68531942367554,1745973687.153,87.68531942367554,1745973687.153,87.68531942367554
1745973687.413,87.9454779624939,1745973687.413,87.9454779624939,1745973687.413,87.9454779624939,1745973687.413,87.9454779624939
1745973687.672,88.20466327667236,1745973687.672,88.20466327667236,1745973687.672,88.20466327667236,1745973687.672,88.20466327667236
1745973687.934,88.46615219116211,1745973687.934,88.46615219116211,1745973687.934,88.46615219116211,1745973687.934,88.46615219116211
1745973688.182,88.71457266807556,1745973688.182,88.71457266807556,1745973688.182,88.71457266807556,1745973688.182,88.71457266807556
1745973688.457,88.9897255897522,1745973688.457,88.9897255897522,1745973688.457,88.9897255897522,1745973688.457,88.9897255897522
1745973688.717,89.24938774108887,1745973688.717,89.24938774108887,1745973688.717,89.24938774108887,1745973688.717,89.24938774108887
1745973688.981,89.51334714889526,1745973688.981,89.51334714889526,1745973688.981,89.51334714889526,1745973688.981,89.51334714889526
1745973689.242,89.77475237846375,1745973689.242,89.77475237846375,1745973689.242,89.77475237846375,1745973689.242,89.77475237846375
1745973689.504,90.03654384613037,1745973689.504,90.03654384613037,1745973689.504,90.03654384613037,1745973689.504,90.03654384613037
1745973689.736,90.26882100105286,1745973689.736,90.26882100105286,1745973689.736,90.26882100105286,1745973689.736,90.26882100105286
1745973689.998,90.52989029884338,1745973689.998,90.52989029884338,1745973689.998,90.52989029884338,1745973689.998,90.52989029884338
1745973690.261,90.79324293136597,1745973690.261,90.79324293136597,1745973690.261,90.79324293136597,1745973690.261,90.79324293136597
1745973690.523,91.05545139312744,1745973690.523,91.05545139312744,1745973690.523,91.05545139312744,1745973690.523,91.05545139312744
1745973690.771,91.30368113517761,1745973690.771,91.30368113517761,1745973690.771,91.30368113517761,1745973690.771,91.30368113517761
1745973691.032,91.56472730636597,1745973691.032,91.56472730636597,1745973691.032,91.56472730636597,1745973691.032,91.56472730636597
1745973691.268,91.80064225196838,1745973691.268,91.80064225196838,1745973691.268,91.80064225196838,1745973691.268,91.80064225196838
1745973691.527,92.05906391143799,1745973691.527,92.05906391143799,1745973691.527,92.05906391143799,1745973691.527,92.05906391143799
1745973691.761,92.29351019859314,1745973691.761,92.29351019859314,1745973691.761,92.29351019859314,1745973691.761,92.29351019859314
1745973692.034,92.56644058227539,1745973692.034,92.56644058227539,1745973692.034,92.56644058227539,1745973692.034,92.56644058227539
1745973692.269,92.80166006088257,1745973692.269,92.80166006088257,1745973692.269,92.80166006088257,1745973692.269,92.80166006088257
1745973692.53,93.06269383430481,1745973692.53,93.06269383430481,1745973692.53,93.06269383430481,1745973692.53,93.06269383430481
1745973692.766,93.2985451221466,1745973692.766,93.2985451221466,1745973692.766,93.2985451221466,1745973692.766,93.2985451221466
1745973693.025,93.55696177482605,1745973693.025,93.55696177482605,1745973693.025,93.55696177482605,1745973693.025,93.55696177482605
1745973693.276,93.8084888458252,1745973693.276,93.8084888458252,1745973693.276,93.8084888458252,1745973693.276,93.8084888458252
1745973693.547,94.07968616485596,1745973693.547,94.07968616485596,1745973693.547,94.07968616485596,1745973693.547,94.07968616485596
1745973693.808,94.34079003334045,1745973693.808,94.34079003334045,1745973693.808,94.34079003334045,1745973693.808,94.34079003334045
1745973694.085,94.61781024932861,1745973694.085,94.61781024932861,1745973694.085,94.61781024932861,1745973694.085,94.61781024932861
1745973694.331,94.8633930683136,1745973694.331,94.8633930683136,1745973694.331,94.86370658874512,1745973694.331,94.86370658874512
1745973694.595,95.12774777412415,1745973694.595,95.12774777412415,1745973694.595,95.12774777412415,1745973694.595,95.12774777412415
1745973694.843,95.37557435035706,1745973694.843,95.37557435035706,1745973694.843,95.37557435035706,1745973694.843,95.37557435035706
1745973695.097,95.62906169891357,1745973695.097,95.62906169891357,1745973695.097,95.62906169891357,1745973695.097,95.62906169891357
1745973695.348,95.88077163696289,1745973695.348,95.88077163696289,1745973695.348,95.88077163696289,1745973695.348,95.88077163696289
1745973695.611,96.14298343658447,1745973695.611,96.14298343658447,1745973695.611,96.14298343658447,1745973695.611,96.14298343658447
1745973695.871,96.40366172790527,1745973695.871,96.40366172790527,1745973695.871,96.40366172790527,1745973695.871,96.40366172790527
1745973696.119,96.65176773071289,1745973696.119,96.65176773071289,1745973696.119,96.65176773071289,1745973696.119,96.65176773071289
1745973696.382,96.91455006599426,1745973696.382,96.91455006599426,1745973696.382,96.91455006599426,1745973696.382,96.91455006599426
1745973696.643,97.17496991157532,1745973696.643,97.17496991157532,1745973696.643,97.17496991157532,1745973696.643,97.17496991157532
1745973696.89,97.4225709438324,1745973696.89,97.4225709438324,1745973696.89,97.4225709438324,1745973696.89,97.4225709438324
1745973697.152,97.68409991264343,1745973697.152,97.68409991264343,1745973697.152,97.68409991264343,1745973697.152,97.68409991264343
1745973697.414,97.94652462005615,1745973697.414,97.94652462005615,1745973697.414,97.94652462005615,1745973697.414,97.94652462005615
1745973697.677,98.20936679840088,1745973697.677,98.20936679840088,1745973697.677,98.20936679840088,1745973697.677,98.20936679840088
1745973697.938,98.46991467475891,1745973697.938,98.46991467475891,1745973697.938,98.46991467475891,1745973697.938,98.46991467475891
1745973698.199,98.73132252693176,1745973698.199,98.73132252693176,1745973698.199,98.73132252693176,1745973698.199,98.73132252693176
1745973698.437,98.96949219703674,1745973698.437,98.96949219703674,1745973698.437,98.96949219703674,1745973698.437,98.96949219703674
1745973698.691,99.2235643863678,1745973698.691,99.2235643863678,1745973698.691,99.2235643863678,1745973698.691,99.2235643863678
1745973698.954,99.48597979545593,1745973698.954,99.48597979545593,1745973698.954,99.48597979545593,1745973698.954,99.48597979545593
1745973699.2,99.7321674823761,1745973699.2,99.7321674823761,1745973699.2,99.7321674823761,1745973699.2,99.7321674823761
1745973699.437,99.9696717262268,1745973699.437,99.9696717262268,1745973699.437,99.9696717262268,1745973699.437,99.9696717262268
1745973699.697,100.2296872138977,1745973699.697,100.2296872138977,1745973699.697,100.2296872138977,1745973699.697,100.2296872138977
1745973699.96,100.49283480644226,1745973699.96,100.49283480644226,1745973699.96,100.49283480644226,1745973699.96,100.49283480644226
1745973700.224,100.75611162185669,1745973700.224,100.75611162185669,1745973700.224,100.75611162185669,1745973700.224,100.75611162185669
1745973700.471,101.0030460357666,1745973700.471,101.0030460357666,1745973700.471,101.0030460357666,1745973700.471,101.0030460357666
1745973700.731,101.26331925392151,1745973700.731,101.26331925392151,1745973700.731,101.26331925392151,1745973700.731,101.26369428634644
1745973700.995,101.52744102478027,1745973700.995,101.52744102478027,1745973700.995,101.52744102478027,1745973700.995,101.52744102478027
1745973701.269,101.80160212516785,1745973701.269,101.80160212516785,1745973701.269,101.80160212516785,1745973701.269,101.80160212516785
1745973701.53,102.06222319602966,1745973701.53,102.06222319602966,1745973701.53,102.06222319602966,1745973701.53,102.06222319602966
1745973701.792,102.32467746734619,1745973701.792,102.32467746734619,1745973701.792,102.32467746734619,1745973701.792,102.32467746734619
1745973702.054,102.5863573551178,1745973702.054,102.5863573551178,1745973702.054,102.5863573551178,1745973702.054,102.5863573551178
1745973702.314,102.84679460525513,1745973702.314,102.84679460525513,1745973702.314,102.84679460525513,1745973702.314,102.84679460525513
1745973702.576,103.10866904258728,1745973702.576,103.10866904258728,1745973702.576,103.10866904258728,1745973702.576,103.10866904258728
1745973702.838,103.37088108062744,1745973702.839,103.37088108062744,1745973702.839,103.37088108062744,1745973702.839,103.37088108062744
1745973703.102,103.63420295715332,1745973703.102,103.63420295715332,1745973703.102,103.63420295715332,1745973703.102,103.63420295715332
1745973703.362,103.89441251754761,1745973703.362,103.89441251754761,1745973703.362,103.89441251754761,1745973703.362,103.89441251754761
1745973703.623,104.15548968315125,1745973703.623,104.15548968315125,1745973703.623,104.15548968315125,1745973703.623,104.15548968315125
1745973703.885,104.41732597351074,1745973703.885,104.41732597351074,1745973703.885,104.41732597351074,1745973703.885,104.41732597351074
1745973704.161,104.69320058822632,1745973704.161,104.69320058822632,1745973704.161,104.69320058822632,1745973704.161,104.69320058822632
1745973704.407,104.93960762023926,1745973704.407,104.93960762023926,1745973704.407,104.93960762023926,1745973704.407,104.93960762023926
1745973704.668,105.1998782157898,1745973704.668,105.1998782157898,1745973704.668,105.1998782157898,1745973704.668,105.1998782157898
1745973704.931,105.46295762062073,1745973704.931,105.46295762062073,1745973704.931,105.46295762062073,1745973704.931,105.46295762062073
1745973705.195,105.72752451896667,1745973705.195,105.72752451896667,1745973705.195,105.72752451896667,1745973705.195,105.72752451896667
1745973705.45,105.98221683502197,1745973705.45,105.98221683502197,1745973705.45,105.98221683502197,1745973705.45,105.98221683502197
1745973705.705,106.23708486557007,1745973705.705,106.23708486557007,1745973705.705,106.23708486557007,1745973705.705,106.23708486557007
1745973705.966,106.49877858161926,1745973705.966,106.49877858161926,1745973705.966,106.49877858161926,1745973705.966,106.49877858161926
1745973706.228,106.75993752479553,1745973706.228,106.75993752479553,1745973706.228,106.75993752479553,1745973706.228,106.75993752479553
1745973706.465,106.997385263443,1745973706.465,106.997385263443,1745973706.465,106.997385263443,1745973706.465,106.997385263443
1745973706.733,107.26546859741211,1745973706.733,107.26546859741211,1745973706.733,107.26546859741211,1745973706.733,107.26546859741211
1745973706.98,107.51235890388489,1745973706.98,107.51235890388489,1745973706.98,107.51235890388489,1745973706.98,107.51235890388489
1745973707.254,107.78670048713684,1745973707.254,107.78670048713684,1745973707.254,107.78670048713684,1745973707.254,107.78670048713684
1745973707.489,108.02143931388855,1745973707.489,108.02143931388855,1745973707.489,108.02143931388855,1745973707.489,108.02143931388855
1745973707.745,108.27694201469421,1745973707.745,108.27694201469421,1745973707.745,108.27694201469421,1745973707.745,108.27694201469421
1745973708.01,108.54248905181885,1745973708.01,108.54248905181885,1745973708.01,108.54248905181885,1745973708.01,108.54248905181885
1745973708.289,108.82086491584778,1745973708.289,108.82086491584778,1745973708.289,108.82086491584778,1745973708.289,108.82086491584778
1745973708.521,109.05358910560608,1745973708.521,109.05358910560608,1745973708.521,109.05358910560608,1745973708.521,109.05358910560608
1745973708.782,109.3145911693573,1745973708.782,109.3145911693573,1745973708.782,109.3145911693573,1745973708.782,109.3145911693573
1745973709.044,109.57596063613892,1745973709.044,109.57596063613892,1745973709.044,109.57596063613892,1745973709.044,109.57596063613892
1745973709.308,109.84025502204895,1745973709.308,109.84025502204895,1745973709.308,109.84025502204895,1745973709.308,109.84025502204895
1745973709.572,110.1039297580719,1745973709.572,110.1039297580719,1745973709.572,110.1039297580719,1745973709.572,110.1039297580719
1745973709.851,110.38351726531982,1745973709.851,110.38351726531982,1745973709.851,110.38351726531982,1745973709.851,110.38351726531982
1745973710.114,110.64676642417908,1745973710.114,110.64676642417908,1745973710.114,110.64676642417908,1745973710.114,110.64676642417908
1745973710.375,110.90727829933167,1745973710.375,110.90769791603088,1745973710.375,110.90769791603088,1745973710.375,110.90769791603088
1745973710.623,111.1550498008728,1745973710.623,111.15540957450867,1745973710.623,111.15540957450867,1745973710.623,111.15540957450867
1745973710.87,111.4022285938263,1745973710.87,111.4022285938263,1745973710.87,111.4022285938263,1745973710.87,111.4022285938263
1745973711.148,111.67988848686218,1745973711.148,111.67988848686218,1745973711.148,111.67988848686218,1745973711.148,111.67988848686218
1745973711.41,111.94298791885376,1745973711.411,111.94298791885376,1745973711.411,111.94298791885376,1745973711.411,111.94298791885376
1745973711.672,112.20446586608887,1745973711.672,112.20446586608887,1745973711.672,112.20446586608887,1745973711.672,112.20446586608887
1745973711.933,112.46539855003357,1745973711.933,112.46539855003357,1745973711.933,112.46539855003357,1745973711.933,112.46539855003357
1745973712.195,112.72781991958618,1745973712.195,112.72781991958618,1745973712.195,112.72781991958618,1745973712.195,112.72781991958618
1745973712.455,112.9876458644867,1745973712.455,112.9876458644867,1745973712.455,112.9876458644867,1745973712.455,112.9876458644867
1745973712.718,113.25038123130798,1745973712.718,113.25038123130798,1745973712.718,113.25038123130798,1745973712.718,113.25038123130798
1745973712.981,113.51360964775085,1745973712.981,113.51360964775085,1745973712.981,113.51360964775085,1745973712.981,113.51360964775085
1745973713.245,113.77747130393982,1745973713.245,113.77747130393982,1745973713.245,113.77747130393982,1745973713.245,113.77747130393982
1745973713.522,114.05416440963745,1745973713.522,114.05416440963745,1745973713.522,114.05416440963745,1745973713.522,114.05416440963745
1745973713.768,114.3005518913269,1745973713.768,114.3005518913269,1745973713.768,114.3005518913269,1745973713.768,114.3005518913269
1745973714.029,114.56161904335022,1745973714.029,114.56161904335022,1745973714.029,114.56161904335022,1745973714.029,114.56161904335022
1745973714.292,114.82476449012756,1745973714.292,114.82476449012756,1745973714.292,114.82476449012756,1745973714.292,114.82476449012756
1745973714.568,115.100576877594,1745973714.568,115.100576877594,1745973714.568,115.100576877594,1745973714.568,115.100576877594
1745973714.813,115.34542942047119,1745973714.813,115.34542942047119,1745973714.813,115.34542942047119,1745973714.813,115.34542942047119
1745973715.076,115.6084451675415,1745973715.076,115.6084451675415,1745973715.076,115.6084451675415,1745973715.076,115.6084451675415
1745973715.336,115.8686912059784,1745973715.336,115.8686912059784,1745973715.336,115.8686912059784,1745973715.336,115.8686912059784
1745973715.589,116.12159466743469,1745973715.589,116.12159466743469,1745973715.589,116.12159466743469,1745973715.589,116.12159466743469
1745973715.861,116.39313650131226,1745973715.861,116.39313650131226,1745973715.861,116.39313650131226,1745973715.861,116.39313650131226
1745973716.123,116.65549659729004,1745973716.123,116.65549659729004,1745973716.123,116.65549659729004,1745973716.123,116.65549659729004
1745973716.387,116.91950559616089,1745973716.387,116.91950559616089,1745973716.387,116.91950559616089,1745973716.387,116.91950559616089
1745973716.652,117.18473982810974,1745973716.652,117.18473982810974,1745973716.652,117.18473982810974,1745973716.652,117.18473982810974
1745973716.914,117.44652605056763,1745973716.914,117.44652605056763,1745973716.914,117.44652605056763,1745973716.914,117.44652605056763
1745973717.174,117.70672678947449,1745973717.174,117.70672678947449,1745973717.174,117.70672678947449,1745973717.174,117.70672678947449
1745973717.436,117.96784210205078,1745973717.436,117.96784210205078,1745973717.436,117.96784210205078,1745973717.436,117.96784210205078
1745973717.699,118.23110747337341,1745973717.699,118.23122429847717,1745973717.699,118.23122429847717,1745973717.699,118.23122429847717
1745973717.958,118.49058866500854,1745973717.958,118.49058866500854,1745973717.958,118.49058866500854,1745973717.958,118.49058866500854
1745973718.208,118.74051713943481,1745973718.208,118.74051713943481,1745973718.208,118.74051713943481,1745973718.208,118.74051713943481
1745973718.469,119.00150871276855,1745973718.469,119.00150871276855,1745973718.469,119.00150871276855,1745973718.469,119.00150871276855
1745973718.715,119.24762463569641,1745973718.715,119.24762463569641,1745973718.715,119.24762463569641,1745973718.715,119.24762463569641
1745973718.965,119.49745059013367,1745973718.965,119.49745059013367,1745973718.965,119.49745059013367,1745973718.965,119.49745059013367
1745973719.242,119.7743546962738,1745973719.242,119.7743546962738,1745973719.242,119.7743546962738,1745973719.242,119.7743546962738
1745973719.503,120.03485178947449,1745973719.503,120.03485178947449,1745973719.503,120.03485178947449,1745973719.503,120.03485178947449
1745973719.766,120.29784321784973,1745973719.766,120.29784321784973,1745973719.766,120.29784321784973,1745973719.766,120.29784321784973
1745973720.028,120.55985832214355,1745973720.028,120.55985832214355,1745973720.028,120.55985832214355,1745973720.028,120.55985832214355
1745973720.304,120.8367428779602,1745973720.304,120.8367428779602,1745973720.304,120.8367428779602,1745973720.304,120.8367428779602
1745973720.568,121.10029864311218,1745973720.568,121.10029864311218,1745973720.568,121.10029864311218,1745973720.568,121.10029864311218
1745973720.831,121.36308693885803,1745973720.831,121.36308693885803,1745973720.831,121.36308693885803,1745973720.831,121.36308693885803
1745973721.095,121.62729120254517,1745973721.095,121.62729120254517,1745973721.095,121.62729120254517,1745973721.095,121.62729120254517
1745973721.356,121.88883090019226,1745973721.356,121.88883090019226,1745973721.356,121.88883090019226,1745973721.356,121.88883090019226
1745973721.618,122.15023922920227,1745973721.618,122.15023922920227,1745973721.618,122.15023922920227,1745973721.618,122.15023922920227
1745973721.878,122.41057705879211,1745973721.878,122.41057705879211,1745973721.878,122.41057705879211,1745973721.878,122.41057705879211
1745973722.137,122.66913294792175,1745973722.137,122.66913294792175,1745973722.137,122.66913294792175,1745973722.137,122.66913294792175
1745973722.402,122.93448901176453,1745973722.402,122.93448901176453,1745973722.402,122.93448901176453,1745973722.402,122.93448901176453
1745973722.665,123.19774222373962,1745973722.665,123.19774222373962,1745973722.665,123.19774222373962,1745973722.665,123.19774222373962
1745973722.929,123.46126127243042,1745973722.929,123.46126127243042,1745973722.929,123.46126127243042,1745973722.929,123.46126127243042
1745973723.19,123.72238755226135,1745973723.19,123.72238755226135,1745973723.19,123.72238755226135,1745973723.19,123.72238755226135
1745973723.45,123.9826807975769,1745973723.45,123.9826807975769,1745973723.45,123.9826807975769,1745973723.45,123.9826807975769
1745973723.683,124.21489214897156,1745973723.683,124.21489214897156,1745973723.683,124.21489214897156,1745973723.683,124.21489214897156
1745973723.946,124.47827696800232,1745973723.946,124.47827696800232,1745973723.946,124.47827696800232,1745973723.946,124.47827696800232
1745973724.206,124.73797178268433,1745973724.206,124.73797178268433,1745973724.206,124.73797178268433,1745973724.206,124.73797178268433
1745973724.465,124.99767875671387,1745973724.465,124.99767875671387,1745973724.465,124.99767875671387,1745973724.465,124.99767875671387
1745973724.726,125.25841784477234,1745973724.726,125.25841784477234,1745973724.726,125.25841784477234,1745973724.726,125.25841784477234
1745973724.966,125.49795389175415,1745973724.966,125.49795389175415,1745973724.966,125.49795389175415,1745973724.966,125.49795389175415
1745973725.217,125.74979567527771,1745973725.217,125.74979567527771,1745973725.217,125.74979567527771,1745973725.217,125.74979567527771
1745973725.478,126.01068186759949,1745973725.478,126.01068186759949,1745973725.478,126.01068186759949,1745973725.478,126.01068186759949
1745973725.743,126.27557444572449,1745973725.743,126.27557444572449,1745973725.743,126.27557444572449,1745973725.743,126.27557444572449
1745973725.981,126.51360964775085,1745973725.981,126.51360964775085,1745973725.981,126.51360964775085,1745973725.981,126.51360964775085
1745973726.255,126.78774571418762,1745973726.255,126.78774571418762,1745973726.255,126.78774571418762,1745973726.255,126.78774571418762
1745973726.5,127.03242635726929,1745973726.5,127.03242635726929,1745973726.5,127.03242635726929,1745973726.5,127.03242635726929
1745973726.736,127.26833868026733,1745973726.736,127.26833868026733,1745973726.736,127.26833868026733,1745973726.736,127.26833868026733
1745973726.981,127.51368856430054,1745973726.981,127.51368856430054,1745973726.981,127.51368856430054,1745973726.981,127.51368856430054
1745973727.256,127.78848505020142,1745973727.256,127.78848505020142,1745973727.256,127.78848505020142,1745973727.256,127.78848505020142
1745973727.519,128.05170559883118,1745973727.519,128.05170559883118,1745973727.519,128.05170559883118,1745973727.519,128.05170559883118
1745973727.781,128.3131983280182,1745973727.781,128.3131983280182,1745973727.781,128.3131983280182,1745973727.781,128.3131983280182
1745973728.042,128.57422637939453,1745973728.042,128.57422637939453,1745973728.042,128.57422637939453,1745973728.042,128.5745120048523
1745973728.306,128.83818984031677,1745973728.306,128.83818984031677,1745973728.306,128.83818984031677,1745973728.306,128.83818984031677
1745973728.57,129.1024031639099,1745973728.57,129.1024031639099,1745973728.57,129.1024031639099,1745973728.57,129.1024031639099
1745973728.821,129.35362815856934,1745973728.821,129.35362815856934,1745973728.821,129.35362815856934,1745973728.821,129.35362815856934
1745973729.065,129.5973448753357,1745973729.065,129.5973448753357,1745973729.065,129.5973448753357,1745973729.065,129.5973448753357
1745973729.325,129.85724067687988,1745973729.325,129.85724067687988,1745973729.325,129.85724067687988,1745973729.325,129.85724067687988
1745973729.574,130.1065218448639,1745973729.574,130.1065218448639,1745973729.574,130.1065218448639,1745973729.574,130.1065218448639
1745973729.828,130.36055636405945,1745973729.828,130.36055636405945,1745973729.828,130.36055636405945,1745973729.828,130.36055636405945
1745973730.084,130.6161024570465,1745973730.084,130.6161024570465,1745973730.084,130.6161024570465,1745973730.084,130.6161024570465
1745973730.349,130.88188552856445,1745973730.35,130.88188552856445,1745973730.35,130.88188552856445,1745973730.35,130.88188552856445
1745973730.599,131.13134932518005,1745973730.599,131.13134932518005,1745973730.599,131.13134932518005,1745973730.599,131.13134932518005
1745973730.848,131.38024306297302,1745973730.848,131.38024306297302,1745973730.848,131.38024306297302,1745973730.848,131.38024306297302
1745973731.094,131.6265161037445,1745973731.094,131.6265161037445,1745973731.094,131.6265161037445,1745973731.094,131.6265161037445
1745973731.342,131.8743860721588,1745973731.342,131.8743860721588,1745973731.342,131.8743860721588,1745973731.342,131.8743860721588
1745973731.605,132.1369481086731,1745973731.605,132.1369481086731,1745973731.605,132.1369481086731,1745973731.605,132.1369481086731
1745973731.855,132.38747096061707,1745973731.855,132.38747096061707,1745973731.855,132.38747096061707,1745973731.855,132.38747096061707
1745973732.111,132.6434965133667,1745973732.111,132.6434965133667,1745973732.111,132.6434965133667,1745973732.111,132.6434965133667
1745973732.356,132.88850140571594,1745973732.356,132.88850140571594,1745973732.356,132.88850140571594,1745973732.356,132.88850140571594
1745973732.63,133.16221165657043,1745973732.63,133.16221165657043,1745973732.63,133.16221165657043,1745973732.63,133.16221165657043
1745973732.86,133.3924844264984,1745973732.86,133.3924844264984,1745973732.86,133.3924844264984,1745973732.86,133.3924844264984
1745973733.103,133.63549065589905,1745973733.103,133.63549065589905,1745973733.103,133.63549065589905,1745973733.103,133.63549065589905
1745973733.38,133.912250995636,1745973733.38,133.912250995636,1745973733.38,133.912250995636,1745973733.38,133.912250995636
1745973733.639,134.171311378479,1745973733.639,134.171311378479,1745973733.639,134.171311378479,1745973733.639,134.171311378479
1745973733.902,134.4344882965088,1745973733.902,134.4344882965088,1745973733.902,134.4344882965088,1745973733.902,134.4347324371338
1745973734.163,134.69544291496277,1745973734.163,134.69544291496277,1745973734.163,134.69544291496277,1745973734.163,134.69544291496277
1745973734.425,134.95740056037903,1745973734.425,134.95740056037903,1745973734.425,134.95740056037903,1745973734.425,134.95740056037903
1745973734.687,135.21937656402588,1745973734.687,135.21937656402588,1745973734.687,135.21937656402588,1745973734.687,135.21937656402588
1745973734.948,135.48033928871155,1745973734.948,135.48033928871155,1745973734.948,135.48033928871155,1745973734.948,135.48033928871155
1745973735.212,135.74453854560852,1745973735.212,135.74453854560852,1745973735.212,135.74453854560852,1745973735.212,135.74453854560852
1745973735.492,136.02423095703125,1745973735.492,136.02423095703125,1745973735.492,136.02423095703125,1745973735.492,136.02423095703125
1745973735.739,136.2710244655609,1745973735.739,136.2710244655609,1745973735.739,136.2710244655609,1745973735.739,136.2710244655609
1745973736.001,136.5337131023407,1745973736.001,136.5337655544281,1745973736.001,136.5337655544281,1745973736.001,136.5337655544281
1745973736.26,136.7926332950592,1745973736.26,136.7926332950592,1745973736.26,136.7926332950592,1745973736.26,136.7926332950592
1745973736.524,137.0564124584198,1745973736.524,137.0564124584198,1745973736.524,137.05677556991577,1745973736.524,137.05677556991577
1745973736.788,137.3203420639038,1745973736.788,137.3203420639038,1745973736.788,137.3203420639038,1745973736.788,137.3203420639038
1745973737.035,137.56698894500732,1745973737.035,137.56698894500732,1745973737.035,137.56698894500732,1745973737.035,137.56698894500732
1745973737.295,137.82740807533264,1745973737.295,137.82740807533264,1745973737.295,137.82740807533264,1745973737.295,137.82740807533264
1745973737.555,138.08749747276306,1745973737.555,138.08749747276306,1745973737.555,138.08749747276306,1745973737.555,138.08749747276306
1745973737.819,138.35136938095093,1745973737.819,138.35136938095093,1745973737.819,138.35136938095093,1745973737.819,138.35136938095093
1745973738.08,138.61281442642212,1745973738.08,138.61281442642212,1745973738.08,138.61281442642212,1745973738.08,138.61281442642212
1745973738.341,138.8733549118042,1745973738.341,138.8733549118042,1745973738.341,138.8733549118042,1745973738.341,138.8733549118042
1745973738.603,139.13524341583252,1745973738.603,139.13524341583252,1745973738.603,139.13524341583252,1745973738.603,139.13524341583252
1745973738.882,139.41434121131897,1745973738.882,139.41434121131897,1745973738.882,139.41443872451782,1745973738.882,139.41443872451782
1745973739.142,139.6744282245636,1745973739.142,139.6744282245636,1745973739.142,139.6744282245636,1745973739.142,139.6744282245636
1745973739.404,139.93644666671753,1745973739.404,139.93644666671753,1745973739.404,139.93683457374573,1745973739.404,139.93683457374573
1745973739.653,140.18567562103271,1745973739.653,140.18567562103271,1745973739.653,140.18567562103271,1745973739.653,140.18567562103271
1745973739.89,140.42228603363037,1745973739.89,140.42228603363037,1745973739.89,140.42228603363037,1745973739.89,140.42228603363037
1745973740.148,140.6802830696106,1745973740.148,140.6802830696106,1745973740.148,140.6802830696106,1745973740.148,140.6802830696106
1745973740.413,140.9449872970581,1745973740.413,140.9449872970581,1745973740.413,140.9449872970581,1745973740.413,140.9449872970581
1745973740.675,141.2072982788086,1745973740.675,141.2072982788086,1745973740.675,141.2072982788086,1745973740.675,141.2072982788086
1745973740.936,141.46862363815308,1745973740.936,141.46862363815308,1745973740.936,141.46862363815308,1745973740.936,141.46862363815308
1745973741.187,141.7191665172577,1745973741.187,141.7191665172577,1745973741.187,141.7191665172577,1745973741.187,141.7191665172577
1745973741.445,141.9775857925415,1745973741.445,141.9775857925415,1745973741.445,141.9775857925415,1745973741.445,141.9775857925415
1745973741.708,142.2399661540985,1745973741.708,142.2399661540985,1745973741.708,142.2399661540985,1745973741.708,142.2399661540985
1745973741.955,142.48695755004883,1745973741.955,142.48695755004883,1745973741.955,142.48695755004883,1745973741.955,142.48695755004883
1745973742.189,142.72173953056335,1745973742.189,142.72173953056335,1745973742.189,142.72173953056335,1745973742.189,142.72173953056335
1745973742.452,142.98453569412231,1745973742.452,142.98453569412231,1745973742.452,142.98453569412231,1745973742.452,142.98453569412231
1745973742.699,143.23125338554382,1745973742.699,143.23125338554382,1745973742.699,143.23125338554382,1745973742.699,143.23125338554382
1745973742.931,143.46362853050232,1745973742.931,143.46362853050232,1745973742.931,143.46362853050232,1745973742.931,143.46362853050232
1745973743.206,143.73835110664368,1745973743.206,143.73835110664368,1745973743.206,143.73835110664368,1745973743.206,143.73835110664368
1745973743.455,143.98763918876648,1745973743.455,143.98763918876648,1745973743.455,143.98763918876648,1745973743.455,143.98763918876648
1745973743.716,144.24857211112976,1745973743.716,144.24857211112976,1745973743.716,144.24857211112976,1745973743.716,144.24857211112976
1745973743.963,144.49523043632507,1745973743.963,144.49523043632507,1745973743.963,144.49523043632507,1745973743.963,144.49523043632507
1745973744.216,144.74838161468506,1745973744.216,144.74838161468506,1745973744.216,144.74838161468506,1745973744.216,144.74838161468506
1745973744.486,145.01832580566406,1745973744.486,145.01832580566406,1745973744.486,145.01832580566406,1745973744.486,145.01832580566406
1745973744.745,145.27753353118896,1745973744.745,145.27753353118896,1745973744.745,145.27753353118896,1745973744.745,145.27753353118896
1745973744.998,145.53073477745056,1745973744.998,145.53073477745056,1745973744.998,145.53073477745056,1745973744.998,145.53073477745056
1745973745.241,145.77354335784912,1745973745.241,145.77354335784912,1745973745.241,145.77354335784912,1745973745.241,145.77354335784912
1745973745.499,146.03140211105347,1745973745.499,146.03140211105347,1745973745.499,146.03140211105347,1745973745.499,146.03140211105347
1745973745.761,146.29306173324585,1745973745.761,146.29306173324585,1745973745.761,146.29306173324585,1745973745.761,146.29306173324585
1745973746.015,146.54727220535278,1745973746.015,146.54727220535278,1745973746.015,146.54727220535278,1745973746.015,146.54727220535278
1745973746.264,146.7967963218689,1745973746.264,146.7967963218689,1745973746.264,146.7967963218689,1745973746.264,146.7967963218689
1745973746.519,147.05086135864258,1745973746.519,147.05086135864258,1745973746.519,147.05086135864258,1745973746.519,147.05086135864258
1745973746.781,147.31314325332642,1745973746.781,147.31314325332642,1745973746.781,147.31314325332642,1745973746.781,147.31314325332642
1745973747.033,147.56525802612305,1745973747.033,147.56525802612305,1745973747.033,147.56525802612305,1745973747.033,147.56525802612305
1745973747.264,147.796245098114,1745973747.264,147.796245098114,1745973747.264,147.796245098114,1745973747.264,147.796245098114
1745973747.526,148.05797243118286,1745973747.526,148.05797243118286,1745973747.526,148.05797243118286,1745973747.526,148.05797243118286
1745973747.803,148.33514547348022,1745973747.803,148.33514547348022,1745973747.803,148.33514547348022,1745973747.803,148.33514547348022
1745973748.052,148.58426308631897,1745973748.052,148.58426308631897,1745973748.052,148.58426308631897,1745973748.052,148.58426308631897
1745973748.298,148.83018374443054,1745973748.298,148.83018374443054,1745973748.298,148.83018374443054,1745973748.298,148.83018374443054
1745973748.544,149.0762197971344,1745973748.544,149.0762197971344,1745973748.544,149.0762197971344,1745973748.544,149.0762197971344
1745973748.82,149.35235786437988,1745973748.82,149.35235786437988,1745973748.82,149.35235786437988,1745973748.82,149.35235786437988
1745973749.06,149.59313774108887,1745973749.061,149.59313774108887,1745973749.061,149.59313774108887,1745973749.061,149.59313774108887
1745973749.291,149.82313108444214,1745973749.291,149.82313108444214,1745973749.291,149.82313108444214,1745973749.291,149.82313108444214
1745973749.559,150.0912480354309,1745973749.559,150.0912480354309,1745973749.559,150.0912480354309,1745973749.559,150.0912480354309
1745973749.82,150.35221552848816,1745973749.82,150.35221552848816,1745973749.82,150.35221552848816,1745973749.82,150.35221552848816
1745973750.068,150.6001796722412,1745973750.068,150.6001796722412,1745973750.068,150.6001796722412,1745973750.068,150.6001796722412
1745973750.331,150.86339473724365,1745973750.331,150.86339473724365,1745973750.331,150.86339473724365,1745973750.331,150.86339473724365
1745973750.594,151.12594318389893,1745973750.594,151.12594318389893,1745973750.594,151.12594318389893,1745973750.594,151.12594318389893
