timestamp,time,timestamp6,time2,timestamp2,time3,timestamp3,time9
1745973795.853,0.09401845932006836,1745973795.853,0.09401845932006836,1745973795.853,0.09401845932006836,1745973795.853,0.09401845932006836
1745973796.122,0.36297178268432617,1745973796.122,0.36297178268432617,1745973796.122,0.36297178268432617,1745973796.122,0.36297178268432617
1745973796.398,0.6389751434326172,1745973796.398,0.6389751434326172,1745973796.398,0.6389751434326172,1745973796.398,0.6389751434326172
1745973796.662,0.902763843536377,1745973796.662,0.902763843536377,1745973796.662,0.902763843536377,1745973796.662,0.902763843536377
1745973796.909,1.1502106189727783,1745973796.909,1.1502106189727783,1745973796.909,1.1502106189727783,1745973796.909,1.1502106189727783
1745973797.172,1.4130401611328125,1745973797.172,1.4130401611328125,1745973797.172,1.4130401611328125,1745973797.172,1.4130401611328125
1745973797.434,1.674788236618042,1745973797.434,1.674788236618042,1745973797.434,1.674788236618042,1745973797.434,1.674788236618042
1745973797.697,1.937903642654419,1745973797.697,1.937903642654419,1745973797.697,1.937903642654419,1745973797.697,1.937903642654419
1745973797.975,2.21587872505188,1745973797.975,2.21587872505188,1745973797.975,2.21587872505188,1745973797.975,2.21587872505188
1745973798.238,2.4789936542510986,1745973798.238,2.4789936542510986,1745973798.238,2.479194402694702,1745973798.238,2.479194402694702
1745973798.5,2.7406461238861084,1745973798.5,2.7406461238861084,1745973798.5,2.7406461238861084,1745973798.5,2.7406461238861084
1745973798.73,2.9706506729125977,1745973798.73,2.9706506729125977,1745973798.73,2.9706506729125977,1745973798.73,2.9706506729125977
1745973798.993,3.234174966812134,1745973798.993,3.234174966812134,1745973798.993,3.234174966812134,1745973798.993,3.234174966812134
1745973799.255,3.4963321685791016,1745973799.255,3.4963321685791016,1745973799.255,3.4963321685791016,1745973799.255,3.4963321685791016
1745973799.517,3.7583208084106445,1745973799.517,3.7583208084106445,1745973799.517,3.7583208084106445,1745973799.517,3.7583208084106445
1745973799.779,4.020443439483643,1745973799.779,4.020443439483643,1745973799.779,4.020443439483643,1745973799.779,4.020443439483643
1745973800.042,4.2831902503967285,1745973800.042,4.2831902503967285,1745973800.042,4.2831902503967285,1745973800.042,4.2831902503967285
1745973800.302,4.542770862579346,1745973800.302,4.542770862579346,1745973800.302,4.542770862579346,1745973800.302,4.542770862579346
1745973800.56,4.801368474960327,1745973800.56,4.801368474960327,1745973800.56,4.801368474960327,1745973800.56,4.801368474960327
1745973800.832,5.072763919830322,1745973800.832,5.072763919830322,1745973800.832,5.072763919830322,1745973800.832,5.072763919830322
1745973801.09,5.330798387527466,1745973801.09,5.330798387527466,1745973801.09,5.330798387527466,1745973801.09,5.330798387527466
1745973801.366,5.607472896575928,1745973801.366,5.607472896575928,1745973801.366,5.607472896575928,1745973801.366,5.607472896575928
1745973801.624,5.864919185638428,1745973801.624,5.864919185638428,1745973801.624,5.864919185638428,1745973801.624,5.864919185638428
1745973801.884,6.1251420974731445,1745973801.884,6.1251420974731445,1745973801.884,6.1251420974731445,1745973801.884,6.1251420974731445
1745973802.13,6.370581388473511,1745973802.13,6.370581388473511,1745973802.13,6.370581388473511,1745973802.13,6.370581388473511
1745973802.392,6.632807731628418,1745973802.392,6.632807731628418,1745973802.392,6.632807731628418,1745973802.392,6.632807731628418
1745973802.653,6.893779993057251,1745973802.653,6.893779993057251,1745973802.653,6.893779993057251,1745973802.653,6.893779993057251
1745973802.915,7.155735015869141,1745973802.915,7.155735015869141,1745973802.915,7.155735015869141,1745973802.915,7.155735015869141
1745973803.16,7.401524543762207,1745973803.16,7.401524543762207,1745973803.16,7.401524543762207,1745973803.16,7.401524543762207
1745973803.423,7.6640784740448,1745973803.423,7.6640784740448,1745973803.423,7.6640784740448,1745973803.423,7.6640784740448
1745973803.673,7.913750171661377,1745973803.673,7.913750171661377,1745973803.673,7.913750171661377,1745973803.673,7.913750171661377
1745973803.937,8.177950382232666,1745973803.937,8.177950382232666,1745973803.937,8.177950382232666,1745973803.937,8.177950382232666
1745973804.199,8.440521955490112,1745973804.199,8.440521955490112,1745973804.199,8.440521955490112,1745973804.199,8.440521955490112
1745973804.462,8.702605485916138,1745973804.462,8.702605485916138,1745973804.462,8.702605485916138,1745973804.462,8.702605485916138
1745973804.725,8.96594524383545,1745973804.725,8.96594524383545,1745973804.725,8.96594524383545,1745973804.725,8.96594524383545
1745973804.988,9.228968620300293,1745973804.988,9.228968620300293,1745973804.988,9.228968620300293,1745973804.988,9.228968620300293
1745973805.249,9.48996114730835,1745973805.249,9.48996114730835,1745973805.249,9.48996114730835,1745973805.249,9.48996114730835
1745973805.513,9.75370192527771,1745973805.513,9.75370192527771,1745973805.513,9.75370192527771,1745973805.513,9.75370192527771
1745973805.777,10.017906665802002,1745973805.777,10.017906665802002,1745973805.777,10.017906665802002,1745973805.777,10.017906665802002
1745973806.026,10.26663327217102,1745973806.026,10.26663327217102,1745973806.026,10.26663327217102,1745973806.026,10.26663327217102
1745973806.29,10.53087067604065,1745973806.29,10.53087067604065,1745973806.29,10.53087067604065,1745973806.29,10.53087067604065
1745973806.536,10.776723861694336,1745973806.536,10.776723861694336,1745973806.536,10.776723861694336,1745973806.536,10.776723861694336
1745973806.796,11.037468194961548,1745973806.796,11.037468194961548,1745973806.796,11.037468194961548,1745973806.796,11.037468194961548
1745973807.059,11.299882888793945,1745973807.059,11.299882888793945,1745973807.059,11.299882888793945,1745973807.059,11.299882888793945
1745973807.337,11.577871799468994,1745973807.337,11.577871799468994,1745973807.337,11.577871799468994,1745973807.337,11.577871799468994
1745973807.582,11.823094844818115,1745973807.582,11.823094844818115,1745973807.582,11.823094844818115,1745973807.582,11.823094844818115
1745973807.83,12.0709068775177,1745973807.83,12.0709068775177,1745973807.83,12.0709068775177,1745973807.83,12.0709068775177
1745973808.061,12.301879167556763,1745973808.061,12.301879167556763,1745973808.061,12.301879167556763,1745973808.061,12.301879167556763
1745973808.323,12.563736915588379,1745973808.323,12.563736915588379,1745973808.323,12.563736915588379,1745973808.323,12.563736915588379
