timestamp,time,timestamp6,time2,timestamp2,time3,timestamp3,time9
1745973812.275,0.12209868431091309,1745973812.275,0.12209868431091309,1745973812.275,0.12209868431091309,1745973812.275,0.12209868431091309
1745973812.524,0.3719155788421631,1745973812.524,0.3719155788421631,1745973812.524,0.3719155788421631,1745973812.524,0.3719155788421631
1745973812.787,0.6343276500701904,1745973812.787,0.6343276500701904,1745973812.787,0.6343276500701904,1745973812.787,0.6343276500701904
1745973813.048,0.8953795433044434,1745973813.048,0.8953795433044434,1745973813.048,0.8953795433044434,1745973813.048,0.8953795433044434
1745973813.313,1.1600475311279297,1745973813.313,1.1600475311279297,1745973813.313,1.1600475311279297,1745973813.313,1.1600475311279297
1745973813.575,1.4221186637878418,1745973813.575,1.4221186637878418,1745973813.575,1.4221186637878418,1745973813.575,1.4221186637878418
1745973813.837,1.6844310760498047,1745973813.837,1.6847114562988281,1745973813.837,1.6847114562988281,1745973813.837,1.6847114562988281
1745973814.113,1.9603369235992432,1745973814.113,1.9603369235992432,1745973814.113,1.9603369235992432,1745973814.113,1.9603369235992432
1745973814.376,2.2237582206726074,1745973814.376,2.2237582206726074,1745973814.376,2.2237582206726074,1745973814.376,2.2237582206726074
1745973814.637,2.484144687652588,1745973814.637,2.484144687652588,1745973814.637,2.484144687652588,1745973814.637,2.484144687652588
1745973814.912,2.7601754665374756,1745973814.913,2.7601754665374756,1745973814.913,2.7601754665374756,1745973814.913,2.7601754665374756
1745973815.162,3.00944185256958,1745973815.162,3.00944185256958,1745973815.162,3.00944185256958,1745973815.162,3.00944185256958
1745973815.423,3.2702736854553223,1745973815.423,3.2702736854553223,1745973815.423,3.2702736854553223,1745973815.423,3.2702736854553223
1745973815.67,3.5177488327026367,1745973815.67,3.5177488327026367,1745973815.67,3.5177488327026367,1745973815.67,3.5177488327026367
1745973815.932,3.779186248779297,1745973815.932,3.779186248779297,1745973815.932,3.779186248779297,1745973815.932,3.779186248779297
1745973816.208,4.0552990436553955,1745973816.208,4.0552990436553955,1745973816.208,4.0552990436553955,1745973816.208,4.0552990436553955
1745973816.47,4.317367315292358,1745973816.47,4.317367315292358,1745973816.47,4.317367315292358,1745973816.47,4.317367315292358
1745973816.731,4.578269004821777,1745973816.731,4.578269004821777,1745973816.731,4.578269004821777,1745973816.731,4.578269004821777
1745973817.006,4.853397369384766,1745973817.006,4.853397369384766,1745973817.006,4.853397369384766,1745973817.006,4.853397369384766
1745973817.251,5.098515033721924,1745973817.251,5.098515033721924,1745973817.251,5.098515033721924,1745973817.251,5.098515033721924
1745973817.498,5.345215082168579,1745973817.498,5.345215082168579,1745973817.498,5.345215082168579,1745973817.498,5.345215082168579
1745973817.743,5.590862989425659,1745973817.743,5.590862989425659,1745973817.743,5.590862989425659,1745973817.743,5.590862989425659
1745973818.008,5.855440616607666,1745973818.008,5.855440616607666,1745973818.008,5.855440616607666,1745973818.008,5.855440616607666
1745973818.27,6.1172194480896,1745973818.27,6.1172194480896,1745973818.27,6.1172194480896,1745973818.27,6.1172194480896
1745973818.517,6.364023208618164,1745973818.517,6.364023208618164,1745973818.517,6.364023208618164,1745973818.517,6.364023208618164
1745973818.778,6.625215291976929,1745973818.778,6.625215291976929,1745973818.778,6.625215291976929,1745973818.778,6.625215291976929
1745973819.04,6.887153148651123,1745973819.04,6.887153148651123,1745973819.04,6.887153148651123,1745973819.04,6.887153148651123
1745973819.3,7.147977590560913,1745973819.3,7.147977590560913,1745973819.3,7.147977590560913,1745973819.3,7.147977590560913
1745973819.564,7.411722421646118,1745973819.564,7.411722421646118,1745973819.564,7.411722421646118,1745973819.564,7.411722421646118
1745973819.828,7.675978660583496,1745973819.828,7.675978660583496,1745973819.828,7.675978660583496,1745973819.828,7.675978660583496
1745973820.09,7.937222242355347,1745973820.09,7.937222242355347,1745973820.09,7.937222242355347,1745973820.09,7.937222242355347
1745973820.352,8.199112176895142,1745973820.352,8.199112176895142,1745973820.352,8.199112176895142,1745973820.352,8.199112176895142
1745973820.613,8.460805654525757,1745973820.613,8.460805654525757,1745973820.613,8.460805654525757,1745973820.613,8.460805654525757
1745973820.875,8.722114562988281,1745973820.875,8.722114562988281,1745973820.875,8.722114562988281,1745973820.875,8.722114562988281
1745973821.138,8.985268831253052,1745973821.138,8.985268831253052,1745973821.138,8.985268831253052,1745973821.138,8.985268831253052
1745973821.413,9.260174751281738,1745973821.413,9.260174751281738,1745973821.413,9.260174751281738,1745973821.413,9.260174751281738
1745973821.657,9.504365921020508,1745973821.657,9.504365921020508,1745973821.657,9.504365921020508,1745973821.657,9.504365921020508
1745973821.92,9.76750135421753,1745973821.92,9.76750135421753,1745973821.92,9.76750135421753,1745973821.92,9.76750135421753
1745973822.185,10.03213882446289,1745973822.185,10.03213882446289,1745973822.185,10.03213882446289,1745973822.185,10.03213882446289
1745973822.447,10.294322729110718,1745973822.447,10.294322729110718,1745973822.447,10.294322729110718,1745973822.447,10.294322729110718
1745973822.724,10.57194972038269,1745973822.724,10.57194972038269,1745973822.724,10.57194972038269,1745973822.724,10.57194972038269
1745973822.971,10.818339824676514,1745973822.971,10.818339824676514,1745973822.971,10.818339824676514,1745973822.971,10.818339824676514
1745973823.231,11.078746795654297,1745973823.231,11.078746795654297,1745973823.231,11.078746795654297,1745973823.231,11.078746795654297
1745973823.48,11.327229976654053,1745973823.48,11.327229976654053,1745973823.48,11.327229976654053,1745973823.48,11.327229976654053
1745973823.756,11.60312533378601,1745973823.756,11.60312533378601,1745973823.756,11.603400945663452,1745973823.756,11.603400945663452
1745973824.005,11.852120876312256,1745973824.005,11.852120876312256,1745973824.005,11.852120876312256,1745973824.005,11.852120876312256
1745973824.268,12.115844964981079,1745973824.268,12.115844964981079,1745973824.268,12.115844964981079,1745973824.268,12.115844964981079
1745973824.521,12.36805510520935,1745973824.521,12.36805510520935,1745973824.521,12.36805510520935,1745973824.521,12.36805510520935
1745973824.763,12.610174179077148,1745973824.763,12.610174179077148,1745973824.763,12.610174179077148,1745973824.763,12.610174179077148
1745973825.025,12.872106552124023,1745973825.025,12.872106552124023,1745973825.025,12.872106552124023,1745973825.025,12.872106552124023
1745973825.286,13.133242845535278,1745973825.286,13.133242845535278,1745973825.286,13.133242845535278,1745973825.286,13.133242845535278
1745973825.531,13.378419637680054,1745973825.531,13.378419637680054,1745973825.531,13.378419637680054,1745973825.531,13.378419637680054
1745973825.776,13.623831272125244,1745973825.776,13.623831272125244,1745973825.776,13.623831272125244,1745973825.776,13.623831272125244
1745973826.051,13.89834189414978,1745973826.051,13.89834189414978,1745973826.051,13.89834189414978,1745973826.051,13.89834189414978
1745973826.312,14.159045219421387,1745973826.312,14.159045219421387,1745973826.312,14.159045219421387,1745973826.312,14.159045219421387
1745973826.585,14.43207859992981,1745973826.585,14.43207859992981,1745973826.586,14.433078527450562,1745973826.586,14.433078527450562
1745973826.829,14.67631983757019,1745973826.829,14.67631983757019,1745973826.829,14.67631983757019,1745973826.829,14.67631983757019
1745973827.087,14.934406995773315,1745973827.087,14.934406995773315,1745973827.087,14.934406995773315,1745973827.087,14.934406995773315
1745973827.321,15.168004751205444,1745973827.321,15.168004751205444,1745973827.321,15.168004751205444,1745973827.321,15.168004751205444
1745973827.562,15.409002304077148,1745973827.562,15.409002304077148,1745973827.562,15.409002304077148,1745973827.562,15.409002304077148
1745973827.826,15.673014879226685,1745973827.826,15.673014879226685,1745973827.826,15.673014879226685,1745973827.826,15.673014879226685
1745973828.087,15.934357404708862,1745973828.087,15.934357404708862,1745973828.087,15.934357404708862,1745973828.087,15.934357404708862
1745973828.326,16.173101663589478,1745973828.326,16.173101663589478,1745973828.326,16.173101663589478,1745973828.326,16.173101663589478
1745973828.598,16.445000886917114,1745973828.598,16.445000886917114,1745973828.598,16.445000886917114,1745973828.598,16.445000886917114
1745973828.841,16.688836336135864,1745973828.841,16.688836336135864,1745973828.841,16.688836336135864,1745973828.841,16.688836336135864
1745973829.088,16.93517303466797,1745973829.088,16.93517303466797,1745973829.088,16.93517303466797,1745973829.088,16.93517303466797
1745973829.343,17.190011978149414,1745973829.343,17.190011978149414,1745973829.343,17.190011978149414,1745973829.343,17.190011978149414
1745973829.599,17.446598291397095,1745973829.599,17.446598291397095,1745973829.599,17.446598291397095,1745973829.599,17.446598291397095
1745973829.861,17.70849895477295,1745973829.861,17.70849895477295,1745973829.861,17.70849895477295,1745973829.861,17.70849895477295
1745973830.123,17.97041392326355,1745973830.123,17.97041392326355,1745973830.123,17.97041392326355,1745973830.123,17.97041392326355
1745973830.359,18.20612072944641,1745973830.359,18.20612072944641,1745973830.359,18.20612072944641,1745973830.359,18.20612072944641
1745973830.619,18.466079235076904,1745973830.619,18.466079235076904,1745973830.619,18.466079235076904,1745973830.619,18.466079235076904
1745973830.882,18.7292058467865,1745973830.882,18.7292058467865,1745973830.882,18.7292058467865,1745973830.882,18.7292058467865
1745973831.145,18.993165016174316,1745973831.146,18.993165016174316,1745973831.146,18.993165016174316,1745973831.146,18.993165016174316
1745973831.407,19.25444769859314,1745973831.407,19.25444769859314,1745973831.407,19.25444769859314,1745973831.407,19.25444769859314
1745973831.67,19.517539739608765,1745973831.67,19.517539739608765,1745973831.67,19.517539739608765,1745973831.67,19.517539739608765
1745973831.916,19.763569116592407,1745973831.916,19.763569116592407,1745973831.916,19.763569116592407,1745973831.916,19.763569116592407
1745973832.194,20.041786670684814,1745973832.194,20.04181742668152,1745973832.194,20.04181742668152,1745973832.194,20.04181742668152
1745973832.436,20.28357768058777,1745973832.436,20.28357768058777,1745973832.436,20.28357768058777,1745973832.436,20.28357768058777
1745973832.704,20.55101776123047,1745973832.704,20.55101776123047,1745973832.704,20.55101776123047,1745973832.704,20.55101776123047
1745973832.949,20.796977996826172,1745973832.949,20.796977996826172,1745973832.949,20.796977996826172,1745973832.949,20.796977996826172
1745973833.199,21.046024799346924,1745973833.199,21.046024799346924,1745973833.199,21.046024799346924,1745973833.199,21.046024799346924
1745973833.436,21.283398628234863,1745973833.436,21.283398628234863,1745973833.436,21.283398628234863,1745973833.436,21.283398628234863
1745973833.71,21.55827307701111,1745973833.711,21.55827307701111,1745973833.711,21.55827307701111,1745973833.711,21.55827307701111
1745973833.974,21.82102084159851,1745973833.974,21.82102084159851,1745973833.974,21.82102084159851,1745973833.974,21.82102084159851
1745973834.238,22.085416078567505,1745973834.238,22.085416078567505,1745973834.238,22.085416078567505,1745973834.238,22.085416078567505
1745973834.498,22.34512495994568,1745973834.498,22.34512495994568,1745973834.498,22.34512495994568,1745973834.498,22.34512495994568
1745973834.756,22.603185892105103,1745973834.756,22.603185892105103,1745973834.756,22.603185892105103,1745973834.756,22.603185892105103
1745973835.019,22.866792917251587,1745973835.019,22.866792917251587,1745973835.019,22.866792917251587,1745973835.019,22.866792917251587
1745973835.268,23.115038633346558,1745973835.268,23.115038633346558,1745973835.268,23.115038633346558,1745973835.268,23.115038633346558
1745973835.533,23.380293369293213,1745973835.533,23.380293369293213,1745973835.533,23.380293369293213,1745973835.533,23.380293369293213
1745973835.793,23.640365600585938,1745973835.793,23.640365600585938,1745973835.793,23.640365600585938,1745973835.793,23.640365600585938
1745973836.07,23.917935371398926,1745973836.07,23.917935371398926,1745973836.07,23.917935371398926,1745973836.07,23.917935371398926
1745973836.316,24.163753032684326,1745973836.316,24.163753032684326,1745973836.316,24.163753032684326,1745973836.316,24.163753032684326
1745973836.578,24.425127267837524,1745973836.578,24.425127267837524,1745973836.578,24.425127267837524,1745973836.578,24.425127267837524
1745973836.823,24.670271635055542,1745973836.823,24.670271635055542,1745973836.823,24.670271635055542,1745973836.823,24.670271635055542
1745973837.096,24.943636894226074,1745973837.096,24.943636894226074,1745973837.096,24.943636894226074,1745973837.096,24.943636894226074
1745973837.358,25.205257177352905,1745973837.358,25.205257177352905,1745973837.358,25.205257177352905,1745973837.358,25.205257177352905
1745973837.619,25.466012239456177,1745973837.619,25.466012239456177,1745973837.619,25.466012239456177,1745973837.619,25.466012239456177
1745973837.896,25.743255138397217,1745973837.896,25.743255138397217,1745973837.896,25.743255138397217,1745973837.896,25.743255138397217
1745973838.16,26.00736141204834,1745973838.16,26.00736141204834,1745973838.16,26.00736141204834,1745973838.16,26.00736141204834
1745973838.407,26.254580974578857,1745973838.407,26.254580974578857,1745973838.407,26.254580974578857,1745973838.407,26.254580974578857
1745973838.668,26.51520013809204,1745973838.668,26.51520013809204,1745973838.668,26.51520013809204,1745973838.668,26.51520013809204
1745973838.931,26.778313875198364,1745973838.931,26.778313875198364,1745973838.931,26.778313875198364,1745973838.931,26.778313875198364
1745973839.193,27.04020881652832,1745973839.193,27.04020881652832,1745973839.193,27.0408833026886,1745973839.193,27.0408833026886
1745973839.455,27.301994800567627,1745973839.455,27.301994800567627,1745973839.455,27.301994800567627,1745973839.455,27.301994800567627
1745973839.718,27.565670251846313,1745973839.718,27.565670251846313,1745973839.718,27.565670251846313,1745973839.718,27.565670251846313
1745973839.978,27.825546979904175,1745973839.978,27.826497077941895,1745973839.979,27.826497077941895,1745973839.979,27.826497077941895
1745973840.256,28.103004455566406,1745973840.256,28.103004455566406,1745973840.256,28.103004455566406,1745973840.256,28.103004455566406
1745973840.515,28.3626127243042,1745973840.515,28.3626127243042,1745973840.515,28.3626127243042,1745973840.515,28.3626127243042
1745973840.776,28.623892784118652,1745973840.776,28.623892784118652,1745973840.776,28.623892784118652,1745973840.776,28.623892784118652
1745973841.053,28.900290966033936,1745973841.053,28.900290966033936,1745973841.053,28.900290966033936,1745973841.053,28.900290966033936
1745973841.313,29.160219192504883,1745973841.313,29.160219192504883,1745973841.313,29.160219192504883,1745973841.313,29.160219192504883
1745973841.575,29.42210292816162,1745973841.575,29.42210292816162,1745973841.575,29.42210292816162,1745973841.575,29.42210292816162
1745973841.807,29.6547212600708,1745973841.807,29.6547212600708,1745973841.807,29.6547212600708,1745973841.807,29.6547212600708
1745973842.085,29.932706356048584,1745973842.085,29.932706356048584,1745973842.085,29.932706356048584,1745973842.085,29.932706356048584
1745973842.333,30.180525302886963,1745973842.333,30.180525302886963,1745973842.333,30.180525302886963,1745973842.333,30.180525302886963
1745973842.596,30.44390892982483,1745973842.596,30.44390892982483,1745973842.596,30.44390892982483,1745973842.596,30.44390892982483
1745973842.848,30.69511389732361,1745973842.848,30.69511389732361,1745973842.848,30.69511389732361,1745973842.848,30.69511389732361
1745973843.111,30.958510637283325,1745973843.111,30.958510637283325,1745973843.111,30.958510637283325,1745973843.111,30.958510637283325
1745973843.375,31.222190618515015,1745973843.375,31.222190618515015,1745973843.375,31.222190618515015,1745973843.375,31.222190618515015
1745973843.616,31.46346092224121,1745973843.616,31.46346092224121,1745973843.616,31.46346092224121,1745973843.616,31.46346092224121
1745973843.87,31.71835708618164,1745973843.871,31.71835708618164,1745973843.871,31.71835708618164,1745973843.871,31.71835708618164
1745973844.135,31.98291301727295,1745973844.135,31.98291301727295,1745973844.135,31.98291301727295,1745973844.135,31.98291301727295
1745973844.414,32.26125502586365,1745973844.414,32.26125502586365,1745973844.414,32.26125502586365,1745973844.414,32.26125502586365
1745973844.675,32.52238917350769,1745973844.675,32.52238917350769,1745973844.675,32.52238917350769,1745973844.675,32.52238917350769
1745973844.937,32.78490090370178,1745973844.937,32.78490090370178,1745973844.937,32.78490090370178,1745973844.937,32.78490090370178
1745973845.2,33.04780888557434,1745973845.2,33.04819869995117,1745973845.201,33.04819869995117,1745973845.201,33.04826021194458
1745973845.475,33.32235288619995,1745973845.475,33.32235288619995,1745973845.475,33.32235288619995,1745973845.475,33.32235288619995
1745973845.735,33.582594871520996,1745973845.735,33.582594871520996,1745973845.735,33.582594871520996,1745973845.735,33.582594871520996
1745973845.998,33.84550404548645,1745973845.998,33.84550404548645,1745973845.998,33.84550404548645,1745973845.998,33.84550404548645
1745973846.273,34.12045383453369,1745973846.273,34.12045383453369,1745973846.273,34.12045383453369,1745973846.273,34.12045383453369
1745973846.522,34.3699517250061,1745973846.522,34.3699517250061,1745973846.522,34.3699517250061,1745973846.522,34.3699517250061
1745973846.783,34.63010382652283,1745973846.783,34.630390644073486,1745973846.783,34.630390644073486,1745973846.783,34.630390644073486
1745973847.046,34.893563747406006,1745973847.046,34.893563747406006,1745973847.046,34.893563747406006,1745973847.046,34.893563747406006
1745973847.308,35.15543222427368,1745973847.308,35.15543222427368,1745973847.308,35.15543222427368,1745973847.308,35.15543222427368
1745973847.575,35.42198920249939,1745973847.575,35.42198920249939,1745973847.575,35.42198920249939,1745973847.575,35.42198920249939
1745973847.847,35.6940655708313,1745973847.847,35.6940655708313,1745973847.847,35.6940655708313,1745973847.847,35.6940655708313
1745973848.11,35.9574933052063,1745973848.11,35.9574933052063,1745973848.11,35.9574933052063,1745973848.11,35.9574933052063
1745973848.374,36.221301794052124,1745973848.374,36.221301794052124,1745973848.374,36.221301794052124,1745973848.374,36.221301794052124
1745973848.634,36.481929063797,1745973848.634,36.481929063797,1745973848.634,36.481929063797,1745973848.634,36.481929063797
1745973848.909,36.75676250457764,1745973848.909,36.75676250457764,1745973848.909,36.75676250457764,1745973848.909,36.75676250457764
1745973849.169,37.01689124107361,1745973849.169,37.01689124107361,1745973849.169,37.01689124107361,1745973849.169,37.01689124107361
1745973849.444,37.2910943031311,1745973849.444,37.2910943031311,1745973849.444,37.2910943031311,1745973849.444,37.2910943031311
1745973849.687,37.5345778465271,1745973849.687,37.5345778465271,1745973849.687,37.5345778465271,1745973849.687,37.5345778465271
1745973849.948,37.79510974884033,1745973849.948,37.79510974884033,1745973849.948,37.79510974884033,1745973849.948,37.79510974884033
1745973850.221,38.06809592247009,1745973850.221,38.06809592247009,1745973850.221,38.06809592247009,1745973850.221,38.06809592247009
1745973850.477,38.32469439506531,1745973850.477,38.32469439506531,1745973850.477,38.32469439506531,1745973850.477,38.32469439506531
1745973850.722,38.56906461715698,1745973850.722,38.56906461715698,1745973850.722,38.56906461715698,1745973850.722,38.56906461715698
1745973850.97,38.81701970100403,1745973850.97,38.81701970100403,1745973850.97,38.81701970100403,1745973850.97,38.81701970100403
1745973851.234,39.081056356430054,1745973851.234,39.081056356430054,1745973851.234,39.081056356430054,1745973851.234,39.081056356430054
1745973851.483,39.33071851730347,1745973851.483,39.33071851730347,1745973851.483,39.33071851730347,1745973851.483,39.33071851730347
1745973851.74,39.58721089363098,1745973851.74,39.58721089363098,1745973851.74,39.58721089363098,1745973851.74,39.58721089363098
1745973852.005,39.85287427902222,1745973852.005,39.85287427902222,1745973852.005,39.85287427902222,1745973852.005,39.85287427902222
1745973852.266,40.11345386505127,1745973852.266,40.11345386505127,1745973852.266,40.11345386505127,1745973852.266,40.11345386505127
1745973852.527,40.374597787857056,1745973852.527,40.374597787857056,1745973852.527,40.374597787857056,1745973852.527,40.374597787857056
1745973852.792,40.63910150527954,1745973852.792,40.63910150527954,1745973852.792,40.63910150527954,1745973852.792,40.63910150527954
1745973853.057,40.90412902832031,1745973853.057,40.90412902832031,1745973853.057,40.90412902832031,1745973853.057,40.90412902832031
1745973853.335,41.18235635757446,1745973853.335,41.18235635757446,1745973853.335,41.18235635757446,1745973853.335,41.18235635757446
1745973853.583,41.43027448654175,1745973853.583,41.43027448654175,1745973853.583,41.43027448654175,1745973853.583,41.43027448654175
1745973853.843,41.69042944908142,1745973853.843,41.69042944908142,1745973853.843,41.69042944908142,1745973853.843,41.69042944908142
1745973854.105,41.95223951339722,1745973854.105,41.95223951339722,1745973854.105,41.95223951339722,1745973854.105,41.95223951339722
1745973854.381,42.22895526885986,1745973854.381,42.22895526885986,1745973854.381,42.22895526885986,1745973854.381,42.22895526885986
1745973854.628,42.47539210319519,1745973854.628,42.47539210319519,1745973854.628,42.47539210319519,1745973854.628,42.47539210319519
1745973854.89,42.73738074302673,1745973854.89,42.73738074302673,1745973854.89,42.73738074302673,1745973854.89,42.73738074302673
1745973855.15,42.99787950515747,1745973855.15,42.99787950515747,1745973855.15,42.99787950515747,1745973855.15,42.99787950515747
1745973855.412,43.25996708869934,1745973855.412,43.25996708869934,1745973855.412,43.25996708869934,1745973855.412,43.25996708869934
1745973855.675,43.522154808044434,1745973855.675,43.522154808044434,1745973855.675,43.522154808044434,1745973855.675,43.522154808044434
1745973855.935,43.78285312652588,1745973855.935,43.78285312652588,1745973855.935,43.78285312652588,1745973855.935,43.78285312652588
1745973856.198,44.0452823638916,1745973856.198,44.0452823638916,1745973856.198,44.0452823638916,1745973856.198,44.0452823638916
1745973856.476,44.324198722839355,1745973856.477,44.324198722839355,1745973856.477,44.324198722839355,1745973856.477,44.324198722839355
1745973856.739,44.58648133277893,1745973856.739,44.58648133277893,1745973856.739,44.58648133277893,1745973856.739,44.58648133277893
1745973857.003,44.85063195228577,1745973857.003,44.85063195228577,1745973857.003,44.85063195228577,1745973857.003,44.85063195228577
1745973857.263,45.11083173751831,1745973857.263,45.11083173751831,1745973857.263,45.11083173751831,1745973857.263,45.11083173751831
1745973857.525,45.372546911239624,1745973857.525,45.372546911239624,1745973857.525,45.372546911239624,1745973857.525,45.372546911239624
1745973857.773,45.620361328125,1745973857.773,45.620361328125,1745973857.773,45.620361328125,1745973857.773,45.620361328125
1745973858.032,45.87939667701721,1745973858.032,45.87939667701721,1745973858.032,45.87939667701721,1745973858.032,45.87939667701721
1745973858.295,46.1420636177063,1745973858.295,46.1420636177063,1745973858.295,46.1420636177063,1745973858.295,46.1420636177063
1745973858.569,46.41686487197876,1745973858.569,46.41686487197876,1745973858.569,46.41686487197876,1745973858.569,46.41686487197876
1745973858.832,46.67932677268982,1745973858.832,46.67932677268982,1745973858.832,46.67932677268982,1745973858.832,46.67932677268982
1745973859.063,46.91094994544983,1745973859.063,46.91094994544983,1745973859.063,46.91094994544983,1745973859.063,46.91094994544983
1745973859.325,47.17291331291199,1745973859.325,47.17291331291199,1745973859.325,47.17291331291199,1745973859.325,47.17291331291199
1745973859.587,47.434144496917725,1745973859.587,47.434144496917725,1745973859.587,47.434144496917725,1745973859.587,47.434144496917725
1745973859.835,47.68293237686157,1745973859.835,47.68293237686157,1745973859.835,47.68293237686157,1745973859.835,47.68293237686157
1745973860.099,47.9460244178772,1745973860.099,47.9460244178772,1745973860.099,47.9460244178772,1745973860.099,47.9460244178772
1745973860.363,48.210214614868164,1745973860.363,48.210214614868164,1745973860.363,48.210214614868164,1745973860.363,48.210214614868164
1745973860.623,48.47094535827637,1745973860.623,48.47094535827637,1745973860.623,48.47094535827637,1745973860.623,48.47094535827637
1745973860.862,48.70969820022583,1745973860.862,48.70969820022583,1745973860.862,48.70969820022583,1745973860.862,48.70969820022583
1745973861.133,48.98027849197388,1745973861.133,48.98027849197388,1745973861.133,48.98027849197388,1745973861.133,48.98027849197388
1745973861.38,49.22702598571777,1745973861.38,49.22702598571777,1745973861.38,49.22702598571777,1745973861.38,49.22702598571777
1745973861.641,49.488120555877686,1745973861.641,49.488120555877686,1745973861.641,49.488120555877686,1745973861.641,49.488120555877686
1745973861.904,49.751829862594604,1745973861.904,49.751829862594604,1745973861.904,49.751829862594604,1745973861.904,49.751829862594604
1745973862.152,49.99907207489014,1745973862.152,49.99907207489014,1745973862.152,49.99907207489014,1745973862.152,49.99907207489014
1745973862.429,50.2764093875885,1745973862.429,50.2764093875885,1745973862.429,50.2764093875885,1745973862.429,50.2764093875885
1745973862.689,50.537315130233765,1745973862.69,50.537315130233765,1745973862.69,50.537315130233765,1745973862.69,50.537315130233765
1745973862.952,50.79908108711243,1745973862.952,50.79936361312866,1745973862.952,50.79936361312866,1745973862.952,50.79936361312866
1745973863.199,51.046146631240845,1745973863.199,51.046146631240845,1745973863.199,51.046146631240845,1745973863.199,51.046146631240845
1745973863.46,51.30737590789795,1745973863.46,51.30737590789795,1745973863.46,51.30737590789795,1745973863.46,51.30737590789795
1745973863.723,51.569982051849365,1745973863.723,51.569982051849365,1745973863.723,51.569982051849365,1745973863.723,51.569982051849365
1745973863.984,51.831183195114136,1745973863.984,51.831183195114136,1745973863.984,51.831183195114136,1745973863.984,51.831183195114136
1745973864.248,52.09557390213013,1745973864.248,52.09557390213013,1745973864.248,52.09557390213013,1745973864.248,52.09557390213013
1745973864.509,52.356701135635376,1745973864.509,52.356701135635376,1745973864.509,52.356701135635376,1745973864.509,52.356701135635376
1745973864.788,52.635337591171265,1745973864.788,52.635337591171265,1745973864.788,52.635337591171265,1745973864.788,52.635337591171265
1745973865.047,52.894954442977905,1745973865.047,52.894954442977905,1745973865.047,52.894954442977905,1745973865.047,52.894954442977905
1745973865.308,53.15582299232483,1745973865.308,53.15582299232483,1745973865.308,53.15582299232483,1745973865.308,53.15582299232483
1745973865.572,53.419254302978516,1745973865.572,53.419254302978516,1745973865.572,53.419254302978516,1745973865.572,53.419254302978516
1745973865.809,53.656076192855835,1745973865.809,53.656076192855835,1745973865.809,53.656076192855835,1745973865.809,53.656076192855835
1745973866.082,53.92982077598572,1745973866.082,53.92982077598572,1745973866.082,53.92982077598572,1745973866.082,53.92982077598572
1745973866.345,54.19292664527893,1745973866.345,54.19292664527893,1745973866.345,54.19292664527893,1745973866.345,54.19292664527893
1745973866.591,54.43884515762329,1745973866.591,54.43884515762329,1745973866.591,54.43884515762329,1745973866.591,54.43884515762329
1745973866.854,54.70103931427002,1745973866.854,54.70103931427002,1745973866.854,54.70103931427002,1745973866.854,54.70103931427002
1745973867.117,54.96469020843506,1745973867.117,54.96469020843506,1745973867.117,54.96469020843506,1745973867.117,54.96469020843506
1745973867.378,55.22538995742798,1745973867.378,55.22538995742798,1745973867.378,55.22538995742798,1745973867.378,55.22538995742798
1745973867.639,55.48612689971924,1745973867.639,55.48612689971924,1745973867.639,55.48612689971924,1745973867.639,55.48612689971924
1745973867.901,55.74895119667053,1745973867.901,55.74895119667053,1745973867.901,55.74895119667053,1745973867.901,55.74895119667053
1745973868.152,55.999070167541504,1745973868.152,55.999070167541504,1745973868.152,55.999070167541504,1745973868.152,55.999070167541504
1745973868.398,56.24576497077942,1745973868.398,56.24576497077942,1745973868.398,56.24576497077942,1745973868.398,56.24576497077942
1745973868.66,56.50741124153137,1745973868.66,56.50741124153137,1745973868.66,56.50741124153137,1745973868.66,56.50741124153137
1745973868.921,56.76816749572754,1745973868.921,56.76816749572754,1745973868.921,56.76816749572754,1745973868.921,56.76816749572754
1745973869.185,57.0322744846344,1745973869.185,57.0322744846344,1745973869.185,57.0322744846344,1745973869.185,57.0322744846344
1745973869.448,57.295891523361206,1745973869.448,57.295891523361206,1745973869.448,57.295891523361206,1745973869.448,57.295891523361206
1745973869.697,57.54445147514343,1745973869.697,57.54445147514343,1745973869.697,57.54445147514343,1745973869.697,57.54445147514343
1745973869.946,57.79393458366394,1745973869.946,57.79393458366394,1745973869.946,57.79393458366394,1745973869.946,57.79393458366394
1745973870.191,58.03823781013489,1745973870.191,58.03823781013489,1745973870.191,58.03823781013489,1745973870.191,58.03823781013489
1745973870.454,58.30169057846069,1745973870.454,58.30169057846069,1745973870.454,58.30169057846069,1745973870.454,58.30169057846069
