timestamp,time,timestamp6,time2,timestamp2,time3,timestamp3,time9
1745974304.863,0.11390948295593262,1745974304.863,0.11390948295593262,1745974304.863,0.11390948295593262,1745974304.863,0.11390948295593262
1745974305.133,0.38353490829467773,1745974305.133,0.38353490829467773,1745974305.133,0.38353490829467773,1745974305.133,0.38353490829467773
1745974305.384,0.6344597339630127,1745974305.384,0.6344597339630127,1745974305.384,0.6344597339630127,1745974305.384,0.6344597339630127
1745974305.635,0.8855013847351074,1745974305.635,0.8855013847351074,1745974305.635,0.8855013847351074,1745974305.635,0.8855013847351074
1745974305.912,1.1621875762939453,1745974305.912,1.1621875762939453,1745974305.912,1.1621875762939453,1745974305.912,1.1621875762939453
1745974306.173,1.4229543209075928,1745974306.173,1.4229543209075928,1745974306.173,1.4229543209075928,1745974306.173,1.4229543209075928
1745974306.436,1.6863455772399902,1745974306.436,1.6863455772399902,1745974306.436,1.6863455772399902,1745974306.436,1.6863455772399902
1745974306.697,1.9477412700653076,1745974306.697,1.9477412700653076,1745974306.697,1.9477412700653076,1745974306.697,1.9477412700653076
1745974306.966,2.2159249782562256,1745974306.966,2.2159249782562256,1745974306.966,2.2159249782562256,1745974306.966,2.2159249782562256
1745974307.242,2.492337226867676,1745974307.242,2.492337226867676,1745974307.242,2.492337226867676,1745974307.242,2.492337226867676
1745974307.482,2.732097864151001,1745974307.482,2.732097864151001,1745974307.482,2.732097864151001,1745974307.482,2.732097864151001
1745974307.733,2.983412981033325,1745974307.733,2.983412981033325,1745974307.733,2.983412981033325,1745974307.733,2.983412981033325
1745974307.998,3.2481510639190674,1745974307.998,3.2481510639190674,1745974307.998,3.2481510639190674,1745974307.998,3.2481510639190674
1745974308.273,3.523607015609741,1745974308.273,3.523607015609741,1745974308.273,3.523607015609741,1745974308.273,3.523607015609741
1745974308.536,3.7861123085021973,1745974308.536,3.7861123085021973,1745974308.536,3.7861123085021973,1745974308.536,3.7861123085021973
1745974308.795,4.045698165893555,1745974308.795,4.045698165893555,1745974308.795,4.045698165893555,1745974308.795,4.045698165893555
1745974309.042,4.292579889297485,1745974309.042,4.292579889297485,1745974309.042,4.292579889297485,1745974309.042,4.292579889297485
1745974309.318,4.568434715270996,1745974309.318,4.568434715270996,1745974309.318,4.568434715270996,1745974309.318,4.568434715270996
1745974309.581,4.8312647342681885,1745974309.581,4.8312647342681885,1745974309.581,4.8312647342681885,1745974309.581,4.8312647342681885
1745974309.829,5.079887866973877,1745974309.829,5.079887866973877,1745974309.829,5.079887866973877,1745974309.829,5.079887866973877
1745974310.091,5.34181809425354,1745974310.091,5.34181809425354,1745974310.091,5.34181809425354,1745974310.091,5.34181809425354
1745974310.368,5.618301153182983,1745974310.368,5.618301153182983,1745974310.368,5.618301153182983,1745974310.368,5.618542194366455
1745974310.628,5.878395318984985,1745974310.628,5.878395318984985,1745974310.628,5.878766775131226,1745974310.628,5.878766775131226
1745974310.887,6.136979579925537,1745974310.887,6.136979579925537,1745974310.887,6.136979579925537,1745974310.887,6.136979579925537
1745974311.15,6.400628089904785,1745974311.15,6.400628089904785,1745974311.15,6.400628089904785,1745974311.15,6.400628089904785
1745974311.427,6.677413463592529,1745974311.427,6.677413463592529,1745974311.427,6.677413463592529,1745974311.427,6.677413463592529
1745974311.674,6.924200773239136,1745974311.674,6.924200773239136,1745974311.674,6.924200773239136,1745974311.674,6.924200773239136
1745974311.923,7.173798084259033,1745974311.923,7.173798084259033,1745974311.923,7.173798084259033,1745974311.923,7.173798084259033
1745974312.193,7.443613052368164,1745974312.193,7.443613052368164,1745974312.193,7.443613052368164,1745974312.193,7.443613052368164
1745974312.458,7.708637952804565,1745974312.458,7.708637952804565,1745974312.458,7.708637952804565,1745974312.458,7.708637952804565
1745974312.704,7.953954458236694,1745974312.704,7.953954458236694,1745974312.704,7.953954458236694,1745974312.704,7.953954458236694
1745974312.939,8.190032482147217,1745974312.94,8.190032482147217,1745974312.94,8.190032482147217,1745974312.94,8.190032482147217
1745974313.197,8.447504997253418,1745974313.197,8.447504997253418,1745974313.197,8.447504997253418,1745974313.197,8.447504997253418
1745974313.458,8.70813536643982,1745974313.458,8.70813536643982,1745974313.458,8.70813536643982,1745974313.458,8.70813536643982
1745974313.718,8.968822002410889,1745974313.718,8.968822002410889,1745974313.718,8.968822002410889,1745974313.718,8.968822002410889
1745974313.98,9.230772256851196,1745974313.98,9.230772256851196,1745974313.98,9.230772256851196,1745974313.98,9.230772256851196
1745974314.257,9.507894039154053,1745974314.257,9.507894039154053,1745974314.257,9.507894039154053,1745974314.257,9.507894039154053
1745974314.504,9.7542884349823,1745974314.504,9.7542884349823,1745974314.504,9.7542884349823,1745974314.504,9.7542884349823
1745974314.765,10.0157790184021,1745974314.765,10.0157790184021,1745974314.765,10.0157790184021,1745974314.765,10.0157790184021
1745974315.026,10.27681279182434,1745974315.026,10.27681279182434,1745974315.026,10.27681279182434,1745974315.026,10.27681279182434
1745974315.303,10.553520202636719,1745974315.303,10.553520202636719,1745974315.303,10.553520202636719,1745974315.303,10.553520202636719
1745974315.551,10.80099868774414,1745974315.551,10.80099868774414,1745974315.551,10.80099868774414,1745974315.551,10.80099868774414
1745974315.812,11.062005758285522,1745974315.812,11.062005758285522,1745974315.812,11.062005758285522,1745974315.812,11.062005758285522
1745974316.077,11.327155351638794,1745974316.077,11.327155351638794,1745974316.077,11.327155351638794,1745974316.077,11.327155351638794
1745974316.337,11.587720394134521,1745974316.337,11.587720394134521,1745974316.337,11.587720394134521,1745974316.337,11.587720394134521
1745974316.615,11.86537790298462,1745974316.615,11.86537790298462,1745974316.615,11.86537790298462,1745974316.615,11.86537790298462
1745974316.876,12.126123428344727,1745974316.876,12.126123428344727,1745974316.876,12.126123428344727,1745974316.876,12.126123428344727
1745974317.14,12.390774488449097,1745974317.14,12.390774488449097,1745974317.14,12.390774488449097,1745974317.14,12.390774488449097
1745974317.399,12.64969778060913,1745974317.399,12.64969778060913,1745974317.399,12.64969778060913,1745974317.399,12.64969778060913
1745974317.661,12.911359071731567,1745974317.661,12.911359071731567,1745974317.661,12.911359071731567,1745974317.661,12.911359071731567
1745974317.897,13.14786958694458,1745974317.897,13.14786958694458,1745974317.897,13.14786958694458,1745974317.897,13.14786958694458
1745974318.156,13.40649151802063,1745974318.156,13.407061576843262,1745974318.157,13.407061576843262,1745974318.157,13.407061576843262
1745974318.403,13.653067827224731,1745974318.403,13.653067827224731,1745974318.403,13.653067827224731,1745974318.403,13.653067827224731
1745974318.652,13.902034997940063,1745974318.652,13.902034997940063,1745974318.652,13.902034997940063,1745974318.652,13.902034997940063
1745974318.904,14.154690265655518,1745974318.904,14.154690265655518,1745974318.904,14.154690265655518,1745974318.904,14.154690265655518
1745974319.16,14.409966230392456,1745974319.16,14.409966230392456,1745974319.16,14.409966230392456,1745974319.16,14.409966230392456
1745974319.42,14.670413970947266,1745974319.42,14.670413970947266,1745974319.42,14.670413970947266,1745974319.42,14.670413970947266
1745974319.684,14.93419098854065,1745974319.684,14.93419098854065,1745974319.684,14.93419098854065,1745974319.684,14.93419098854065
1745974319.947,15.197339296340942,1745974319.947,15.197339296340942,1745974319.947,15.197339296340942,1745974319.947,15.197339296340942
1745974320.222,15.472750663757324,1745974320.222,15.472750663757324,1745974320.222,15.472750663757324,1745974320.222,15.472750663757324
1745974320.483,15.733872652053833,1745974320.483,15.733872652053833,1745974320.483,15.733872652053833,1745974320.483,15.733872652053833
1745974320.747,15.996978521347046,1745974320.747,15.996978521347046,1745974320.747,15.996978521347046,1745974320.747,15.996978521347046
1745974321.022,16.272701501846313,1745974321.022,16.272701501846313,1745974321.022,16.272701501846313,1745974321.022,16.272701501846313
1745974321.273,16.52293038368225,1745974321.273,16.52293038368225,1745974321.273,16.52293038368225,1745974321.273,16.52293038368225
1745974321.531,16.781449556350708,1745974321.531,16.781449556350708,1745974321.531,16.781449556350708,1745974321.531,16.781449556350708
1745974321.792,17.042481660842896,1745974321.792,17.042481660842896,1745974321.792,17.042481660842896,1745974321.792,17.042481660842896
1745974322.044,17.294016122817993,1745974322.044,17.294016122817993,1745974322.044,17.294016122817993,1745974322.044,17.294016122817993
1745974322.313,17.563732862472534,1745974322.313,17.563732862472534,1745974322.313,17.563732862472534,1745974322.313,17.563732862472534
1745974322.576,17.826842784881592,1745974322.576,17.826842784881592,1745974322.576,17.826842784881592,1745974322.576,17.826842784881592
1745974322.838,18.088240385055542,1745974322.838,18.088240385055542,1745974322.838,18.088240385055542,1745974322.838,18.088240385055542
1745974323.101,18.35180902481079,1745974323.101,18.35180902481079,1745974323.101,18.35180902481079,1745974323.101,18.35180902481079
1745974323.363,18.613656520843506,1745974323.363,18.613656520843506,1745974323.363,18.613656520843506,1745974323.363,18.613656520843506
1745974323.625,18.875473022460938,1745974323.625,18.875473022460938,1745974323.625,18.875473022460938,1745974323.625,18.875473022460938
1745974323.858,19.10849952697754,1745974323.858,19.10849952697754,1745974323.858,19.10849952697754,1745974323.858,19.10849952697754
1745974324.115,19.365417003631592,1745974324.115,19.365417003631592,1745974324.115,19.365417003631592,1745974324.115,19.365417003631592
1745974324.378,19.628406524658203,1745974324.378,19.628406524658203,1745974324.378,19.628406524658203,1745974324.378,19.628406524658203
1745974324.625,19.875017404556274,1745974324.625,19.875017404556274,1745974324.625,19.875017404556274,1745974324.625,19.875017404556274
1745974324.863,20.113313913345337,1745974324.863,20.113313913345337,1745974324.863,20.113313913345337,1745974324.863,20.113313913345337
1745974325.12,20.370832443237305,1745974325.12,20.370832443237305,1745974325.12,20.370832443237305,1745974325.12,20.370832443237305
1745974325.398,20.648114919662476,1745974325.398,20.648114919662476,1745974325.398,20.648114919662476,1745974325.398,20.648114919662476
1745974325.661,20.911478757858276,1745974325.661,20.911478757858276,1745974325.661,20.911478757858276,1745974325.661,20.911478757858276
1745974325.922,21.172657251358032,1745974325.922,21.172657251358032,1745974325.922,21.172657251358032,1745974325.922,21.172657251358032
1745974326.186,21.436267614364624,1745974326.186,21.436267614364624,1745974326.186,21.436267614364624,1745974326.186,21.436267614364624
1745974326.449,21.699814796447754,1745974326.449,21.699814796447754,1745974326.449,21.699814796447754,1745974326.449,21.699814796447754
1745974326.713,21.96391248703003,1745974326.713,21.96391248703003,1745974326.713,21.96391248703003,1745974326.713,21.96391248703003
1745974326.99,22.24072527885437,1745974326.99,22.24072527885437,1745974326.99,22.24072527885437,1745974326.99,22.24072527885437
1745974327.253,22.503885507583618,1745974327.253,22.503885507583618,1745974327.253,22.503885507583618,1745974327.253,22.503885507583618
1745974327.517,22.767544269561768,1745974327.517,22.767544269561768,1745974327.517,22.767544269561768,1745974327.517,22.767544269561768
1745974327.777,23.027411460876465,1745974327.777,23.027411460876465,1745974327.777,23.027411460876465,1745974327.777,23.027411460876465
1745974328.039,23.28982424736023,1745974328.039,23.28982424736023,1745974328.039,23.28982424736023,1745974328.039,23.28982424736023
1745974328.287,23.5377779006958,1745974328.287,23.5377779006958,1745974328.287,23.5377779006958,1745974328.287,23.5377779006958
1745974328.533,23.78342318534851,1745974328.533,23.78342318534851,1745974328.533,23.78342318534851,1745974328.533,23.78342318534851
1745974328.792,24.04265570640564,1745974328.792,24.04265570640564,1745974328.792,24.04265570640564,1745974328.792,24.04265570640564
1745974329.053,24.303852319717407,1745974329.053,24.303852319717407,1745974329.053,24.303852319717407,1745974329.053,24.303852319717407
1745974329.314,24.564890384674072,1745974329.314,24.564890384674072,1745974329.314,24.564890384674072,1745974329.314,24.564890384674072
1745974329.576,24.82632088661194,1745974329.576,24.82632088661194,1745974329.576,24.82632088661194,1745974329.576,24.82632088661194
1745974329.841,25.09097146987915,1745974329.841,25.09097146987915,1745974329.841,25.09097146987915,1745974329.841,25.09097146987915
1745974330.118,25.368269205093384,1745974330.118,25.368269205093384,1745974330.118,25.368269205093384,1745974330.118,25.368269205093384
1745974330.383,25.633915424346924,1745974330.383,25.633915424346924,1745974330.383,25.633915424346924,1745974330.383,25.633915424346924
1745974330.63,25.88006567955017,1745974330.63,25.88006567955017,1745974330.63,25.88006567955017,1745974330.63,25.88006567955017
1745974330.891,26.140930652618408,1745974330.891,26.140930652618408,1745974330.891,26.140930652618408,1745974330.891,26.140930652618408
1745974331.153,26.40384078025818,1745974331.153,26.40384078025818,1745974331.153,26.40384078025818,1745974331.153,26.40384078025818
1745974331.4,26.650371074676514,1745974331.4,26.650371074676514,1745974331.4,26.650371074676514,1745974331.4,26.650371074676514
1745974331.652,26.9027738571167,1745974331.652,26.9027738571167,1745974331.652,26.9027738571167,1745974331.652,26.9027738571167
1745974331.902,27.15278935432434,1745974331.902,27.15278935432434,1745974331.902,27.15278935432434,1745974331.902,27.15278935432434
1745974332.164,27.4143648147583,1745974332.164,27.4143648147583,1745974332.164,27.414737701416016,1745974332.164,27.414737701416016
1745974332.428,27.678020477294922,1745974332.428,27.678020477294922,1745974332.428,27.678020477294922,1745974332.428,27.678020477294922
1745974332.69,27.940590620040894,1745974332.69,27.940590620040894,1745974332.69,27.940590620040894,1745974332.69,27.940590620040894
1745974332.952,28.2028489112854,1745974332.952,28.2028489112854,1745974332.952,28.2028489112854,1745974332.952,28.2028489112854
1745974333.213,28.46389865875244,1745974333.213,28.46389865875244,1745974333.213,28.46389865875244,1745974333.213,28.46389865875244
1745974333.475,28.725624084472656,1745974333.475,28.725624084472656,1745974333.475,28.725624084472656,1745974333.475,28.725624084472656
1745974333.739,28.98967456817627,1745974333.739,28.98967456817627,1745974333.739,28.98967456817627,1745974333.739,28.98967456817627
1745974334.001,29.251067876815796,1745974334.001,29.251067876815796,1745974334.001,29.251067876815796,1745974334.001,29.251067876815796
1745974334.252,29.502809286117554,1745974334.252,29.502809286117554,1745974334.252,29.502809286117554,1745974334.252,29.502809286117554
1745974334.523,29.77375078201294,1745974334.523,29.77375078201294,1745974334.523,29.77375078201294,1745974334.523,29.77375078201294
1745974334.769,30.019713401794434,1745974334.769,30.019713401794434,1745974334.769,30.019713401794434,1745974334.769,30.019713401794434
1745974335.015,30.264955759048462,1745974335.015,30.264955759048462,1745974335.015,30.264955759048462,1745974335.015,30.264955759048462
1745974335.265,30.515555143356323,1745974335.265,30.515555143356323,1745974335.265,30.515555143356323,1745974335.265,30.515555143356323
1745974335.538,30.7882719039917,1745974335.538,30.7882719039917,1745974335.538,30.7882719039917,1745974335.538,30.7882719039917
1745974335.785,31.03585410118103,1745974335.785,31.03585410118103,1745974335.785,31.03637433052063,1745974335.786,31.03637433052063
1745974336.021,31.271552562713623,1745974336.021,31.271552562713623,1745974336.021,31.271552562713623,1745974336.022,31.272518634796143
1745974336.248,31.498156547546387,1745974336.248,31.498156547546387,1745974336.248,31.498156547546387,1745974336.248,31.498156547546387
1745974336.51,31.760064840316772,1745974336.51,31.760064840316772,1745974336.51,31.760064840316772,1745974336.51,31.760064840316772
1745974336.786,32.036437034606934,1745974336.786,32.036437034606934,1745974336.786,32.036437034606934,1745974336.786,32.036437034606934
1745974337.02,32.269954681396484,1745974337.02,32.269954681396484,1745974337.02,32.269954681396484,1745974337.02,32.269954681396484
1745974337.268,32.51819348335266,1745974337.268,32.51819348335266,1745974337.268,32.51819348335266,1745974337.268,32.518550872802734
1745974337.518,32.7688844203949,1745974337.518,32.7688844203949,1745974337.518,32.7688844203949,1745974337.518,32.7688844203949
1745974337.767,33.01705813407898,1745974337.767,33.01705813407898,1745974337.767,33.01705813407898,1745974337.767,33.01705813407898
1745974338.015,33.265191316604614,1745974338.015,33.265191316604614,1745974338.015,33.265191316604614,1745974338.015,33.265191316604614
1745974338.275,33.52493190765381,1745974338.275,33.52493190765381,1745974338.275,33.52493190765381,1745974338.275,33.52493190765381
1745974338.537,33.78700590133667,1745974338.537,33.78700590133667,1745974338.537,33.78700590133667,1745974338.537,33.78700590133667
1745974338.784,34.03431487083435,1745974338.784,34.03431487083435,1745974338.784,34.03431487083435,1745974338.784,34.03431487083435
1745974339.018,34.26888084411621,1745974339.018,34.26888084411621,1745974339.018,34.26888084411621,1745974339.018,34.26888084411621
1745974339.279,34.5290584564209,1745974339.279,34.5290584564209,1745974339.279,34.5290584564209,1745974339.279,34.5290584564209
1745974339.541,34.79184818267822,1745974339.541,34.79184818267822,1745974339.541,34.79184818267822,1745974339.541,34.79184818267822
1745974339.82,35.07048749923706,1745974339.82,35.07048749923706,1745974339.82,35.07048749923706,1745974339.82,35.07048749923706
1745974340.068,35.3183536529541,1745974340.068,35.3183536529541,1745974340.068,35.3183536529541,1745974340.068,35.3183536529541
1745974340.327,35.577805042266846,1745974340.327,35.577805042266846,1745974340.327,35.577805042266846,1745974340.327,35.577805042266846
1745974340.594,35.84440851211548,1745974340.594,35.84440851211548,1745974340.594,35.84440851211548,1745974340.594,35.84440851211548
1745974340.858,36.10883116722107,1745974340.858,36.10883116722107,1745974340.858,36.10883116722107,1745974340.858,36.10883116722107
1745974341.119,36.370028018951416,1745974341.12,36.370028018951416,1745974341.12,36.370028018951416,1745974341.12,36.370028018951416
1745974341.36,36.610504150390625,1745974341.36,36.610504150390625,1745974341.36,36.610504150390625,1745974341.36,36.610504150390625
1745974341.626,36.8761568069458,1745974341.626,36.8761568069458,1745974341.626,36.8761568069458,1745974341.626,36.8761568069458
1745974341.887,37.13718771934509,1745974341.887,37.13718771934509,1745974341.887,37.13718771934509,1745974341.887,37.13718771934509
1745974342.149,37.39902949333191,1745974342.149,37.39902949333191,1745974342.149,37.39902949333191,1745974342.149,37.39902949333191
1745974342.407,37.657864570617676,1745974342.407,37.657864570617676,1745974342.407,37.657864570617676,1745974342.407,37.657864570617676
1745974342.671,37.92144274711609,1745974342.671,37.92144274711609,1745974342.671,37.92144274711609,1745974342.671,37.92144274711609
1745974342.933,38.182947397232056,1745974342.933,38.182947397232056,1745974342.933,38.182947397232056,1745974342.933,38.182947397232056
1745974343.21,38.460771799087524,1745974343.21,38.460771799087524,1745974343.21,38.460771799087524,1745974343.21,38.460771799087524
1745974343.458,38.7088565826416,1745974343.458,38.7088565826416,1745974343.458,38.7088565826416,1745974343.458,38.7088565826416
1745974343.722,38.97200608253479,1745974343.722,38.97200608253479,1745974343.722,38.97200608253479,1745974343.722,38.97200608253479
1745974343.982,39.231919050216675,1745974343.982,39.231919050216675,1745974343.982,39.231919050216675,1745974343.982,39.231919050216675
1745974344.243,39.493675231933594,1745974344.243,39.493675231933594,1745974344.243,39.493675231933594,1745974344.243,39.493675231933594
1745974344.52,39.76996064186096,1745974344.52,39.76996064186096,1745974344.52,39.770161151885986,1745974344.52,39.770161151885986
1745974344.769,40.01929783821106,1745974344.769,40.01929783821106,1745974344.769,40.01969003677368,1745974344.769,40.01969003677368
1745974345.029,40.279621839523315,1745974345.029,40.279621839523315,1745974345.029,40.279621839523315,1745974345.029,40.279621839523315
1745974345.278,40.52794790267944,1745974345.278,40.52794790267944,1745974345.278,40.52794790267944,1745974345.278,40.52794790267944
1745974345.541,40.790919065475464,1745974345.541,40.790919065475464,1745974345.541,40.790919065475464,1745974345.541,40.790919065475464
1745974345.819,41.06920528411865,1745974345.819,41.06920528411865,1745974345.819,41.06920528411865,1745974345.819,41.06920528411865
1745974346.082,41.33228921890259,1745974346.082,41.33228921890259,1745974346.082,41.33228921890259,1745974346.082,41.33228921890259
1745974346.341,41.59166717529297,1745974346.341,41.59166717529297,1745974346.341,41.59166717529297,1745974346.341,41.59166717529297
1745974346.608,41.858516454696655,1745974346.608,41.858516454696655,1745974346.608,41.858516454696655,1745974346.608,41.858516454696655
1745974346.87,42.12076425552368,1745974346.87,42.12076425552368,1745974346.87,42.12076425552368,1745974346.87,42.12076425552368
1745974347.132,42.38267159461975,1745974347.132,42.38267159461975,1745974347.132,42.38267159461975,1745974347.132,42.38267159461975
1745974347.394,42.644412994384766,1745974347.394,42.644412994384766,1745974347.394,42.644412994384766,1745974347.394,42.644412994384766
1745974347.653,42.903416872024536,1745974347.653,42.903416872024536,1745974347.653,42.903416872024536,1745974347.653,42.903416872024536
1745974347.9,43.150455713272095,1745974347.9,43.150455713272095,1745974347.9,43.150455713272095,1745974347.9,43.150455713272095
1745974348.153,43.40316891670227,1745974348.153,43.40316891670227,1745974348.153,43.40316891670227,1745974348.153,43.40316891670227
1745974348.411,43.661303758621216,1745974348.411,43.661303758621216,1745974348.411,43.661303758621216,1745974348.411,43.661303758621216
1745974348.663,43.913228273391724,1745974348.663,43.913228273391724,1745974348.663,43.913228273391724,1745974348.663,43.913228273391724
1745974348.909,44.15958261489868,1745974348.909,44.15958261489868,1745974348.909,44.15958261489868,1745974348.909,44.15958261489868
1745974349.154,44.404505014419556,1745974349.154,44.404505014419556,1745974349.154,44.404505014419556,1745974349.154,44.404505014419556
1745974349.417,44.66711974143982,1745974349.417,44.66711974143982,1745974349.417,44.66711974143982,1745974349.417,44.66711974143982
1745974349.681,44.93176484107971,1745974349.681,44.93176484107971,1745974349.681,44.93176484107971,1745974349.681,44.93176484107971
1745974349.957,45.207584381103516,1745974349.957,45.207584381103516,1745974349.957,45.207584381103516,1745974349.957,45.20802044868469
1745974350.191,45.44174146652222,1745974350.191,45.44174146652222,1745974350.191,45.44174146652222,1745974350.191,45.44174146652222
1745974350.437,45.68764281272888,1745974350.437,45.68764281272888,1745974350.437,45.68764281272888,1745974350.437,45.68764281272888
1745974350.696,45.946282386779785,1745974350.696,45.946282386779785,1745974350.696,45.946282386779785,1745974350.696,45.946282386779785
1745974350.945,46.195109605789185,1745974350.945,46.195109605789185,1745974350.945,46.195109605789185,1745974350.945,46.195109605789185
1745974351.2,46.45062756538391,1745974351.2,46.45062756538391,1745974351.2,46.45062756538391,1745974351.2,46.45062756538391
1745974351.443,46.693504095077515,1745974351.443,46.693504095077515,1745974351.443,46.693504095077515,1745974351.443,46.693504095077515
1745974351.701,46.95096039772034,1745974351.701,46.95096039772034,1745974351.701,46.95096039772034,1745974351.701,46.95096039772034
1745974351.964,47.214892625808716,1745974351.964,47.214892625808716,1745974351.964,47.214892625808716,1745974351.964,47.214892625808716
1745974352.218,47.46854209899902,1745974352.218,47.46854209899902,1745974352.218,47.46854209899902,1745974352.218,47.46854209899902
1745974352.466,47.716533184051514,1745974352.466,47.716533184051514,1745974352.466,47.716533184051514,1745974352.466,47.716533184051514
1745974352.739,47.989778995513916,1745974352.739,47.989778995513916,1745974352.739,47.989778995513916,1745974352.739,47.989778995513916
1745974353.001,48.251274824142456,1745974353.001,48.251274824142456,1745974353.001,48.251274824142456,1745974353.001,48.251274824142456
1745974353.239,48.48978304862976,1745974353.239,48.48978304862976,1745974353.239,48.48978304862976,1745974353.239,48.48978304862976
1745974353.483,48.73384928703308,1745974353.483,48.73384928703308,1745974353.483,48.73384928703308,1745974353.483,48.73384928703308
1745974353.755,49.00576186180115,1745974353.755,49.00576186180115,1745974353.755,49.00576186180115,1745974353.755,49.00576186180115
1745974354.016,49.26681900024414,1745974354.016,49.26681900024414,1745974354.016,49.267213582992554,1745974354.017,49.267213582992554
1745974354.282,49.53245234489441,1745974354.282,49.53245234489441,1745974354.282,49.53245234489441,1745974354.282,49.53245234489441
1745974354.545,49.79539632797241,1745974354.545,49.79539632797241,1745974354.545,49.79539632797241,1745974354.545,49.79539632797241
1745974354.797,50.04713010787964,1745974354.797,50.04713010787964,1745974354.797,50.04713010787964,1745974354.797,50.04713010787964
1745974355.065,50.31492590904236,1745974355.065,50.31492590904236,1745974355.065,50.31492590904236,1745974355.065,50.31492590904236
1745974355.322,50.572489976882935,1745974355.322,50.572489976882935,1745974355.322,50.572489976882935,1745974355.322,50.572489976882935
1745974355.601,50.850932359695435,1745974355.601,50.850932359695435,1745974355.601,50.850932359695435,1745974355.601,50.850932359695435
1745974355.847,51.09707307815552,1745974355.847,51.09707307815552,1745974355.847,51.09707307815552,1745974355.847,51.09707307815552
1745974356.109,51.359299659729004,1745974356.109,51.359299659729004,1745974356.109,51.359299659729004,1745974356.109,51.359299659729004
1745974356.366,51.61688995361328,1745974356.366,51.61688995361328,1745974356.366,51.61688995361328,1745974356.366,51.61688995361328
1745974356.628,51.87792253494263,1745974356.628,51.87792253494263,1745974356.628,51.87792253494263,1745974356.628,51.87792253494263
1745974356.888,52.13883304595947,1745974356.888,52.13883304595947,1745974356.888,52.13883304595947,1745974356.888,52.13883304595947
1745974357.135,52.38516640663147,1745974357.135,52.38516640663147,1745974357.135,52.38516640663147,1745974357.135,52.38516640663147
1745974357.41,52.660818338394165,1745974357.41,52.660818338394165,1745974357.41,52.660818338394165,1745974357.41,52.660818338394165
1745974357.641,52.89094924926758,1745974357.641,52.89094924926758,1745974357.641,52.89094924926758,1745974357.641,52.89094924926758
1745974357.887,53.13743877410889,1745974357.887,53.13743877410889,1745974357.887,53.13743877410889,1745974357.887,53.13743877410889
1745974358.149,53.39962911605835,1745974358.149,53.39962911605835,1745974358.149,53.39962911605835,1745974358.149,53.39962911605835
1745974358.411,53.66114020347595,1745974358.411,53.66114020347595,1745974358.411,53.66114020347595,1745974358.411,53.66114020347595
1745974358.657,53.90710949897766,1745974358.657,53.90710949897766,1745974358.657,53.90710949897766,1745974358.657,53.90710949897766
1745974358.921,54.171080589294434,1745974358.921,54.171080589294434,1745974358.921,54.171080589294434,1745974358.921,54.171080589294434
1745974359.183,54.433863401412964,1745974359.183,54.433863401412964,1745974359.183,54.433863401412964,1745974359.183,54.433863401412964
1745974359.461,54.711162090301514,1745974359.461,54.711162090301514,1745974359.461,54.71152138710022,1745974359.461,54.71152138710022
1745974359.708,54.9581253528595,1745974359.708,54.9581253528595,1745974359.708,54.9581253528595,1745974359.708,54.9581253528595
1745974359.969,55.219634771347046,1745974359.969,55.219634771347046,1745974359.969,55.219634771347046,1745974359.969,55.219634771347046
1745974360.23,55.480610609054565,1745974360.23,55.480610609054565,1745974360.23,55.480610609054565,1745974360.23,55.480610609054565
1745974360.491,55.741668462753296,1745974360.491,55.741668462753296,1745974360.491,55.741668462753296,1745974360.491,55.741668462753296
1745974360.753,56.003875970840454,1745974360.753,56.003875970840454,1745974360.753,56.003875970840454,1745974360.753,56.003875970840454
1745974361.015,56.265196084976196,1745974361.015,56.265196084976196,1745974361.015,56.265196084976196,1745974361.015,56.265196084976196
1745974361.277,56.52726435661316,1745974361.277,56.52726435661316,1745974361.277,56.52726435661316,1745974361.277,56.52726435661316
1745974361.54,56.79048418998718,1745974361.54,56.79048418998718,1745974361.54,56.79048418998718,1745974361.54,56.79048418998718
1745974361.792,57.042823791503906,1745974361.792,57.042823791503906,1745974361.792,57.042823791503906,1745974361.792,57.042823791503906
1745974362.053,57.302974462509155,1745974362.053,57.302974462509155,1745974362.053,57.302974462509155,1745974362.053,57.302974462509155
1745974362.314,57.56415891647339,1745974362.314,57.56415891647339,1745974362.314,57.56415891647339,1745974362.314,57.56415891647339
1745974362.576,57.82641530036926,1745974362.576,57.82641530036926,1745974362.576,57.82641530036926,1745974362.576,57.82641530036926
1745974362.836,58.085997104644775,1745974362.836,58.085997104644775,1745974362.836,58.085997104644775,1745974362.836,58.085997104644775
1745974363.083,58.3331356048584,1745974363.083,58.3331356048584,1745974363.083,58.3331356048584,1745974363.083,58.3331356048584
1745974363.347,58.597750425338745,1745974363.347,58.597750425338745,1745974363.347,58.597750425338745,1745974363.347,58.597750425338745
1745974363.609,58.859593629837036,1745974363.609,58.859593629837036,1745974363.609,58.859593629837036,1745974363.609,58.859593629837036
1745974363.873,59.12306022644043,1745974363.873,59.12306022644043,1745974363.873,59.12306022644043,1745974363.873,59.12306022644043
1745974364.11,59.36049795150757,1745974364.11,59.36049795150757,1745974364.11,59.36049795150757,1745974364.11,59.36049795150757
1745974364.357,59.607555866241455,1745974364.357,59.607555866241455,1745974364.357,59.607555866241455,1745974364.357,59.607555866241455
1745974364.622,59.87285876274109,1745974364.622,59.87285876274109,1745974364.622,59.87285876274109,1745974364.622,59.87285876274109
1745974364.889,60.13981890678406,1745974364.889,60.13981890678406,1745974364.889,60.13981890678406,1745974364.889,60.13981890678406
1745974365.15,60.400577783584595,1745974365.15,60.400577783584595,1745974365.15,60.400577783584595,1745974365.15,60.400577783584595
1745974365.414,60.6640202999115,1745974365.414,60.6640202999115,1745974365.414,60.6640202999115,1745974365.414,60.6640202999115
1745974365.638,60.88888621330261,1745974365.638,60.88888621330261,1745974365.638,60.88888621330261,1745974365.638,60.88888621330261
1745974365.907,61.15777611732483,1745974365.907,61.15777611732483,1745974365.907,61.15777611732483,1745974365.907,61.15777611732483
1745974366.17,61.420199155807495,1745974366.17,61.420199155807495,1745974366.17,61.420199155807495,1745974366.17,61.420199155807495
1745974366.434,61.68465280532837,1745974366.434,61.68465280532837,1745974366.434,61.68465280532837,1745974366.434,61.68465280532837
1745974366.7,61.950161933898926,1745974366.7,61.950161933898926,1745974366.7,61.950161933898926,1745974366.7,61.950161933898926
1745974366.963,62.21358895301819,1745974366.963,62.21358895301819,1745974366.963,62.21358895301819,1745974366.963,62.21358895301819
1745974367.227,62.47721219062805,1745974367.227,62.47721219062805,1745974367.227,62.47721219062805,1745974367.227,62.47721219062805
1745974367.491,62.74125289916992,1745974367.491,62.74125289916992,1745974367.491,62.74125289916992,1745974367.491,62.74125289916992
1745974367.755,63.00509071350098,1745974367.755,63.00509071350098,1745974367.755,63.00509071350098,1745974367.755,63.00509071350098
1745974368.018,63.268678188323975,1745974368.018,63.268678188323975,1745974368.018,63.268678188323975,1745974368.018,63.268678188323975
1745974368.268,63.5179648399353,1745974368.268,63.5179648399353,1745974368.268,63.5179648399353,1745974368.268,63.5179648399353
1745974368.528,63.778770208358765,1745974368.528,63.778770208358765,1745974368.528,63.778770208358765,1745974368.528,63.778770208358765
1745974368.794,64.04424953460693,1745974368.794,64.04424953460693,1745974368.794,64.04424953460693,1745974368.794,64.04424953460693
1745974369.07,64.32015442848206,1745974369.07,64.32015442848206,1745974369.07,64.32015442848206,1745974369.07,64.32015442848206
1745974369.336,64.58614134788513,1745974369.336,64.58614134788513,1745974369.336,64.58614134788513,1745974369.336,64.58614134788513
1745974369.598,64.84822511672974,1745974369.598,64.84822511672974,1745974369.598,64.84822511672974,1745974369.598,64.84822511672974
1745974369.847,65.09706997871399,1745974369.847,65.09706997871399,1745974369.847,65.09706997871399,1745974369.847,65.09706997871399
1745974370.11,65.36023712158203,1745974370.11,65.36023712158203,1745974370.11,65.36023712158203,1745974370.11,65.36023712158203
1745974370.37,65.61994624137878,1745974370.37,65.61994624137878,1745974370.37,65.61994624137878,1745974370.37,65.61994624137878
1745974370.644,65.89440941810608,1745974370.644,65.89440941810608,1745974370.644,65.89440941810608,1745974370.644,65.89440941810608
1745974370.893,66.14348840713501,1745974370.893,66.14348840713501,1745974370.893,66.14348840713501,1745974370.893,66.14348840713501
1745974371.14,66.39035177230835,1745974371.14,66.39035177230835,1745974371.14,66.39035177230835,1745974371.14,66.39035177230835
1745974371.401,66.65100526809692,1745974371.401,66.65100526809692,1745974371.401,66.65100526809692,1745974371.401,66.65100526809692
1745974371.649,66.89977955818176,1745974371.649,66.89977955818176,1745974371.649,66.89977955818176,1745974371.649,66.89977955818176
1745974371.911,67.1610779762268,1745974371.911,67.1610779762268,1745974371.911,67.1610779762268,1745974371.911,67.1610779762268
1745974372.148,67.39856839179993,1745974372.148,67.39856839179993,1745974372.148,67.39856839179993,1745974372.148,67.39856839179993
1745974372.401,67.6511640548706,1745974372.401,67.6511640548706,1745974372.401,67.6511640548706,1745974372.401,67.6511640548706
1745974372.678,67.92815732955933,1745974372.678,67.92815732955933,1745974372.678,67.92815732955933,1745974372.678,67.92815732955933
1745974372.94,68.19020438194275,1745974372.94,68.19020438194275,1745974372.94,68.19020438194275,1745974372.94,68.19020438194275
1745974373.204,68.45394659042358,1745974373.204,68.45394659042358,1745974373.204,68.45394659042358,1745974373.204,68.45394659042358
1745974373.467,68.71741914749146,1745974373.467,68.71741914749146,1745974373.467,68.71741914749146,1745974373.467,68.71741914749146
1745974373.714,68.96448707580566,1745974373.714,68.96448707580566,1745974373.714,68.96483492851257,1745974373.714,68.96483492851257
1745974373.99,69.24088859558105,1745974373.99,69.24088859558105,1745974373.99,69.24088859558105,1745974373.99,69.24088859558105
1745974374.254,69.50490093231201,1745974374.254,69.50490093231201,1745974374.254,69.50490093231201,1745974374.254,69.50490093231201
1745974374.516,69.76592302322388,1745974374.516,69.76592302322388,1745974374.516,69.76592302322388,1745974374.516,69.76629209518433
1745974374.765,70.0155975818634,1745974374.765,70.0155975818634,1745974374.765,70.0155975818634,1745974374.765,70.0155975818634
1745974375.037,70.28741502761841,1745974375.037,70.28741502761841,1745974375.037,70.28741502761841,1745974375.037,70.28741502761841
1745974375.285,70.53572297096252,1745974375.285,70.53572297096252,1745974375.285,70.53572297096252,1745974375.285,70.53572297096252
1745974375.527,70.7785177230835,1745974375.528,70.7785177230835,1745974375.528,70.7785177230835,1745974375.528,70.7785177230835
1745974375.771,71.02171659469604,1745974375.771,71.02171659469604,1745974375.771,71.02171659469604,1745974375.771,71.02171659469604
1745974376.016,71.26592373847961,1745974376.016,71.26592373847961,1745974376.016,71.26592373847961,1745974376.016,71.26592373847961
1745974376.277,71.52720355987549,1745974376.277,71.52753829956055,1745974376.277,71.52753829956055,1745974376.277,71.52753829956055
1745974376.526,71.77596688270569,1745974376.526,71.77596688270569,1745974376.526,71.77596688270569,1745974376.526,71.77596688270569
1745974376.771,72.02141332626343,1745974376.771,72.02141332626343,1745974376.771,72.02141332626343,1745974376.771,72.02141332626343
1745974377.033,72.28364300727844,1745974377.033,72.28364300727844,1745974377.033,72.28364300727844,1745974377.033,72.28364300727844
1745974377.293,72.54361629486084,1745974377.293,72.54361629486084,1745974377.293,72.54361629486084,1745974377.293,72.54361629486084
1745974377.559,72.80978989601135,1745974377.559,72.80978989601135,1745974377.559,72.80978989601135,1745974377.559,72.80978989601135
1745974377.81,73.06084418296814,1745974377.81,73.06084418296814,1745974377.81,73.06084418296814,1745974377.81,73.06084418296814
1745974378.078,73.32875561714172,1745974378.078,73.32875561714172,1745974378.078,73.32875561714172,1745974378.078,73.32875561714172
1745974378.343,73.59330630302429,1745974378.343,73.59330630302429,1745974378.343,73.59330630302429,1745974378.343,73.59330630302429
1745974378.604,73.85423803329468,1745974378.604,73.85423803329468,1745974378.604,73.85423803329468,1745974378.604,73.85423803329468
1745974378.861,74.11169171333313,1745974378.861,74.11169171333313,1745974378.861,74.11169171333313,1745974378.861,74.11169171333313
1745974379.12,74.37037396430969,1745974379.12,74.37037396430969,1745974379.12,74.37037396430969,1745974379.12,74.37037396430969
1745974379.384,74.63429379463196,1745974379.384,74.63429379463196,1745974379.384,74.63429379463196,1745974379.384,74.63429379463196
1745974379.63,74.8799340724945,1745974379.63,74.8799340724945,1745974379.63,74.8799340724945,1745974379.63,74.8799340724945
1745974379.878,75.12815308570862,1745974379.878,75.12815308570862,1745974379.878,75.12815308570862,1745974379.878,75.12815308570862
1745974380.123,75.37383842468262,1745974380.123,75.37383842468262,1745974380.123,75.37383842468262,1745974380.123,75.37383842468262
1745974380.386,75.63630270957947,1745974380.386,75.63630270957947,1745974380.386,75.63630270957947,1745974380.386,75.63630270957947
1745974380.647,75.8976993560791,1745974380.647,75.8976993560791,1745974380.647,75.8976993560791,1745974380.647,75.8976993560791
1745974380.897,76.14710283279419,1745974380.897,76.14710283279419,1745974380.897,76.14710283279419,1745974380.897,76.14710283279419
1745974381.159,76.409658908844,1745974381.159,76.409658908844,1745974381.159,76.409658908844,1745974381.159,76.409658908844
1745974381.408,76.65854287147522,1745974381.408,76.65854287147522,1745974381.408,76.65854287147522,1745974381.408,76.65854287147522
1745974381.657,76.90717387199402,1745974381.657,76.90717387199402,1745974381.657,76.90717387199402,1745974381.657,76.90717387199402
1745974381.918,77.16805768013,1745974381.918,77.16805768013,1745974381.918,77.16805768013,1745974381.918,77.16805768013
1745974382.181,77.4319007396698,1745974382.181,77.4319007396698,1745974382.181,77.4319007396698,1745974382.181,77.4319007396698
1745974382.46,77.71065282821655,1745974382.46,77.71065282821655,1745974382.46,77.71065282821655,1745974382.46,77.71065282821655
1745974382.725,77.9749186038971,1745974382.725,77.9749186038971,1745974382.725,77.9749186038971,1745974382.725,77.9749186038971
1745974382.973,78.22315073013306,1745974382.973,78.22315073013306,1745974382.973,78.22315073013306,1745974382.973,78.22315073013306
1745974383.235,78.48498439788818,1745974383.235,78.48498439788818,1745974383.235,78.48498439788818,1745974383.235,78.48498439788818
1745974383.496,78.74615478515625,1745974383.496,78.74615478515625,1745974383.496,78.74615478515625,1745974383.496,78.74615478515625
1745974383.745,78.994961977005,1745974383.745,78.994961977005,1745974383.745,78.994961977005,1745974383.745,78.994961977005
1745974384.019,79.26983904838562,1745974384.019,79.26983904838562,1745974384.019,79.26983904838562,1745974384.019,79.26983904838562
1745974384.281,79.53108167648315,1745974384.281,79.53108167648315,1745974384.281,79.53108167648315,1745974384.281,79.53108167648315
1745974384.542,79.79225301742554,1745974384.542,79.79225301742554,1745974384.542,79.79225301742554,1745974384.542,79.79225301742554
1745974384.82,80.07020616531372,1745974384.82,80.07020616531372,1745974384.82,80.07020616531372,1745974384.82,80.07020616531372
1745974385.08,80.33076095581055,1745974385.08,80.33076095581055,1745974385.08,80.33076095581055,1745974385.08,80.33076095581055
1745974385.342,80.59267926216125,1745974385.342,80.59267926216125,1745974385.342,80.59267926216125,1745974385.342,80.59267926216125
1745974385.617,80.86770915985107,1745974385.617,80.86770915985107,1745974385.617,80.86770915985107,1745974385.617,80.86770915985107
1745974385.879,81.12935018539429,1745974385.879,81.12935018539429,1745974385.879,81.12935018539429,1745974385.879,81.12935018539429
1745974386.147,81.39756965637207,1745974386.147,81.39764046669006,1745974386.147,81.39764046669006,1745974386.147,81.39764046669006
1745974386.404,81.6548478603363,1745974386.404,81.6548478603363,1745974386.404,81.6548478603363,1745974386.404,81.6548478603363
1745974386.651,81.90178227424622,1745974386.651,81.90178227424622,1745974386.651,81.90178227424622,1745974386.651,81.90178227424622
1745974386.93,82.1803183555603,1745974386.93,82.1803183555603,1745974386.93,82.1803183555603,1745974386.93,82.1803183555603
1745974387.194,82.44392156600952,1745974387.194,82.44392156600952,1745974387.194,82.44392156600952,1745974387.194,82.44392156600952
1745974387.456,82.70627927780151,1745974387.456,82.70627927780151,1745974387.456,82.70627927780151,1745974387.456,82.70627927780151
1745974387.689,82.9402642250061,1745974387.69,82.9402642250061,1745974387.69,82.9402642250061,1745974387.69,82.9402642250061
1745974387.938,83.1882004737854,1745974387.938,83.1882004737854,1745974387.938,83.1882004737854,1745974387.938,83.1882004737854
1745974388.21,83.46037173271179,1745974388.21,83.46037173271179,1745974388.21,83.46037173271179,1745974388.21,83.46037173271179
1745974388.472,83.72265434265137,1745974388.472,83.72265434265137,1745974388.472,83.72265434265137,1745974388.472,83.72265434265137
1745974388.733,83.98332285881042,1745974388.733,83.98332285881042,1745974388.733,83.98332285881042,1745974388.733,83.98332285881042
1745974388.992,84.24265122413635,1745974388.992,84.24265122413635,1745974388.992,84.24265122413635,1745974388.992,84.24265122413635
1745974389.246,84.49644160270691,1745974389.246,84.49644160270691,1745974389.246,84.49644160270691,1745974389.246,84.49644160270691
1745974389.518,84.7684063911438,1745974389.518,84.7684063911438,1745974389.518,84.7684063911438,1745974389.518,84.7684063911438
1745974389.769,85.01897811889648,1745974389.769,85.01897811889648,1745974389.769,85.01897811889648,1745974389.769,85.01897811889648
1745974390.027,85.27717876434326,1745974390.027,85.27717876434326,1745974390.027,85.27717876434326,1745974390.027,85.27717876434326
1745974390.261,85.51171112060547,1745974390.261,85.51171112060547,1745974390.261,85.51171112060547,1745974390.261,85.51171112060547
1745974390.534,85.78429579734802,1745974390.534,85.78429579734802,1745974390.534,85.78429579734802,1745974390.534,85.78429579734802
1745974390.771,86.02113842964172,1745974390.771,86.02113842964172,1745974390.771,86.02113842964172,1745974390.771,86.02113842964172
1745974391.027,86.27793097496033,1745974391.028,86.27802562713623,1745974391.028,86.27802562713623,1745974391.028,86.27802562713623
1745974391.265,86.51576805114746,1745974391.265,86.51576805114746,1745974391.265,86.51576805114746,1745974391.265,86.51576805114746
1745974391.521,86.77135848999023,1745974391.521,86.77135848999023,1745974391.521,86.77135848999023,1745974391.521,86.77135848999023
1745974391.768,87.01873826980591,1745974391.768,87.01873826980591,1745974391.768,87.01873826980591,1745974391.768,87.01873826980591
1745974392.031,87.28149223327637,1745974392.031,87.28149223327637,1745974392.031,87.28149223327637,1745974392.031,87.28149223327637
1745974392.26,87.51069617271423,1745974392.26,87.51069617271423,1745974392.26,87.51069617271423,1745974392.26,87.51069617271423
1745974392.536,87.78670573234558,1745974392.536,87.78670573234558,1745974392.536,87.78670573234558,1745974392.536,87.78670573234558
1745974392.772,88.02248525619507,1745974392.772,88.02248525619507,1745974392.772,88.02248525619507,1745974392.772,88.02248525619507
1745974393.03,88.28100180625916,1745974393.031,88.28100180625916,1745974393.031,88.28100180625916,1745974393.031,88.28100180625916
1745974393.265,88.5152428150177,1745974393.265,88.5152428150177,1745974393.265,88.5152428150177,1745974393.265,88.5152428150177
1745974393.538,88.78839206695557,1745974393.538,88.78839206695557,1745974393.538,88.78839206695557,1745974393.538,88.78839206695557
1745974393.781,89.03132104873657,1745974393.781,89.03132104873657,1745974393.781,89.03132104873657,1745974393.781,89.03132104873657
1745974394.046,89.29644751548767,1745974394.046,89.29644751548767,1745974394.046,89.29644751548767,1745974394.046,89.29681468009949
1745974394.308,89.55888652801514,1745974394.308,89.55888652801514,1745974394.308,89.55888652801514,1745974394.308,89.55888652801514
1745974394.572,89.82208609580994,1745974394.572,89.82208609580994,1745974394.572,89.82208609580994,1745974394.572,89.82208609580994
1745974394.833,90.083012342453,1745974394.833,90.083012342453,1745974394.833,90.083012342453,1745974394.833,90.083012342453
1745974395.079,90.32951998710632,1745974395.079,90.32951998710632,1745974395.079,90.32951998710632,1745974395.079,90.32951998710632
1745974395.34,90.59041619300842,1745974395.34,90.59041619300842,1745974395.34,90.59041619300842,1745974395.34,90.59041619300842
1745974395.602,90.85221433639526,1745974395.602,90.85221433639526,1745974395.602,90.85221433639526,1745974395.602,90.85221433639526
1745974395.846,91.09670925140381,1745974395.846,91.09670925140381,1745974395.846,91.09670925140381,1745974395.846,91.09670925140381
1745974396.108,91.35877323150635,1745974396.108,91.35877323150635,1745974396.108,91.35877323150635,1745974396.108,91.35877323150635
1745974396.371,91.62188935279846,1745974396.371,91.62188935279846,1745974396.371,91.62188935279846,1745974396.371,91.62188935279846
1745974396.621,91.87096858024597,1745974396.621,91.87096858024597,1745974396.621,91.87096858024597,1745974396.621,91.87096858024597
1745974396.869,92.11965799331665,1745974396.869,92.11965799331665,1745974396.869,92.11965799331665,1745974396.869,92.11965799331665
1745974397.148,92.39886021614075,1745974397.148,92.39886021614075,1745974397.148,92.39886021614075,1745974397.148,92.39886021614075
1745974397.41,92.6604151725769,1745974397.41,92.6604151725769,1745974397.41,92.6604151725769,1745974397.41,92.6604151725769
1745974397.658,92.90800857543945,1745974397.658,92.90800857543945,1745974397.658,92.90800857543945,1745974397.658,92.90800857543945
1745974397.918,93.16891407966614,1745974397.918,93.16891407966614,1745974397.918,93.16891407966614,1745974397.918,93.16891407966614
1745974398.181,93.43182349205017,1745974398.181,93.43182349205017,1745974398.181,93.43182349205017,1745974398.181,93.43182349205017
1745974398.448,93.69828701019287,1745974398.448,93.69828701019287,1745974398.448,93.69828701019287,1745974398.448,93.69828701019287
1745974398.726,93.9764153957367,1745974398.726,93.9764153957367,1745974398.726,93.9764153957367,1745974398.726,93.9764153957367
1745974398.989,94.23964238166809,1745974398.989,94.23964238166809,1745974398.989,94.23964238166809,1745974398.989,94.23964238166809
1745974399.251,94.50098443031311,1745974399.251,94.50098443031311,1745974399.251,94.50098443031311,1745974399.251,94.50098443031311
1745974399.509,94.75945210456848,1745974399.509,94.75945210456848,1745974399.509,94.75945210456848,1745974399.509,94.75945210456848
1745974399.77,95.02091455459595,1745974399.77,95.02091455459595,1745974399.77,95.02091455459595,1745974399.77,95.02091455459595
1745974400.032,95.28225588798523,1745974400.032,95.28225588798523,1745974400.032,95.28225588798523,1745974400.032,95.28225588798523
1745974400.293,95.54321265220642,1745974400.293,95.54321265220642,1745974400.293,95.54321265220642,1745974400.293,95.54321265220642
1745974400.556,95.8061671257019,1745974400.556,95.8061671257019,1745974400.556,95.8061671257019,1745974400.556,95.8061671257019
1745974400.817,96.06779193878174,1745974400.817,96.06779193878174,1745974400.817,96.06779193878174,1745974400.817,96.06779193878174
1745974401.079,96.32969355583191,1745974401.079,96.32969355583191,1745974401.079,96.32969355583191,1745974401.079,96.32969355583191
1745974401.343,96.59316849708557,1745974401.343,96.59316849708557,1745974401.343,96.59316849708557,1745974401.343,96.59316849708557
1745974401.604,96.85405659675598,1745974401.604,96.85405659675598,1745974401.604,96.85405659675598,1745974401.604,96.85405659675598
1745974401.874,97.12436032295227,1745974401.874,97.12436032295227,1745974401.874,97.12436032295227,1745974401.874,97.12436032295227
1745974402.115,97.36561417579651,1745974402.115,97.36561417579651,1745974402.115,97.36561417579651,1745974402.115,97.36561417579651
1745974402.363,97.61309289932251,1745974402.363,97.61309289932251,1745974402.363,97.61309289932251,1745974402.363,97.61309289932251
1745974402.621,97.87120032310486,1745974402.621,97.87120032310486,1745974402.621,97.87120032310486,1745974402.621,97.87120032310486
1745974402.889,98.13931679725647,1745974402.889,98.13931679725647,1745974402.889,98.13931679725647,1745974402.889,98.13931679725647
1745974403.139,98.38961291313171,1745974403.139,98.38961291313171,1745974403.139,98.38961291313171,1745974403.139,98.38961291313171
1745974403.407,98.65706324577332,1745974403.407,98.65706324577332,1745974403.407,98.65706324577332,1745974403.407,98.65706324577332
1745974403.669,98.91950821876526,1745974403.669,98.91950821876526,1745974403.669,98.91950821876526,1745974403.669,98.91950821876526
1745974403.929,99.17980790138245,1745974403.929,99.17980790138245,1745974403.929,99.17980790138245,1745974403.929,99.17980790138245
1745974404.176,99.4262306690216,1745974404.176,99.4262306690216,1745974404.176,99.4262306690216,1745974404.176,99.4262306690216
1745974404.422,99.67284846305847,1745974404.422,99.67284846305847,1745974404.422,99.67284846305847,1745974404.422,99.67284846305847
1745974404.684,99.9340615272522,1745974404.684,99.9340615272522,1745974404.684,99.9340615272522,1745974404.684,99.9340615272522
1745974404.946,100.19641709327698,1745974404.946,100.19641709327698,1745974404.946,100.19641709327698,1745974404.946,100.19641709327698
1745974405.192,100.44249773025513,1745974405.192,100.44249773025513,1745974405.192,100.44249773025513,1745974405.192,100.44249773025513
1745974405.441,100.69142389297485,1745974405.441,100.69142389297485,1745974405.441,100.69142389297485,1745974405.441,100.69142389297485
1745974405.704,100.95419836044312,1745974405.704,100.95419836044312,1745974405.704,100.95419836044312,1745974405.704,100.95419836044312
1745974405.939,101.18953227996826,1745974405.939,101.18953227996826,1745974405.939,101.18953227996826,1745974405.939,101.18953227996826
1745974406.187,101.43712592124939,1745974406.187,101.43712592124939,1745974406.187,101.43712592124939,1745974406.187,101.43712592124939
1745974406.445,101.695077419281,1745974406.445,101.695077419281,1745974406.445,101.695077419281,1745974406.445,101.695077419281
1745974406.71,101.96004486083984,1745974406.71,101.96004486083984,1745974406.71,101.96004486083984,1745974406.71,101.96004486083984
1745974406.953,102.20319485664368,1745974406.953,102.20319485664368,1745974406.953,102.20319485664368,1745974406.953,102.20319485664368
1745974407.194,102.44457507133484,1745974407.194,102.44457507133484,1745974407.194,102.44457507133484,1745974407.194,102.44457507133484
1745974407.452,102.70211863517761,1745974407.452,102.70211863517761,1745974407.452,102.70211863517761,1745974407.452,102.70211863517761
1745974407.711,102.96182751655579,1745974407.711,102.96182751655579,1745974407.711,102.96182751655579,1745974407.711,102.96182751655579
1745974407.972,103.22239995002747,1745974407.972,103.22239995002747,1745974407.972,103.22239995002747,1745974407.972,103.22239995002747
1745974408.217,103.46751713752747,1745974408.217,103.46751713752747,1745974408.217,103.46751713752747,1745974408.217,103.46751713752747
1745974408.48,103.73051476478577,1745974408.48,103.73051476478577,1745974408.48,103.73051476478577,1745974408.48,103.73051476478577
1745974408.743,103.99391484260559,1745974408.743,103.99391484260559,1745974408.743,103.99391484260559,1745974408.743,103.99391484260559
1745974408.982,104.23237109184265,1745974408.982,104.23237109184265,1745974408.982,104.23237109184265,1745974408.982,104.23237109184265
1745974409.231,104.48164629936218,1745974409.231,104.48164629936218,1745974409.231,104.48164629936218,1745974409.231,104.48164629936218
1745974409.485,104.7356173992157,1745974409.485,104.7356173992157,1745974409.485,104.7356173992157,1745974409.485,104.7356173992157
1745974409.744,104.99470114707947,1745974409.744,104.99470114707947,1745974409.744,104.99470114707947,1745974409.744,104.99470114707947
1745974409.993,105.24349689483643,1745974409.993,105.24349689483643,1745974409.993,105.24349689483643,1745974409.993,105.24349689483643
1745974410.237,105.48756909370422,1745974410.237,105.48756909370422,1745974410.237,105.48756909370422,1745974410.237,105.48756909370422
1745974410.497,105.74780511856079,1745974410.497,105.74780511856079,1745974410.497,105.74780511856079,1745974410.497,105.74780511856079
1745974410.758,106.00847887992859,1745974410.758,106.00847887992859,1745974410.758,106.00847887992859,1745974410.758,106.00847887992859
1745974411.014,106.26476693153381,1745974411.014,106.26476693153381,1745974411.014,106.26476693153381,1745974411.014,106.26476693153381
1745974411.264,106.51486539840698,1745974411.264,106.51486539840698,1745974411.264,106.51486539840698,1745974411.264,106.51486539840698
1745974411.529,106.7793517112732,1745974411.529,106.7793517112732,1745974411.529,106.7793517112732,1745974411.529,106.7793517112732
1745974411.79,107.04002928733826,1745974411.79,107.04002928733826,1745974411.79,107.04002928733826,1745974411.79,107.04002928733826
1745974412.025,107.27561163902283,1745974412.025,107.27561163902283,1745974412.025,107.27561163902283,1745974412.025,107.27561163902283
1745974412.286,107.53606820106506,1745974412.286,107.53606820106506,1745974412.286,107.53606820106506,1745974412.286,107.53606820106506
1745974412.545,107.79503107070923,1745974412.545,107.79503107070923,1745974412.545,107.79503107070923,1745974412.545,107.79503107070923
1745974412.819,108.06977772712708,1745974412.819,108.06977772712708,1745974412.819,108.06977772712708,1745974412.819,108.06977772712708
1745974413.069,108.31979084014893,1745974413.069,108.31979084014893,1745974413.069,108.31979084014893,1745974413.069,108.31979084014893
1745974413.328,108.57876253128052,1745974413.328,108.57876253128052,1745974413.328,108.57876253128052,1745974413.328,108.57876253128052
1745974413.575,108.82539319992065,1745974413.575,108.82539319992065,1745974413.575,108.82539319992065,1745974413.575,108.82539319992065
1745974413.837,109.08721351623535,1745974413.837,109.08721351623535,1745974413.837,109.08721351623535,1745974413.837,109.08721351623535
1745974414.082,109.3321635723114,1745974414.082,109.3321635723114,1745974414.082,109.3321635723114,1745974414.082,109.3321635723114
1745974414.317,109.56715059280396,1745974414.317,109.56715059280396,1745974414.317,109.56715059280396,1745974414.317,109.56715059280396
1745974414.575,109.82580041885376,1745974414.575,109.82580041885376,1745974414.575,109.82580041885376,1745974414.575,109.82580041885376
1745974414.835,110.08583426475525,1745974414.835,110.08583426475525,1745974414.835,110.08583426475525,1745974414.835,110.08583426475525
1745974415.096,110.34690690040588,1745974415.096,110.34690690040588,1745974415.096,110.34690690040588,1745974415.096,110.34690690040588
1745974415.359,110.60902428627014,1745974415.359,110.60902428627014,1745974415.359,110.60902428627014,1745974415.359,110.60902428627014
1745974415.621,110.871346950531,1745974415.621,110.871346950531,1745974415.621,110.871346950531,1745974415.621,110.871346950531
1745974415.884,111.13484311103821,1745974415.884,111.13484311103821,1745974415.884,111.13484311103821,1745974415.884,111.13484311103821
1745974416.147,111.39773488044739,1745974416.147,111.39773488044739,1745974416.147,111.39773488044739,1745974416.147,111.39773488044739
1745974416.41,111.66033387184143,1745974416.41,111.66033387184143,1745974416.41,111.66033387184143,1745974416.41,111.66033387184143
1745974416.671,111.92111301422119,1745974416.671,111.92111301422119,1745974416.671,111.92111301422119,1745974416.671,111.92111301422119
1745974416.919,112.16893339157104,1745974416.919,112.16893339157104,1745974416.919,112.16893339157104,1745974416.919,112.16893339157104
1745974417.181,112.43129849433899,1745974417.181,112.43129849433899,1745974417.181,112.43129849433899,1745974417.181,112.43129849433899
1745974417.428,112.67884540557861,1745974417.428,112.67884540557861,1745974417.428,112.67884540557861,1745974417.428,112.67884540557861
1745974417.692,112.94256353378296,1745974417.692,112.94256353378296,1745974417.692,112.94256353378296,1745974417.692,112.94256353378296
1745974417.956,113.20634388923645,1745974417.956,113.20634388923645,1745974417.956,113.20634388923645,1745974417.956,113.20634388923645
1745974418.204,113.4542989730835,1745974418.204,113.4542989730835,1745974418.204,113.4542989730835,1745974418.204,113.4542989730835
1745974418.44,113.69067311286926,1745974418.44,113.69067311286926,1745974418.44,113.69067311286926,1745974418.44,113.69067311286926
1745974418.698,113.9479775428772,1745974418.698,113.9479775428772,1745974418.698,113.9479775428772,1745974418.698,113.9479775428772
1745974418.95,114.20008969306946,1745974418.95,114.20008969306946,1745974418.95,114.20008969306946,1745974418.95,114.20008969306946
1745974419.223,114.47339797019958,1745974419.223,114.47339797019958,1745974419.223,114.47339797019958,1745974419.223,114.47339797019958
1745974419.469,114.71928715705872,1745974419.469,114.71928715705872,1745974419.469,114.71928715705872,1745974419.469,114.71928715705872
1745974419.732,114.98200011253357,1745974419.732,114.98200011253357,1745974419.732,114.98200011253357,1745974419.732,114.98200011253357
1745974419.994,115.2442979812622,1745974419.994,115.2442979812622,1745974419.994,115.2442979812622,1745974419.994,115.2442979812622
1745974420.27,115.52075743675232,1745974420.27,115.52075743675232,1745974420.27,115.52075743675232,1745974420.27,115.52075743675232
1745974420.52,115.76999378204346,1745974420.52,115.76999378204346,1745974420.52,115.76999378204346,1745974420.52,115.76999378204346
1745974420.783,116.03317975997925,1745974420.783,116.03317975997925,1745974420.783,116.03317975997925,1745974420.783,116.03317975997925
1745974421.044,116.29475116729736,1745974421.044,116.29475116729736,1745974421.044,116.29475116729736,1745974421.044,116.29475116729736
1745974421.307,116.55753326416016,1745974421.307,116.55753326416016,1745974421.307,116.55753326416016,1745974421.307,116.55753326416016
1745974421.568,116.81824970245361,1745974421.568,116.81824970245361,1745974421.568,116.81824970245361,1745974421.568,116.81824970245361
1745974421.829,117.0792031288147,1745974421.829,117.0792031288147,1745974421.829,117.0792031288147,1745974421.829,117.0792031288147
1745974422.079,117.32975006103516,1745974422.079,117.32975006103516,1745974422.079,117.32975006103516,1745974422.079,117.32975006103516
1745974422.326,117.57620120048523,1745974422.326,117.57620120048523,1745974422.326,117.57620120048523,1745974422.326,117.57620120048523
1745974422.588,117.8381667137146,1745974422.588,117.8381667137146,1745974422.588,117.8381667137146,1745974422.588,117.8381667137146
1745974422.85,118.10064840316772,1745974422.85,118.10064840316772,1745974422.85,118.10064840316772,1745974422.85,118.10064840316772
1745974423.112,118.36269927024841,1745974423.112,118.36269927024841,1745974423.112,118.36269927024841,1745974423.112,118.36269927024841
1745974423.357,118.60751461982727,1745974423.357,118.60751461982727,1745974423.357,118.60751461982727,1745974423.357,118.60751461982727
1745974423.622,118.87269306182861,1745974423.622,118.87269306182861,1745974423.622,118.87269306182861,1745974423.622,118.87269306182861
1745974423.898,119.148029088974,1745974423.898,119.148029088974,1745974423.898,119.148029088974,1745974423.898,119.148029088974
1745974424.158,119.40819787979126,1745974424.158,119.40819787979126,1745974424.158,119.40819787979126,1745974424.158,119.40819787979126
1745974424.393,119.64357089996338,1745974424.393,119.64357089996338,1745974424.393,119.64424633979797,1745974424.394,119.64424633979797
1745974424.639,119.88939595222473,1745974424.639,119.88939595222473,1745974424.639,119.88939595222473,1745974424.639,119.88939595222473
1745974424.886,120.13684725761414,1745974424.886,120.13684725761414,1745974424.886,120.13684725761414,1745974424.886,120.13684725761414
1745974425.151,120.4018623828888,1745974425.151,120.4018623828888,1745974425.151,120.4018623828888,1745974425.151,120.4018623828888
