timestamp,time,timestamp6,time2,timestamp2,time3,timestamp3,time9
1746054169.044,0.05142545700073242,1746054169.044,0.05142545700073242,1746054169.044,0.05142545700073242,1746054169.044,0.05142545700073242
1746054169.293,0.30042457580566406,1746054169.293,0.30042457580566406,1746054169.293,0.30042457580566406,1746054169.293,0.30042457580566406
1746054169.557,0.564424991607666,1746054169.557,0.564424991607666,1746054169.557,0.564424991607666,1746054169.557,0.564424991607666
1746054169.822,0.8294594287872314,1746054169.822,0.8294594287872314,1746054169.822,0.8294594287872314,1746054169.822,0.8294594287872314
1746054170.088,1.0954246520996094,1746054170.088,1.0954246520996094,1746054170.088,1.0954246520996094,1746054170.088,1.0954246520996094
1746054170.336,1.343459129333496,1746054170.336,1.343459129333496,1746054170.336,1.343459129333496,1746054170.336,1.343459129333496
1746054170.598,1.6054611206054688,1746054170.598,1.6054611206054688,1746054170.598,1.6054611206054688,1746054170.598,1.6054611206054688
1746054170.831,1.8390858173370361,1746054170.831,1.8390858173370361,1746054170.831,1.8390858173370361,1746054170.831,1.8390858173370361
1746054171.095,2.102532386779785,1746054171.095,2.102532386779785,1746054171.095,2.102532386779785,1746054171.095,2.102532386779785
1746054171.356,2.3636536598205566,1746054171.356,2.3636536598205566,1746054171.356,2.3636536598205566,1746054171.356,2.3636536598205566
1746054171.604,2.6111607551574707,1746054171.604,2.6111607551574707,1746054171.604,2.6111607551574707,1746054171.604,2.6111607551574707
1746054171.867,2.8745110034942627,1746054171.867,2.8745110034942627,1746054171.867,2.8745110034942627,1746054171.867,2.8745110034942627
1746054172.132,3.139591932296753,1746054172.132,3.139591932296753,1746054172.132,3.139591932296753,1746054172.132,3.139591932296753
1746054172.394,3.4013304710388184,1746054172.394,3.4013304710388184,1746054172.394,3.4013304710388184,1746054172.394,3.4013304710388184
1746054172.657,3.6646852493286133,1746054172.657,3.6646852493286133,1746054172.657,3.6646852493286133,1746054172.657,3.6646852493286133
1746054172.921,3.9289984703063965,1746054172.921,3.9289984703063965,1746054172.921,3.9289984703063965,1746054172.921,3.9289984703063965
1746054173.185,4.192692518234253,1746054173.185,4.192692518234253,1746054173.185,4.192692518234253,1746054173.185,4.192692518234253
1746054173.448,4.455198049545288,1746054173.448,4.455198049545288,1746054173.448,4.455198049545288,1746054173.448,4.455198049545288
1746054173.712,4.719732284545898,1746054173.712,4.719732284545898,1746054173.712,4.719732284545898,1746054173.712,4.719732284545898
1746054173.979,4.986623764038086,1746054173.979,4.986623764038086,1746054173.979,4.986623764038086,1746054173.979,4.986623764038086
1746054174.242,5.250069856643677,1746054174.242,5.250069856643677,1746054174.242,5.250069856643677,1746054174.242,5.250069856643677
1746054174.505,5.512439489364624,1746054174.505,5.512439489364624,1746054174.505,5.512439489364624,1746054174.505,5.512439489364624
1746054174.77,5.7772910594940186,1746054174.77,5.7772910594940186,1746054174.77,5.7772910594940186,1746054174.77,5.7772910594940186
1746054175.003,6.0103654861450195,1746054175.003,6.0103654861450195,1746054175.003,6.0103654861450195,1746054175.003,6.0103654861450195
1746054175.267,6.27506947517395,1746054175.267,6.27506947517395,1746054175.267,6.27506947517395,1746054175.267,6.27506947517395
1746054175.547,6.555120229721069,1746054175.547,6.555120229721069,1746054175.547,6.555120229721069,1746054175.547,6.555120229721069
1746054175.812,6.819165468215942,1746054175.812,6.819165468215942,1746054175.812,6.819165468215942,1746054175.812,6.819165468215942
1746054176.059,7.066694736480713,1746054176.059,7.066694736480713,1746054176.059,7.066694736480713,1746054176.059,7.066694736480713
1746054176.32,7.327739715576172,1746054176.32,7.327739715576172,1746054176.32,7.327739715576172,1746054176.32,7.327739715576172
1746054176.584,7.591765880584717,1746054176.584,7.591765880584717,1746054176.584,7.591765880584717,1746054176.584,7.591765880584717
1746054176.849,7.856953382492065,1746054176.849,7.856953382492065,1746054176.849,7.856953382492065,1746054176.849,7.856953382492065
1746054177.111,8.11846399307251,1746054177.111,8.11846399307251,1746054177.111,8.11846399307251,1746054177.111,8.11846399307251
1746054177.375,8.38240361213684,1746054177.375,8.38240361213684,1746054177.375,8.38240361213684,1746054177.375,8.38240361213684
1746054177.624,8.63161563873291,1746054177.624,8.63161563873291,1746054177.624,8.63161563873291,1746054177.624,8.63161563873291
1746054177.885,8.892656564712524,1746054177.885,8.892656564712524,1746054177.885,8.892656564712524,1746054177.885,8.892656564712524
1746054178.142,9.149316549301147,1746054178.142,9.149316549301147,1746054178.142,9.149316549301147,1746054178.142,9.149316549301147
1746054178.406,9.41378664970398,1746054178.406,9.41378664970398,1746054178.406,9.41378664970398,1746054178.406,9.41378664970398
1746054178.668,9.67611813545227,1746054178.668,9.67611813545227,1746054178.668,9.67611813545227,1746054178.668,9.67611813545227
1746054178.932,9.93993091583252,1746054178.932,9.93993091583252,1746054178.932,9.93993091583252,1746054178.932,9.93993091583252
1746054179.195,10.202857971191406,1746054179.195,10.202857971191406,1746054179.195,10.202857971191406,1746054179.195,10.202857971191406
1746054179.457,10.464277744293213,1746054179.457,10.464277744293213,1746054179.457,10.464277744293213,1746054179.457,10.464277744293213
1746054179.721,10.728440284729004,1746054179.721,10.728440284729004,1746054179.721,10.728440284729004,1746054179.721,10.728440284729004
1746054179.985,10.992676258087158,1746054179.985,10.992676258087158,1746054179.985,10.992676258087158,1746054179.985,10.992676258087158
1746054180.249,11.256359577178955,1746054180.249,11.256359577178955,1746054180.249,11.256359577178955,1746054180.249,11.256359577178955
1746054180.512,11.519964456558228,1746054180.512,11.519964456558228,1746054180.512,11.519964456558228,1746054180.512,11.519964456558228
1746054180.776,11.783797979354858,1746054180.776,11.783797979354858,1746054180.776,11.783797979354858,1746054180.776,11.783797979354858
1746054181.041,12.048276424407959,1746054181.041,12.048276424407959,1746054181.041,12.048276424407959,1746054181.041,12.048276424407959
1746054181.302,12.309951305389404,1746054181.302,12.309951305389404,1746054181.302,12.309951305389404,1746054181.302,12.309951305389404
1746054181.567,12.575021028518677,1746054181.567,12.575021028518677,1746054181.567,12.575021028518677,1746054181.567,12.575021028518677
1746054181.831,12.838623046875,1746054181.831,12.838623046875,1746054181.831,12.838623046875,1746054181.831,12.838623046875
1746054182.095,13.102675437927246,1746054182.095,13.102675437927246,1746054182.095,13.102675437927246,1746054182.095,13.102675437927246
1746054182.358,13.365403175354004,1746054182.358,13.365403175354004,1746054182.358,13.365403175354004,1746054182.358,13.365403175354004
1746054182.62,13.627424001693726,1746054182.62,13.627424001693726,1746054182.62,13.627424001693726,1746054182.62,13.627424001693726
1746054182.872,13.879536390304565,1746054182.872,13.879536390304565,1746054182.872,13.879536390304565,1746054182.872,13.879536390304565
1746054183.12,14.127767086029053,1746054183.12,14.127767086029053,1746054183.12,14.127767086029053,1746054183.12,14.127767086029053
1746054183.384,14.39146637916565,1746054183.384,14.39146637916565,1746054183.384,14.39146637916565,1746054183.384,14.39146637916565
1746054183.645,14.652503967285156,1746054183.645,14.652503967285156,1746054183.645,14.652503967285156,1746054183.645,14.652503967285156
1746054183.907,14.914474248886108,1746054183.907,14.914474248886108,1746054183.907,14.914474248886108,1746054183.907,14.914474248886108
1746054184.169,15.176251411437988,1746054184.169,15.176251411437988,1746054184.169,15.176251411437988,1746054184.169,15.176251411437988
1746054184.418,15.42585825920105,1746054184.418,15.42585825920105,1746054184.418,15.42585825920105,1746054184.418,15.42585825920105
1746054184.68,15.687472343444824,1746054184.68,15.687472343444824,1746054184.68,15.687472343444824,1746054184.68,15.687472343444824
1746054184.943,15.950423240661621,1746054184.943,15.950423240661621,1746054184.943,15.950423240661621,1746054184.943,15.950423240661621
1746054185.192,16.19974112510681,1746054185.192,16.19974112510681,1746054185.192,16.19974112510681,1746054185.192,16.19974112510681
1746054185.456,16.46348285675049,1746054185.456,16.46348285675049,1746054185.456,16.46348285675049,1746054185.456,16.46348285675049
1746054185.705,16.712347745895386,1746054185.705,16.712347745895386,1746054185.705,16.712347745895386,1746054185.705,16.712347745895386
1746054185.981,16.988481044769287,1746054185.981,16.988481044769287,1746054185.981,16.988481044769287,1746054185.981,16.988481044769287
1746054186.228,17.235158681869507,1746054186.228,17.235158681869507,1746054186.228,17.235158681869507,1746054186.228,17.235158681869507
1746054186.491,17.49904465675354,1746054186.491,17.49904465675354,1746054186.491,17.49904465675354,1746054186.491,17.49904465675354
1746054186.753,17.76111602783203,1746054186.753,17.76111602783203,1746054186.753,17.76111602783203,1746054186.753,17.76111602783203
1746054187.019,18.02676033973694,1746054187.019,18.02676033973694,1746054187.019,18.02676033973694,1746054187.019,18.02676033973694
1746054187.287,18.294573307037354,1746054187.287,18.294573307037354,1746054187.287,18.294573307037354,1746054187.287,18.294573307037354
1746054187.55,18.557894229888916,1746054187.55,18.557894229888916,1746054187.55,18.557894229888916,1746054187.55,18.557894229888916
1746054187.8,18.807510137557983,1746054187.8,18.807510137557983,1746054187.8,18.807510137557983,1746054187.8,18.807510137557983
1746054188.048,19.055943250656128,1746054188.048,19.055943250656128,1746054188.048,19.055943250656128,1746054188.048,19.055943250656128
1746054188.312,19.319276094436646,1746054188.312,19.319276094436646,1746054188.312,19.319276094436646,1746054188.312,19.319276094436646
1746054188.576,19.58352279663086,1746054188.576,19.58352279663086,1746054188.576,19.58352279663086,1746054188.576,19.58352279663086
1746054188.838,19.8456552028656,1746054188.838,19.8456552028656,1746054188.838,19.8456552028656,1746054188.838,19.8456552028656
1746054189.09,20.09772300720215,1746054189.09,20.09772300720215,1746054189.09,20.09772300720215,1746054189.09,20.09772300720215
1746054189.337,20.34430766105652,1746054189.337,20.34430766105652,1746054189.337,20.34430766105652,1746054189.337,20.34430766105652
1746054189.589,20.596401691436768,1746054189.589,20.596401691436768,1746054189.589,20.596401691436768,1746054189.589,20.596401691436768
1746054189.852,20.859797477722168,1746054189.852,20.859797477722168,1746054189.852,20.859797477722168,1746054189.852,20.859797477722168
1746054190.101,21.108713626861572,1746054190.101,21.108713626861572,1746054190.101,21.108713626861572,1746054190.101,21.108713626861572
1746054190.362,21.370057106018066,1746054190.362,21.370057106018066,1746054190.362,21.370057106018066,1746054190.362,21.370057106018066
1746054190.626,21.634039163589478,1746054190.626,21.634039163589478,1746054190.626,21.634039163589478,1746054190.626,21.634039163589478
1746054190.876,21.883503198623657,1746054190.876,21.883503198623657,1746054190.876,21.883503198623657,1746054190.876,21.883503198623657
1746054191.138,22.145317316055298,1746054191.138,22.145317316055298,1746054191.138,22.145317316055298,1746054191.138,22.145317316055298
1746054191.404,22.411316394805908,1746054191.404,22.411316394805908,1746054191.404,22.411316394805908,1746054191.404,22.411316394805908
1746054191.664,22.671281814575195,1746054191.664,22.671281814575195,1746054191.664,22.671281814575195,1746054191.664,22.671281814575195
1746054191.914,22.92136836051941,1746054191.914,22.92136836051941,1746054191.914,22.92136836051941,1746054191.914,22.92136836051941
1746054192.182,23.18952989578247,1746054192.182,23.18952989578247,1746054192.182,23.18952989578247,1746054192.182,23.18952989578247
1746054192.447,23.454719305038452,1746054192.447,23.454719305038452,1746054192.447,23.454719305038452,1746054192.447,23.454719305038452
1746054192.713,23.7202205657959,1746054192.713,23.7202205657959,1746054192.713,23.7202205657959,1746054192.713,23.7202205657959
1746054192.974,23.981395959854126,1746054192.974,23.981395959854126,1746054192.974,23.981395959854126,1746054192.974,23.981395959854126
1746054193.239,24.24622344970703,1746054193.239,24.24622344970703,1746054193.239,24.24622344970703,1746054193.239,24.24622344970703
1746054193.501,24.508974313735962,1746054193.501,24.508974313735962,1746054193.501,24.508974313735962,1746054193.501,24.508974313735962
1746054193.766,24.773447036743164,1746054193.766,24.773447036743164,1746054193.766,24.773447036743164,1746054193.766,24.773447036743164
1746054194.026,25.03390121459961,1746054194.026,25.03390121459961,1746054194.026,25.03390121459961,1746054194.026,25.03390121459961
1746054194.275,25.28245997428894,1746054194.275,25.28245997428894,1746054194.275,25.28245997428894,1746054194.275,25.28245997428894
1746054194.524,25.531766414642334,1746054194.524,25.531766414642334,1746054194.524,25.531766414642334,1746054194.524,25.531766414642334
1746054194.788,25.795900106430054,1746054194.788,25.795900106430054,1746054194.788,25.795900106430054,1746054194.788,25.795900106430054
1746054195.034,26.04158878326416,1746054195.034,26.04158878326416,1746054195.034,26.04158878326416,1746054195.034,26.04158878326416
1746054195.313,26.320188999176025,1746054195.313,26.320188999176025,1746054195.313,26.320188999176025,1746054195.313,26.320188999176025
1746054195.574,26.58201265335083,1746054195.574,26.58201265335083,1746054195.574,26.58201265335083,1746054195.574,26.58201265335083
1746054195.839,26.846791982650757,1746054195.839,26.846791982650757,1746054195.839,26.846791982650757,1746054195.839,26.846791982650757
1746054196.089,27.096755981445312,1746054196.089,27.096755981445312,1746054196.089,27.096755981445312,1746054196.089,27.096755981445312
1746054196.35,27.35803484916687,1746054196.35,27.35803484916687,1746054196.35,27.35803484916687,1746054196.35,27.35803484916687
1746054196.613,27.620578289031982,1746054196.613,27.620578289031982,1746054196.613,27.620578289031982,1746054196.613,27.620578289031982
1746054196.876,27.883800506591797,1746054196.876,27.883800506591797,1746054196.876,27.883800506591797,1746054196.876,27.883800506591797
1746054197.139,28.146204948425293,1746054197.139,28.146204948425293,1746054197.139,28.146204948425293,1746054197.139,28.146204948425293
1746054197.399,28.40621852874756,1746054197.399,28.40621852874756,1746054197.399,28.40621852874756,1746054197.399,28.40621852874756
1746054197.661,28.668772220611572,1746054197.661,28.668772220611572,1746054197.661,28.668772220611572,1746054197.661,28.668772220611572
1746054197.926,28.93332862854004,1746054197.926,28.93332862854004,1746054197.926,28.93332862854004,1746054197.926,28.93332862854004
1746054198.199,29.20646619796753,1746054198.199,29.20646619796753,1746054198.199,29.20646619796753,1746054198.199,29.20646619796753
1746054198.459,29.466439247131348,1746054198.459,29.466439247131348,1746054198.459,29.466439247131348,1746054198.459,29.466439247131348
1746054198.707,29.714641571044922,1746054198.707,29.714641571044922,1746054198.707,29.714641571044922,1746054198.707,29.714641571044922
1746054198.959,29.96616816520691,1746054198.959,29.96616816520691,1746054198.959,29.96616816520691,1746054198.959,29.96616816520691
1746054199.224,30.23182249069214,1746054199.224,30.23182249069214,1746054199.224,30.23182249069214,1746054199.224,30.23182249069214
1746054199.49,30.49713945388794,1746054199.49,30.49713945388794,1746054199.49,30.49713945388794,1746054199.49,30.49713945388794
1746054199.752,30.75998282432556,1746054199.752,30.75998282432556,1746054199.752,30.75998282432556,1746054199.752,30.75998282432556
1746054200.032,31.039135217666626,1746054200.032,31.039135217666626,1746054200.032,31.039135217666626,1746054200.032,31.039135217666626
1746054200.295,31.302318334579468,1746054200.295,31.302318334579468,1746054200.295,31.302318334579468,1746054200.295,31.302318334579468
1746054200.556,31.563992023468018,1746054200.556,31.563992023468018,1746054200.556,31.563992023468018,1746054200.556,31.563992023468018
1746054200.819,31.826756238937378,1746054200.819,31.826756238937378,1746054200.819,31.826756238937378,1746054200.819,31.826756238937378
1746054201.085,32.09256958961487,1746054201.085,32.09256958961487,1746054201.085,32.09256958961487,1746054201.085,32.09256958961487
1746054201.346,32.35401725769043,1746054201.346,32.35401725769043,1746054201.346,32.35401725769043,1746054201.346,32.35401725769043
1746054201.625,32.633018493652344,1746054201.625,32.633018493652344,1746054201.625,32.633018493652344,1746054201.625,32.633018493652344
1746054201.887,32.89454531669617,1746054201.887,32.89454531669617,1746054201.887,32.89454531669617,1746054201.887,32.89454531669617
1746054202.134,33.141897201538086,1746054202.134,33.141897201538086,1746054202.134,33.141897201538086,1746054202.134,33.141897201538086
1746054202.398,33.406118631362915,1746054202.398,33.406118631362915,1746054202.398,33.406118631362915,1746054202.398,33.406118631362915
1746054202.662,33.669185161590576,1746054202.662,33.669185161590576,1746054202.662,33.669185161590576,1746054202.662,33.669185161590576
1746054202.937,33.94454526901245,1746054202.937,33.94454526901245,1746054202.937,33.94454526901245,1746054202.937,33.94454526901245
1746054203.168,34.17544770240784,1746054203.168,34.17544770240784,1746054203.168,34.17544770240784,1746054203.168,34.17544770240784
1746054203.435,34.44229817390442,1746054203.435,34.44229817390442,1746054203.435,34.44229817390442,1746054203.435,34.44229817390442
1746054203.695,34.70264482498169,1746054203.695,34.70264482498169,1746054203.695,34.70264482498169,1746054203.695,34.70264482498169
1746054203.942,34.949543714523315,1746054203.942,34.949543714523315,1746054203.942,34.949543714523315,1746054203.942,34.949543714523315
1746054204.202,35.20988869667053,1746054204.202,35.20988869667053,1746054204.202,35.20988869667053,1746054204.202,35.20988869667053
1746054204.467,35.47417855262756,1746054204.467,35.47417855262756,1746054204.467,35.47417855262756,1746054204.467,35.47417855262756
1746054204.73,35.73796796798706,1746054204.73,35.73796796798706,1746054204.73,35.73796796798706,1746054204.73,35.73796796798706
1746054204.993,36.00037384033203,1746054204.993,36.00037384033203,1746054204.993,36.00037384033203,1746054204.993,36.00037384033203
1746054205.258,36.26532244682312,1746054205.258,36.26532244682312,1746054205.258,36.26532244682312,1746054205.258,36.26532244682312
1746054205.522,36.52980852127075,1746054205.522,36.52980852127075,1746054205.522,36.52980852127075,1746054205.522,36.52980852127075
1746054205.771,36.7787721157074,1746054205.771,36.7787721157074,1746054205.771,36.7787721157074,1746054205.771,36.7787721157074
1746054206.019,37.0262815952301,1746054206.019,37.0262815952301,1746054206.019,37.0262815952301,1746054206.019,37.0262815952301
1746054206.267,37.2747848033905,1746054206.267,37.2747848033905,1746054206.267,37.2747848033905,1746054206.267,37.2747848033905
1746054206.546,37.5539436340332,1746054206.546,37.5539436340332,1746054206.546,37.5539436340332,1746054206.546,37.5539436340332
1746054206.809,37.81651735305786,1746054206.809,37.81651735305786,1746054206.809,37.81651735305786,1746054206.809,37.81651735305786
1746054207.058,38.06528854370117,1746054207.058,38.06528854370117,1746054207.058,38.06528854370117,1746054207.058,38.06528854370117
1746054207.319,38.32645583152771,1746054207.319,38.32645583152771,1746054207.319,38.32645583152771,1746054207.319,38.32645583152771
1746054207.565,38.572665214538574,1746054207.565,38.572665214538574,1746054207.565,38.572665214538574,1746054207.565,38.572665214538574
1746054207.827,38.834227085113525,1746054207.827,38.834227085113525,1746054207.827,38.834227085113525,1746054207.827,38.834227085113525
1746054208.089,39.096346616744995,1746054208.089,39.096346616744995,1746054208.089,39.096346616744995,1746054208.089,39.096346616744995
1746054208.336,39.34385013580322,1746054208.336,39.34385013580322,1746054208.336,39.34385013580322,1746054208.336,39.34385013580322
1746054208.598,39.605969190597534,1746054208.598,39.605969190597534,1746054208.598,39.605969190597534,1746054208.598,39.605969190597534
1746054208.864,39.871989488601685,1746054208.864,39.871989488601685,1746054208.864,39.871989488601685,1746054208.864,39.871989488601685
1746054209.126,40.133991956710815,1746054209.126,40.133991956710815,1746054209.126,40.133991956710815,1746054209.126,40.133991956710815
1746054209.39,40.39800000190735,1746054209.39,40.39800000190735,1746054209.39,40.39800000190735,1746054209.39,40.39800000190735
1746054209.652,40.65996837615967,1746054209.652,40.65996837615967,1746054209.652,40.65996837615967,1746054209.652,40.65996837615967
1746054209.915,40.923001289367676,1746054209.915,40.923001289367676,1746054209.915,40.923001289367676,1746054209.915,40.923001289367676
1746054210.163,41.1709680557251,1746054210.163,41.1709680557251,1746054210.163,41.1709680557251,1746054210.163,41.1709680557251
1746054210.425,41.43299460411072,1746054210.425,41.43299460411072,1746054210.425,41.43299460411072,1746054210.425,41.43299460411072
1746054210.673,41.68096423149109,1746054210.673,41.68096423149109,1746054210.673,41.68096423149109,1746054210.673,41.68096423149109
1746054210.933,41.94100069999695,1746054210.933,41.94100069999695,1746054210.933,41.94100069999695,1746054210.933,41.94100069999695
1746054211.167,42.174882650375366,1746054211.167,42.174882650375366,1746054211.167,42.174882650375366,1746054211.167,42.174882650375366
1746054211.429,42.436574935913086,1746054211.429,42.436574935913086,1746054211.429,42.436574935913086,1746054211.429,42.436574935913086
1746054211.694,42.70146036148071,1746054211.694,42.70146036148071,1746054211.694,42.70146036148071,1746054211.694,42.70146036148071
1746054211.959,42.96687722206116,1746054211.959,42.96687722206116,1746054211.959,42.96687722206116,1746054211.959,42.96687722206116
1746054212.21,43.21734285354614,1746054212.21,43.21734285354614,1746054212.21,43.21734285354614,1746054212.21,43.21734285354614
1746054212.455,43.46282458305359,1746054212.455,43.46282458305359,1746054212.455,43.46282458305359,1746054212.455,43.46282458305359
1746054212.732,43.739617347717285,1746054212.732,43.739617347717285,1746054212.732,43.739617347717285,1746054212.732,43.739617347717285
1746054212.992,43.99919414520264,1746054212.992,43.99919414520264,1746054212.992,43.99919414520264,1746054212.992,43.99919414520264
1746054213.254,44.26126503944397,1746054213.254,44.26126503944397,1746054213.254,44.26126503944397,1746054213.254,44.26126503944397
1746054213.516,44.524115324020386,1746054213.516,44.524115324020386,1746054213.516,44.524115324020386,1746054213.516,44.524115324020386
1746054213.778,44.78579640388489,1746054213.778,44.78579640388489,1746054213.778,44.78579640388489,1746054213.778,44.78579640388489
1746054214.039,45.04696488380432,1746054214.039,45.04696488380432,1746054214.039,45.04696488380432,1746054214.039,45.04696488380432
1746054214.305,45.31233358383179,1746054214.305,45.31233358383179,1746054214.305,45.31233358383179,1746054214.305,45.31233358383179
1746054214.565,45.572293519973755,1746054214.565,45.572293519973755,1746054214.565,45.572293519973755,1746054214.565,45.572293519973755
1746054214.844,45.85114598274231,1746054214.844,45.85114598274231,1746054214.844,45.85114598274231,1746054214.844,45.85114598274231
1746054215.092,46.09980893135071,1746054215.092,46.09980893135071,1746054215.092,46.09980893135071,1746054215.092,46.09980893135071
1746054215.357,46.3645122051239,1746054215.357,46.3645122051239,1746054215.357,46.3645122051239,1746054215.357,46.3645122051239
1746054215.622,46.62972617149353,1746054215.622,46.62972617149353,1746054215.622,46.62972617149353,1746054215.622,46.62972617149353
1746054215.884,46.89161562919617,1746054215.884,46.89161562919617,1746054215.884,46.89161562919617,1746054215.884,46.89161562919617
1746054216.146,47.15320611000061,1746054216.146,47.15320611000061,1746054216.146,47.15320611000061,1746054216.146,47.15320611000061
1746054216.408,47.41562819480896,1746054216.408,47.41562819480896,1746054216.408,47.41562819480896,1746054216.408,47.41562819480896
1746054216.672,47.67996954917908,1746054216.672,47.67996954917908,1746054216.672,47.67996954917908,1746054216.672,47.67996954917908
1746054216.937,47.94424891471863,1746054216.937,47.94424891471863,1746054216.937,47.94424891471863,1746054216.937,47.94424891471863
1746054217.185,48.19237184524536,1746054217.185,48.19237184524536,1746054217.185,48.19237184524536,1746054217.185,48.19237184524536
1746054217.448,48.45520544052124,1746054217.448,48.45520544052124,1746054217.448,48.45520544052124,1746054217.448,48.45520544052124
1746054217.697,48.70453953742981,1746054217.697,48.70453953742981,1746054217.697,48.70453953742981,1746054217.697,48.70453953742981
1746054217.946,48.9533326625824,1746054217.946,48.9533326625824,1746054217.946,48.9533326625824,1746054217.946,48.9533326625824
1746054218.208,49.216100215911865,1746054218.208,49.216100215911865,1746054218.208,49.216100215911865,1746054218.208,49.216100215911865
1746054218.456,49.463449001312256,1746054218.456,49.463449001312256,1746054218.456,49.463449001312256,1746054218.456,49.463449001312256
1746054218.719,49.72659397125244,1746054218.719,49.72659397125244,1746054218.719,49.72659397125244,1746054218.719,49.72659397125244
1746054218.982,49.98992705345154,1746054218.982,49.98992705345154,1746054218.982,49.98992705345154,1746054218.982,49.98992705345154
1746054219.219,50.226194858551025,1746054219.219,50.226194858551025,1746054219.219,50.226194858551025,1746054219.219,50.226194858551025
1746054219.478,50.48596429824829,1746054219.478,50.48596429824829,1746054219.478,50.48596429824829,1746054219.478,50.48596429824829
1746054219.727,50.734846115112305,1746054219.727,50.734846115112305,1746054219.727,50.734846115112305,1746054219.727,50.734846115112305
1746054219.991,50.998687982559204,1746054219.991,50.998687982559204,1746054219.991,50.998687982559204,1746054219.991,50.998687982559204
1746054220.264,51.27188420295715,1746054220.264,51.27188420295715,1746054220.264,51.27188420295715,1746054220.264,51.27188420295715
1746054220.525,51.53227114677429,1746054220.525,51.53227114677429,1746054220.525,51.53227114677429,1746054220.525,51.53227114677429
1746054220.786,51.793193340301514,1746054220.786,51.793193340301514,1746054220.786,51.793193340301514,1746054220.786,51.793193340301514
1746054221.06,52.067718744277954,1746054221.06,52.067718744277954,1746054221.06,52.067718744277954,1746054221.06,52.067718744277954
1746054221.306,52.313952922821045,1746054221.306,52.313952922821045,1746054221.306,52.313952922821045,1746054221.306,52.313952922821045
1746054221.57,52.57774209976196,1746054221.57,52.57774209976196,1746054221.57,52.57774209976196,1746054221.57,52.57774209976196
1746054221.82,52.82791781425476,1746054221.82,52.82791781425476,1746054221.82,52.82791781425476,1746054221.82,52.82791781425476
1746054222.069,53.07642126083374,1746054222.069,53.07642126083374,1746054222.069,53.07642126083374,1746054222.069,53.07642126083374
1746054222.333,53.34075045585632,1746054222.333,53.34081697463989,1746054222.333,53.34081697463989,1746054222.333,53.34081697463989
1746054222.58,53.58797907829285,1746054222.58,53.58797907829285,1746054222.58,53.58797907829285,1746054222.58,53.58797907829285
1746054222.857,53.864988803863525,1746054222.857,53.864988803863525,1746054222.857,53.864988803863525,1746054222.857,53.864988803863525
1746054223.123,54.130512952804565,1746054223.123,54.130512952804565,1746054223.123,54.130512952804565,1746054223.123,54.130512952804565
1746054223.368,54.37551307678223,1746054223.368,54.37551307678223,1746054223.368,54.37551307678223,1746054223.368,54.37551307678223
1746054223.618,54.62551474571228,1746054223.618,54.62551474571228,1746054223.618,54.62551474571228,1746054223.618,54.62551474571228
1746054223.882,54.889334201812744,1746054223.882,54.889334201812744,1746054223.882,54.889334201812744,1746054223.882,54.889334201812744
1746054224.132,55.139334201812744,1746054224.132,55.139334201812744,1746054224.132,55.139334201812744,1746054224.132,55.139334201812744
1746054224.395,55.402334213256836,1746054224.395,55.402334213256836,1746054224.395,55.402334213256836,1746054224.395,55.402334213256836
1746054224.656,55.66365361213684,1746054224.656,55.66365361213684,1746054224.656,55.66365361213684,1746054224.656,55.66365361213684
1746054224.903,55.9107985496521,1746054224.903,55.9107985496521,1746054224.903,55.9107985496521,1746054224.903,55.9107985496521
1746054225.166,56.173529863357544,1746054225.166,56.173529863357544,1746054225.166,56.173529863357544,1746054225.166,56.173529863357544
1746054225.414,56.421765089035034,1746054225.414,56.421765089035034,1746054225.414,56.421765089035034,1746054225.414,56.421765089035034
1746054225.68,56.68743944168091,1746054225.68,56.68743944168091,1746054225.68,56.68743944168091,1746054225.68,56.68743944168091
1746054225.927,56.93475699424744,1746054225.927,56.93475699424744,1746054225.927,56.93475699424744,1746054225.927,56.93475699424744
1746054226.177,57.185006618499756,1746054226.177,57.185006618499756,1746054226.177,57.185006618499756,1746054226.177,57.185006618499756
1746054226.437,57.44484877586365,1746054226.437,57.44484877586365,1746054226.437,57.44484877586365,1746054226.437,57.44484877586365
1746054226.7,57.7073974609375,1746054226.7,57.7073974609375,1746054226.7,57.7073974609375,1746054226.7,57.7073974609375
1746054226.96,57.967541217803955,1746054226.96,57.967541217803955,1746054226.96,57.967541217803955,1746054226.96,57.967541217803955
1746054227.21,58.21738910675049,1746054227.21,58.21738910675049,1746054227.21,58.21738910675049,1746054227.21,58.21738910675049
1746054227.458,58.46520018577576,1746054227.458,58.46520018577576,1746054227.458,58.46520018577576,1746054227.458,58.46520018577576
1746054227.721,58.72857856750488,1746054227.721,58.72857856750488,1746054227.721,58.72857856750488,1746054227.721,58.72857856750488
1746054227.985,58.992392778396606,1746054227.985,58.992392778396606,1746054227.985,58.992392778396606,1746054227.985,58.992392778396606
1746054228.231,59.23905682563782,1746054228.231,59.23905682563782,1746054228.231,59.23905682563782,1746054228.231,59.23905682563782
1746054228.478,59.48555660247803,1746054228.478,59.48555660247803,1746054228.478,59.48555660247803,1746054228.478,59.48555660247803
1746054228.727,59.73454165458679,1746054228.727,59.73454165458679,1746054228.727,59.73454165458679,1746054228.727,59.73454165458679
1746054228.99,59.99774718284607,1746054228.99,59.99774718284607,1746054228.99,59.99774718284607,1746054228.99,59.99774718284607
1746054229.239,60.24670696258545,1746054229.239,60.24670696258545,1746054229.239,60.24670696258545,1746054229.239,60.24670696258545
1746054229.503,60.51075053215027,1746054229.503,60.51075053215027,1746054229.503,60.51075053215027,1746054229.503,60.51075053215027
1746054229.76,60.767542600631714,1746054229.76,60.767542600631714,1746054229.76,60.767542600631714,1746054229.76,60.767542600631714
1746054230.025,61.03237748146057,1746054230.025,61.03237748146057,1746054230.025,61.03237748146057,1746054230.025,61.03237748146057
1746054230.27,61.27796649932861,1746054230.27,61.27796649932861,1746054230.27,61.27796649932861,1746054230.27,61.27796649932861
1746054230.547,61.55445432662964,1746054230.547,61.55445432662964,1746054230.547,61.55445432662964,1746054230.547,61.55445432662964
1746054230.811,61.81904458999634,1746054230.811,61.81904458999634,1746054230.811,61.81904458999634,1746054230.811,61.81904458999634
1746054231.074,62.08180093765259,1746054231.074,62.08180093765259,1746054231.074,62.08180093765259,1746054231.074,62.08180093765259
1746054231.338,62.34576463699341,1746054231.338,62.34576463699341,1746054231.338,62.34576463699341,1746054231.338,62.34576463699341
1746054231.601,62.609002113342285,1746054231.601,62.609002113342285,1746054231.601,62.609002113342285,1746054231.601,62.609002113342285
1746054231.862,62.86933493614197,1746054231.862,62.86933493614197,1746054231.862,62.86933493614197,1746054231.862,62.86933493614197
1746054232.128,63.13533139228821,1746054232.128,63.13533139228821,1746054232.128,63.13533139228821,1746054232.128,63.13533139228821
1746054232.403,63.41107201576233,1746054232.403,63.41107201576233,1746054232.403,63.41107201576233,1746054232.403,63.41107201576233
1746054232.667,63.67438220977783,1746054232.667,63.67438220977783,1746054232.667,63.67438220977783,1746054232.667,63.67438220977783
1746054232.927,63.934919595718384,1746054232.927,63.934919595718384,1746054232.927,63.934919595718384,1746054232.927,63.934919595718384
1746054233.189,64.19711923599243,1746054233.189,64.19711923599243,1746054233.189,64.19711923599243,1746054233.189,64.19711923599243
1746054233.456,64.46334862709045,1746054233.456,64.46334862709045,1746054233.456,64.46334862709045,1746054233.456,64.46334862709045
1746054233.719,64.72642636299133,1746054233.719,64.72642636299133,1746054233.719,64.72642636299133,1746054233.719,64.72642636299133
1746054233.982,64.98945236206055,1746054233.982,64.98945236206055,1746054233.982,64.98945236206055,1746054233.982,64.98945236206055
1746054234.244,65.25141048431396,1746054234.244,65.25141048431396,1746054234.244,65.25141048431396,1746054234.244,65.25141048431396
1746054234.508,65.51532363891602,1746054234.508,65.51532363891602,1746054234.508,65.51532363891602,1746054234.508,65.51532363891602
1746054234.771,65.77819490432739,1746054234.771,65.77819490432739,1746054234.771,65.77819490432739,1746054234.771,65.77819490432739
1746054235.035,66.042733669281,1746054235.035,66.042733669281,1746054235.035,66.042733669281,1746054235.035,66.042733669281
1746054235.297,66.30436086654663,1746054235.297,66.30436086654663,1746054235.297,66.30436086654663,1746054235.297,66.30436086654663
1746054235.561,66.56906747817993,1746054235.561,66.56906747817993,1746054235.561,66.56906747817993,1746054235.561,66.56906747817993
1746054235.827,66.8342957496643,1746054235.827,66.8342957496643,1746054235.827,66.8342957496643,1746054235.827,66.8342957496643
1746054236.089,67.09693026542664,1746054236.089,67.09693026542664,1746054236.089,67.09693026542664,1746054236.089,67.09693026542664
1746054236.352,67.35996675491333,1746054236.352,67.35996675491333,1746054236.352,67.35996675491333,1746054236.352,67.35996675491333
1746054236.616,67.62379503250122,1746054236.616,67.62379503250122,1746054236.616,67.62379503250122,1746054236.616,67.62379503250122
1746054236.88,67.88796758651733,1746054236.88,67.88796758651733,1746054236.88,67.88796758651733,1746054236.88,67.88796758651733
1746054237.142,68.1499662399292,1746054237.142,68.1499662399292,1746054237.142,68.1499662399292,1746054237.142,68.1499662399292
1746054237.421,68.42835760116577,1746054237.421,68.42835760116577,1746054237.421,68.42835760116577,1746054237.421,68.42835760116577
1746054237.668,68.67547273635864,1746054237.668,68.67547273635864,1746054237.668,68.67547273635864,1746054237.668,68.67547273635864
1746054237.93,68.93745160102844,1746054237.93,68.93745160102844,1746054237.93,68.93745160102844,1746054237.93,68.93745160102844
1746054238.192,69.20006060600281,1746054238.192,69.20006060600281,1746054238.192,69.20006060600281,1746054238.192,69.20006060600281
1746054238.456,69.4635078907013,1746054238.456,69.4635078907013,1746054238.456,69.4635078907013,1746054238.456,69.4635078907013
1746054238.72,69.72746133804321,1746054238.72,69.72746133804321,1746054238.72,69.72746133804321,1746054238.72,69.72746133804321
1746054238.968,69.97588348388672,1746054238.968,69.97588348388672,1746054238.968,69.97588348388672,1746054238.968,69.97588348388672
1746054239.232,70.2396354675293,1746054239.232,70.2396354675293,1746054239.232,70.2396354675293,1746054239.232,70.2396354675293
1746054239.495,70.50227308273315,1746054239.495,70.50227308273315,1746054239.495,70.50227308273315,1746054239.495,70.50227308273315
1746054239.762,70.76976466178894,1746054239.762,70.76976466178894,1746054239.762,70.76976466178894,1746054239.762,70.76976466178894
1746054240.022,71.02985620498657,1746054240.022,71.02985620498657,1746054240.022,71.02985620498657,1746054240.022,71.02985620498657
1746054240.268,71.27585554122925,1746054240.268,71.27585554122925,1746054240.268,71.27585554122925,1746054240.268,71.27585554122925
1746054240.516,71.5238561630249,1746054240.516,71.5238561630249,1746054240.516,71.5238561630249,1746054240.516,71.5238561630249
1746054240.765,71.77285599708557,1746054240.765,71.77285599708557,1746054240.765,71.77285599708557,1746054240.765,71.77285599708557
1746054241.031,72.0388572216034,1746054241.031,72.0388572216034,1746054241.031,72.0388572216034,1746054241.031,72.0388572216034
1746054241.279,72.286856174469,1746054241.279,72.286856174469,1746054241.279,72.286856174469,1746054241.279,72.286856174469
1746054241.513,72.52085709571838,1746054241.513,72.52085709571838,1746054241.513,72.52085709571838,1746054241.513,72.52085709571838
1746054241.777,72.78489708900452,1746054241.777,72.78489708900452,1746054241.777,72.78489708900452,1746054241.777,72.78489708900452
1746054242.025,73.03289270401001,1746054242.025,73.03289270401001,1746054242.025,73.03289270401001,1746054242.025,73.03289270401001
1746054242.278,73.2852520942688,1746054242.278,73.2852520942688,1746054242.278,73.2852520942688,1746054242.278,73.2852520942688
1746054242.527,73.53503513336182,1746054242.527,73.53503513336182,1746054242.527,73.53503513336182,1746054242.527,73.53503513336182
1746054242.773,73.7807388305664,1746054242.773,73.7807388305664,1746054242.773,73.7807388305664,1746054242.773,73.7807388305664
1746054243.036,74.04387187957764,1746054243.036,74.04387187957764,1746054243.036,74.04387187957764,1746054243.036,74.04387187957764
1746054243.312,74.31979751586914,1746054243.312,74.31979751586914,1746054243.312,74.31979751586914,1746054243.312,74.31979751586914
1746054243.57,74.57799339294434,1746054243.57,74.57799339294434,1746054243.57,74.57799339294434,1746054243.57,74.57799339294434
1746054243.831,74.83860278129578,1746054243.831,74.83860278129578,1746054243.831,74.83860278129578,1746054243.831,74.83860278129578
1746054244.106,75.11333274841309,1746054244.106,75.11333274841309,1746054244.106,75.11333274841309,1746054244.106,75.11333274841309
1746054244.369,75.37614440917969,1746054244.369,75.37614440917969,1746054244.369,75.37614440917969,1746054244.369,75.37614440917969
1746054244.618,75.62569093704224,1746054244.618,75.62569093704224,1746054244.618,75.62569093704224,1746054244.618,75.62569093704224
1746054244.882,75.88991355895996,1746054244.882,75.88991355895996,1746054244.882,75.88991355895996,1746054244.882,75.88991355895996
1746054245.148,76.1552484035492,1746054245.148,76.1552484035492,1746054245.148,76.1552484035492,1746054245.148,76.1552484035492
1746054245.395,76.40296721458435,1746054245.395,76.40296721458435,1746054245.395,76.40296721458435,1746054245.395,76.40296721458435
1746054245.659,76.66646480560303,1746054245.659,76.66646480560303,1746054245.659,76.66646480560303,1746054245.659,76.66646480560303
1746054245.909,76.91624736785889,1746054245.909,76.91624736785889,1746054245.909,76.91624736785889,1746054245.909,76.91624736785889
1746054246.188,77.19565057754517,1746054246.188,77.19565057754517,1746054246.188,77.19565057754517,1746054246.188,77.19565057754517
1746054246.436,77.44312572479248,1746054246.436,77.44312572479248,1746054246.436,77.44312572479248,1746054246.436,77.44312572479248
1746054246.699,77.7064139842987,1746054246.699,77.7064139842987,1746054246.699,77.7064139842987,1746054246.699,77.7064139842987
1746054246.961,77.96834111213684,1746054246.961,77.96834111213684,1746054246.961,77.96834111213684,1746054246.961,77.96834111213684
1746054247.225,78.23228716850281,1746054247.225,78.23228716850281,1746054247.225,78.23228716850281,1746054247.225,78.23228716850281
1746054247.46,78.46724581718445,1746054247.46,78.46724581718445,1746054247.46,78.46724581718445,1746054247.46,78.46724581718445
1746054247.718,78.72561573982239,1746054247.718,78.72561573982239,1746054247.718,78.72561573982239,1746054247.718,78.72561573982239
1746054247.984,78.9913079738617,1746054247.984,78.9913079738617,1746054247.984,78.9913079738617,1746054247.984,78.9913079738617
1746054248.23,79.23713946342468,1746054248.23,79.23713946342468,1746054248.23,79.23713946342468,1746054248.23,79.23713946342468
1746054248.465,79.47214794158936,1746054248.465,79.47214794158936,1746054248.465,79.47214794158936,1746054248.465,79.47214794158936
1746054248.712,79.71914029121399,1746054248.712,79.71914029121399,1746054248.712,79.71914029121399,1746054248.712,79.71914029121399
1746054248.962,79.96914839744568,1746054248.962,79.96914839744568,1746054248.962,79.96914839744568,1746054248.962,79.96914839744568
1746054249.207,80.21459817886353,1746054249.207,80.21459817886353,1746054249.207,80.21459817886353,1746054249.207,80.21459817886353
1746054249.457,80.46511697769165,1746054249.457,80.46511697769165,1746054249.457,80.46511697769165,1746054249.457,80.46511697769165
1746054249.73,80.7371473312378,1746054249.73,80.7371473312378,1746054249.73,80.7371473312378,1746054249.73,80.7371473312378
