timestamp,time,timestamp6,time2,timestamp2,time3,timestamp3,time9
1746055190.352,0.05200910568237305,1746055190.352,0.05200910568237305,1746055190.352,0.05200910568237305,1746055190.352,0.05200910568237305
1746055190.588,0.28799962997436523,1746055190.588,0.28799962997436523,1746055190.588,0.28799962997436523,1746055190.588,0.28799962997436523
1746055190.853,0.5530002117156982,1746055190.853,0.5530002117156982,1746055190.853,0.5530002117156982,1746055190.853,0.5530002117156982
1746055191.116,0.8158328533172607,1746055191.116,0.8158328533172607,1746055191.116,0.8158328533172607,1746055191.116,0.8158328533172607
1746055191.39,1.089831829071045,1746055191.39,1.089831829071045,1746055191.39,1.089831829071045,1746055191.39,1.089831829071045
1746055191.653,1.3528320789337158,1746055191.653,1.3528320789337158,1746055191.653,1.3528320789337158,1746055191.653,1.3528320789337158
1746055191.901,1.600832462310791,1746055191.901,1.600832462310791,1746055191.901,1.600832462310791,1746055191.901,1.600832462310791
1746055192.142,1.8418335914611816,1746055192.142,1.8418335914611816,1746055192.142,1.8418335914611816,1746055192.142,1.8418335914611816
1746055192.396,2.0958988666534424,1746055192.396,2.0958988666534424,1746055192.396,2.0958988666534424,1746055192.396,2.0958988666534424
1746055192.645,2.3451528549194336,1746055192.645,2.3451528549194336,1746055192.645,2.3451528549194336,1746055192.645,2.3451528549194336
1746055192.894,2.5939157009124756,1746055192.894,2.5939157009124756,1746055192.894,2.5939157009124756,1746055192.894,2.5939157009124756
1746055193.159,2.8588361740112305,1746055193.159,2.8588361740112305,1746055193.159,2.8588361740112305,1746055193.159,2.8588361740112305
1746055193.437,3.137261390686035,1746055193.437,3.137261390686035,1746055193.437,3.137261390686035,1746055193.437,3.137261390686035
1746055193.701,3.4009597301483154,1746055193.701,3.4009597301483154,1746055193.701,3.4009597301483154,1746055193.701,3.4009597301483154
1746055193.964,3.6638123989105225,1746055193.964,3.6638123989105225,1746055193.964,3.6638123989105225,1746055193.964,3.6638123989105225
1746055194.215,3.9148337841033936,1746055194.215,3.9148337841033936,1746055194.215,3.9148337841033936,1746055194.215,3.9148337841033936
1746055194.462,4.161750078201294,1746055194.462,4.161750078201294,1746055194.462,4.161750078201294,1746055194.462,4.161750078201294
1746055194.723,4.423316240310669,1746055194.723,4.423316240310669,1746055194.723,4.423316240310669,1746055194.723,4.423316240310669
1746055194.988,4.688020944595337,1746055194.988,4.688020944595337,1746055194.988,4.688020944595337,1746055194.988,4.688020944595337
1746055195.254,4.95353889465332,1746055195.254,4.95353889465332,1746055195.254,4.95353889465332,1746055195.254,4.95353889465332
1746055195.53,5.229888200759888,1746055195.53,5.229888200759888,1746055195.53,5.229888200759888,1746055195.53,5.229888200759888
1746055195.794,5.494294166564941,1746055195.794,5.494294166564941,1746055195.794,5.494294166564941,1746055195.794,5.494294166564941
1746055196.057,5.7569122314453125,1746055196.057,5.7569122314453125,1746055196.057,5.7569122314453125,1746055196.057,5.7569122314453125
1746055196.319,6.019202709197998,1746055196.319,6.019202709197998,1746055196.319,6.019202709197998,1746055196.319,6.019202709197998
1746055196.584,6.283367395401001,1746055196.584,6.283367395401001,1746055196.584,6.283367395401001,1746055196.584,6.283367395401001
1746055196.848,6.548104763031006,1746055196.848,6.548104763031006,1746055196.848,6.548104763031006,1746055196.848,6.548104763031006
1746055197.11,6.810225009918213,1746055197.11,6.810225009918213,1746055197.11,6.810225009918213,1746055197.11,6.810225009918213
1746055197.376,7.075522422790527,1746055197.376,7.075522422790527,1746055197.376,7.075522422790527,1746055197.376,7.075522422790527
1746055197.622,7.322318077087402,1746055197.622,7.322318077087402,1746055197.622,7.322318077087402,1746055197.622,7.322318077087402
1746055197.886,7.586029291152954,1746055197.886,7.586029291152954,1746055197.886,7.586029291152954,1746055197.886,7.586029291152954
1746055198.148,7.848254203796387,1746055198.148,7.848254203796387,1746055198.148,7.848254203796387,1746055198.148,7.848254203796387
1746055198.394,8.093401908874512,1746055198.394,8.093401908874512,1746055198.394,8.093401908874512,1746055198.394,8.093401908874512
1746055198.67,8.369544506072998,1746055198.67,8.369544506072998,1746055198.67,8.369544506072998,1746055198.67,8.369544506072998
1746055198.917,8.61702585220337,1746055198.917,8.61702585220337,1746055198.917,8.61702585220337,1746055198.917,8.61702585220337
1746055199.179,8.878459215164185,1746055199.179,8.878459215164185,1746055199.179,8.878459215164185,1746055199.179,8.878459215164185
1746055199.427,9.127304553985596,1746055199.427,9.127304553985596,1746055199.427,9.127304553985596,1746055199.427,9.127304553985596
1746055199.675,9.374516725540161,1746055199.675,9.374516725540161,1746055199.675,9.374516725540161,1746055199.675,9.374516725540161
1746055199.953,9.65235710144043,1746055199.953,9.65235710144043,1746055199.953,9.65235710144043,1746055199.953,9.65235710144043
1746055200.216,9.91605806350708,1746055200.216,9.91605806350708,1746055200.216,9.91605806350708,1746055200.216,9.91605806350708
1746055200.48,10.179333686828613,1746055200.48,10.179333686828613,1746055200.48,10.179333686828613,1746055200.48,10.179333686828613
1746055200.742,10.442269802093506,1746055200.742,10.442269802093506,1746055200.742,10.442269802093506,1746055200.742,10.442269802093506
1746055201.008,10.708241939544678,1746055201.008,10.708241939544678,1746055201.008,10.708241939544678,1746055201.008,10.708241939544678
1746055201.262,10.961946725845337,1746055201.262,10.961946725845337,1746055201.262,10.961946725845337,1746055201.262,10.961946725845337
1746055201.518,11.217633962631226,1746055201.518,11.217633962631226,1746055201.518,11.217633962631226,1746055201.518,11.217633962631226
1746055201.784,11.483505487442017,1746055201.784,11.483505487442017,1746055201.784,11.483505487442017,1746055201.784,11.483505487442017
1746055202.058,11.758243560791016,1746055202.058,11.758243560791016,1746055202.058,11.758243560791016,1746055202.058,11.758243560791016
1746055202.319,12.019105195999146,1746055202.319,12.019105195999146,1746055202.319,12.019105195999146,1746055202.319,12.019105195999146
1746055202.58,12.279481172561646,1746055202.58,12.279481172561646,1746055202.58,12.279481172561646,1746055202.58,12.279481172561646
1746055202.859,12.559120655059814,1746055202.859,12.559120655059814,1746055202.859,12.559120655059814,1746055202.859,12.559120655059814
1746055203.107,12.807122468948364,1746055203.107,12.807122468948364,1746055203.107,12.807122468948364,1746055203.107,12.807122468948364
1746055203.369,13.068816184997559,1746055203.369,13.068816184997559,1746055203.369,13.068816184997559,1746055203.369,13.068816184997559
1746055203.63,13.330168724060059,1746055203.63,13.330168724060059,1746055203.63,13.330168724060059,1746055203.63,13.330168724060059
1746055203.895,13.595225095748901,1746055203.895,13.595225095748901,1746055203.895,13.595225095748901,1746055203.895,13.595225095748901
1746055204.144,13.843374967575073,1746055204.144,13.843374967575073,1746055204.144,13.843374967575073,1746055204.144,13.843374967575073
1746055204.405,14.105183124542236,1746055204.405,14.105183124542236,1746055204.405,14.105183124542236,1746055204.405,14.105183124542236
1746055204.655,14.354506969451904,1746055204.655,14.354506969451904,1746055204.655,14.354506969451904,1746055204.655,14.354506969451904
1746055204.918,14.617961168289185,1746055204.918,14.617961168289185,1746055204.918,14.617961168289185,1746055204.918,14.617961168289185
1746055205.183,14.88301396369934,1746055205.183,14.88301396369934,1746055205.183,14.88301396369934,1746055205.183,14.88301396369934
1746055205.445,15.144948482513428,1746055205.445,15.144948482513428,1746055205.445,15.144948482513428,1746055205.445,15.144948482513428
1746055205.708,15.407407760620117,1746055205.708,15.407407760620117,1746055205.708,15.407407760620117,1746055205.708,15.407407760620117
1746055205.971,15.670453310012817,1746055205.971,15.670453310012817,1746055205.971,15.670453310012817,1746055205.971,15.670453310012817
1746055206.25,15.949481964111328,1746055206.25,15.949481964111328,1746055206.25,15.949481964111328,1746055206.25,15.949481964111328
1746055206.513,16.212890625,1746055206.513,16.212890625,1746055206.513,16.212890625,1746055206.513,16.212890625
1746055206.777,16.477095127105713,1746055206.777,16.477095127105713,1746055206.777,16.477095127105713,1746055206.777,16.477095127105713
1746055207.023,16.722548723220825,1746055207.023,16.722548723220825,1746055207.023,16.722548723220825,1746055207.023,16.722548723220825
1746055207.274,16.97353482246399,1746055207.274,16.97353482246399,1746055207.274,16.97353482246399,1746055207.274,16.97353482246399
1746055207.524,17.22371554374695,1746055207.524,17.22371554374695,1746055207.524,17.22371554374695,1746055207.524,17.22371554374695
1746055207.771,17.4708411693573,1746055207.771,17.4708411693573,1746055207.771,17.4708411693573,1746055207.771,17.4708411693573
1746055208.021,17.720502138137817,1746055208.021,17.720502138137817,1746055208.021,17.720502138137817,1746055208.021,17.720502138137817
1746055208.269,17.96868371963501,1746055208.269,17.96868371963501,1746055208.269,17.96868371963501,1746055208.269,17.96868371963501
1746055208.529,18.229199647903442,1746055208.529,18.229199647903442,1746055208.529,18.229199647903442,1746055208.529,18.229199647903442
1746055208.776,18.476060152053833,1746055208.776,18.476060152053833,1746055208.776,18.476060152053833,1746055208.776,18.476060152053833
1746055209.04,18.7398898601532,1746055209.04,18.7398898601532,1746055209.04,18.7398898601532,1746055209.04,18.7398898601532
1746055209.309,19.008466720581055,1746055209.309,19.008466720581055,1746055209.309,19.008466720581055,1746055209.309,19.008466720581055
1746055209.57,19.270195245742798,1746055209.57,19.270195245742798,1746055209.57,19.270195245742798,1746055209.57,19.270195245742798
1746055209.836,19.535770416259766,1746055209.836,19.535770416259766,1746055209.836,19.535770416259766,1746055209.836,19.535770416259766
1746055210.097,19.796769618988037,1746055210.097,19.796769618988037,1746055210.097,19.796769618988037,1746055210.097,19.796769618988037
1746055210.334,20.033807516098022,1746055210.334,20.033807516098022,1746055210.334,20.033807516098022,1746055210.334,20.033807516098022
1746055210.596,20.296180963516235,1746055210.596,20.296180963516235,1746055210.596,20.296180963516235,1746055210.596,20.296180963516235
1746055210.857,20.557173490524292,1746055210.857,20.557173490524292,1746055210.857,20.557173490524292,1746055210.857,20.557173490524292
1746055211.107,20.80718183517456,1746055211.107,20.80718183517456,1746055211.107,20.80718183517456,1746055211.107,20.80718183517456
1746055211.337,21.037092447280884,1746055211.337,21.037092447280884,1746055211.337,21.037092447280884,1746055211.337,21.037092447280884
1746055211.598,21.29809832572937,1746055211.598,21.29809832572937,1746055211.598,21.29809832572937,1746055211.598,21.29809832572937
1746055211.847,21.546774864196777,1746055211.847,21.546774864196777,1746055211.847,21.546774864196777,1746055211.847,21.546774864196777
1746055212.11,21.809840440750122,1746055212.11,21.809840440750122,1746055212.11,21.809840440750122,1746055212.11,21.809840440750122
1746055212.341,22.040602922439575,1746055212.341,22.040602922439575,1746055212.341,22.040602922439575,1746055212.341,22.040602922439575
1746055212.604,22.303948879241943,1746055212.604,22.303948879241943,1746055212.604,22.303948879241943,1746055212.604,22.303948879241943
1746055212.869,22.568758487701416,1746055212.869,22.568758487701416,1746055212.869,22.568758487701416,1746055212.869,22.568758487701416
1746055213.116,22.815632581710815,1746055213.116,22.815632581710815,1746055213.116,22.815632581710815,1746055213.116,22.815632581710815
1746055213.379,23.079005479812622,1746055213.379,23.079005479812622,1746055213.379,23.079005479812622,1746055213.379,23.079005479812622
1746055213.629,23.328804969787598,1746055213.629,23.328804969787598,1746055213.629,23.328804969787598,1746055213.629,23.328804969787598
1746055213.895,23.594423532485962,1746055213.895,23.594423532485962,1746055213.895,23.594423532485962,1746055213.895,23.594423532485962
1746055214.172,23.87184762954712,1746055214.172,23.87184762954712,1746055214.172,23.87184762954712,1746055214.172,23.87184762954712
1746055214.42,24.11948800086975,1746055214.42,24.11948800086975,1746055214.42,24.11948800086975,1746055214.42,24.11948800086975
1746055214.67,24.36976671218872,1746055214.67,24.36976671218872,1746055214.67,24.36976671218872,1746055214.67,24.36976671218872
1746055214.916,24.615905284881592,1746055214.916,24.615905284881592,1746055214.916,24.615905284881592,1746055214.916,24.615905284881592
1746055215.18,24.879833459854126,1746055215.18,24.879833459854126,1746055215.18,24.879833459854126,1746055215.18,24.879833459854126
1746055215.428,25.128282070159912,1746055215.428,25.128282070159912,1746055215.428,25.128282070159912,1746055215.428,25.128282070159912
1746055215.691,25.390886545181274,1746055215.691,25.390886545181274,1746055215.691,25.390886545181274,1746055215.691,25.390886545181274
1746055215.954,25.654069185256958,1746055215.954,25.654069185256958,1746055215.954,25.654069185256958,1746055215.954,25.654069185256958
1746055216.217,25.917303323745728,1746055216.217,25.917303323745728,1746055216.217,25.917303323745728,1746055216.217,25.917303323745728
1746055216.466,26.165823936462402,1746055216.466,26.165823936462402,1746055216.466,26.165823936462402,1746055216.466,26.165823936462402
1746055216.712,26.411851167678833,1746055216.712,26.411851167678833,1746055216.712,26.411851167678833,1746055216.712,26.411851167678833
1746055216.976,26.67571997642517,1746055216.976,26.67571997642517,1746055216.976,26.67571997642517,1746055216.976,26.67571997642517
1746055217.239,26.9384503364563,1746055217.239,26.9384503364563,1746055217.239,26.9384503364563,1746055217.239,26.9384503364563
1746055217.503,27.20279335975647,1746055217.503,27.20279335975647,1746055217.503,27.20279335975647,1746055217.503,27.20279335975647
1746055217.782,27.48154091835022,1746055217.782,27.48154091835022,1746055217.782,27.48154091835022,1746055217.782,27.48154091835022
1746055218.031,27.73072361946106,1746055218.031,27.73072361946106,1746055218.031,27.73072361946106,1746055218.031,27.73072361946106
1746055218.29,27.989630699157715,1746055218.29,27.989630699157715,1746055218.29,27.989630699157715,1746055218.29,27.989630699157715
1746055218.537,28.23677635192871,1746055218.537,28.23677635192871,1746055218.537,28.23677635192871,1746055218.537,28.23677635192871
1746055218.811,28.510414600372314,1746055218.811,28.510414600372314,1746055218.811,28.510414600372314,1746055218.811,28.510414600372314
1746055219.071,28.771011114120483,1746055219.071,28.771011114120483,1746055219.071,28.771011114120483,1746055219.071,28.771011114120483
1746055219.335,29.035015106201172,1746055219.335,29.035015106201172,1746055219.335,29.035015106201172,1746055219.335,29.035015106201172
1746055219.598,29.297729015350342,1746055219.598,29.297729015350342,1746055219.598,29.297729015350342,1746055219.598,29.297729015350342
1746055219.861,29.560832738876343,1746055219.861,29.560832738876343,1746055219.861,29.560832738876343,1746055219.861,29.560832738876343
1746055220.137,29.836989164352417,1746055220.137,29.836989164352417,1746055220.137,29.836989164352417,1746055220.137,29.836989164352417
1746055220.399,30.098682165145874,1746055220.399,30.098682165145874,1746055220.399,30.098682165145874,1746055220.399,30.098682165145874
1746055220.663,30.362922191619873,1746055220.663,30.362922191619873,1746055220.663,30.362922191619873,1746055220.663,30.362922191619873
1746055220.926,30.626057624816895,1746055220.926,30.626057624816895,1746055220.926,30.626057624816895,1746055220.926,30.626057624816895
1746055221.203,30.902331829071045,1746055221.203,30.902331829071045,1746055221.203,30.902331829071045,1746055221.203,30.902331829071045
1746055221.451,31.150609254837036,1746055221.451,31.150609254837036,1746055221.451,31.150609254837036,1746055221.451,31.150609254837036
1746055221.715,31.415174961090088,1746055221.715,31.415174961090088,1746055221.715,31.415174961090088,1746055221.715,31.415174961090088
1746055221.96,31.66020441055298,1746055221.96,31.66020441055298,1746055221.96,31.66020441055298,1746055221.96,31.66020441055298
1746055222.223,31.92280650138855,1746055222.223,31.92280650138855,1746055222.223,31.92280650138855,1746055222.223,31.92280650138855
1746055222.458,32.15735721588135,1746055222.458,32.15735721588135,1746055222.458,32.15735721588135,1746055222.458,32.15735721588135
1746055222.732,32.43140196800232,1746055222.732,32.43140196800232,1746055222.732,32.43140196800232,1746055222.732,32.43140196800232
1746055222.981,32.680363178253174,1746055222.981,32.680363178253174,1746055222.981,32.680363178253174,1746055222.981,32.680363178253174
1746055223.244,32.943427324295044,1746055223.244,32.943427324295044,1746055223.244,32.943427324295044,1746055223.244,32.943427324295044
1746055223.506,33.205644607543945,1746055223.506,33.205644607543945,1746055223.506,33.205644607543945,1746055223.506,33.205644607543945
1746055223.771,33.471081495285034,1746055223.771,33.471081495285034,1746055223.771,33.471081495285034,1746055223.771,33.471081495285034
1746055224.034,33.73370337486267,1746055224.034,33.73370337486267,1746055224.034,33.73370337486267,1746055224.034,33.73370337486267
1746055224.297,33.99724316596985,1746055224.297,33.99724316596985,1746055224.297,33.99724316596985,1746055224.297,33.99724316596985
1746055224.546,34.24621367454529,1746055224.546,34.24621367454529,1746055224.546,34.24621367454529,1746055224.546,34.24621367454529
1746055224.795,34.495214223861694,1746055224.795,34.495214223861694,1746055224.795,34.495214223861694,1746055224.795,34.495214223861694
1746055225.046,34.746121883392334,1746055225.046,34.746121883392334,1746055225.046,34.746121883392334,1746055225.046,34.746121883392334
1746055225.294,34.99408507347107,1746055225.294,34.99408507347107,1746055225.294,34.99408507347107,1746055225.294,34.99408507347107
1746055225.542,35.24211311340332,1746055225.542,35.24211311340332,1746055225.542,35.24211311340332,1746055225.542,35.24211311340332
1746055225.784,35.483811378479004,1746055225.784,35.483811378479004,1746055225.784,35.483811378479004,1746055225.784,35.483811378479004
1746055226.058,35.75781059265137,1746055226.058,35.75781059265137,1746055226.058,35.75781059265137,1746055226.058,35.75781059265137
1746055226.32,36.01971101760864,1746055226.32,36.01971101760864,1746055226.32,36.01971101760864,1746055226.32,36.01971101760864
1746055226.586,36.285805225372314,1746055226.586,36.285805225372314,1746055226.586,36.285805225372314,1746055226.586,36.285805225372314
1746055226.845,36.54522395133972,1746055226.845,36.54522395133972,1746055226.845,36.54522395133972,1746055226.845,36.54522395133972
1746055227.109,36.80861783027649,1746055227.109,36.80861783027649,1746055227.109,36.80861783027649,1746055227.109,36.80861783027649
1746055227.37,37.07003140449524,1746055227.37,37.07003140449524,1746055227.37,37.07003140449524,1746055227.37,37.07003140449524
1746055227.631,37.33097195625305,1746055227.631,37.33097195625305,1746055227.631,37.33097195625305,1746055227.631,37.33097195625305
1746055227.895,37.59490895271301,1746055227.895,37.59490895271301,1746055227.895,37.59490895271301,1746055227.895,37.59490895271301
1746055228.145,37.84489560127258,1746055228.145,37.84489560127258,1746055228.145,37.84489560127258,1746055228.145,37.84489560127258
1746055228.411,38.11072087287903,1746055228.411,38.11072087287903,1746055228.411,38.11072087287903,1746055228.411,38.11072087287903
1746055228.675,38.37518048286438,1746055228.675,38.37518048286438,1746055228.675,38.37518048286438,1746055228.675,38.37518048286438
1746055228.939,38.639068365097046,1746055228.939,38.639068365097046,1746055228.939,38.639068365097046,1746055228.939,38.639068365097046
1746055229.204,38.904194831848145,1746055229.204,38.904194831848145,1746055229.204,38.904194831848145,1746055229.204,38.904194831848145
1746055229.467,39.166401863098145,1746055229.467,39.166401863098145,1746055229.467,39.166401863098145,1746055229.467,39.166401863098145
1746055229.715,39.41520142555237,1746055229.715,39.41520142555237,1746055229.715,39.41520142555237,1746055229.715,39.41520142555237
1746055229.98,39.67955780029297,1746055229.98,39.67955780029297,1746055229.98,39.67955780029297,1746055229.98,39.67955780029297
1746055230.228,39.92755627632141,1746055230.228,39.92755627632141,1746055230.228,39.92755627632141,1746055230.228,39.92755627632141
1746055230.49,40.189566135406494,1746055230.49,40.189566135406494,1746055230.49,40.189566135406494,1746055230.49,40.189566135406494
1746055230.758,40.4576096534729,1746055230.758,40.4576096534729,1746055230.758,40.4576096534729,1746055230.758,40.45767903327942
1746055231.023,40.722532510757446,1746055231.023,40.722532510757446,1746055231.023,40.722532510757446,1746055231.023,40.722532510757446
1746055231.283,40.98330545425415,1746055231.283,40.98330545425415,1746055231.283,40.98330545425415,1746055231.283,40.98330545425415
1746055231.563,41.262972593307495,1746055231.563,41.262972593307495,1746055231.563,41.262972593307495,1746055231.563,41.262972593307495
1746055231.825,41.52500867843628,1746055231.825,41.52500867843628,1746055231.825,41.52500867843628,1746055231.825,41.52500867843628
1746055232.089,41.78848075866699,1746055232.089,41.78848075866699,1746055232.089,41.78848075866699,1746055232.089,41.78848075866699
1746055232.36,42.05973744392395,1746055232.36,42.05973744392395,1746055232.36,42.05973744392395,1746055232.36,42.05973744392395
1746055232.581,42.28067088127136,1746055232.581,42.28067088127136,1746055232.581,42.28067088127136,1746055232.581,42.28067088127136
1746055232.84,42.539385080337524,1746055232.84,42.539385080337524,1746055232.84,42.539385080337524,1746055232.84,42.539385080337524
1746055233.101,42.8011429309845,1746055233.101,42.8011429309845,1746055233.101,42.8011429309845,1746055233.101,42.8011429309845
1746055233.366,43.06622266769409,1746055233.366,43.06622266769409,1746055233.366,43.06622266769409,1746055233.366,43.06622266769409
1746055233.633,43.332717418670654,1746055233.633,43.332717418670654,1746055233.633,43.332717418670654,1746055233.633,43.332717418670654
1746055233.894,43.593945264816284,1746055233.894,43.593945264816284,1746055233.894,43.593945264816284,1746055233.894,43.593945264816284
1746055234.144,43.84352135658264,1746055234.144,43.84352135658264,1746055234.144,43.84352135658264,1746055234.144,43.84352135658264
1746055234.409,44.10855841636658,1746055234.409,44.10855841636658,1746055234.409,44.10855841636658,1746055234.409,44.10855841636658
1746055234.671,44.37121033668518,1746055234.671,44.37121033668518,1746055234.671,44.37121033668518,1746055234.671,44.37121033668518
1746055234.92,44.61968994140625,1746055234.92,44.61968994140625,1746055234.92,44.61968994140625,1746055234.92,44.61968994140625
1746055235.184,44.88356590270996,1746055235.184,44.88356590270996,1746055235.184,44.88356590270996,1746055235.184,44.88356590270996
1746055235.431,45.13128423690796,1746055235.431,45.13128423690796,1746055235.431,45.13128423690796,1746055235.431,45.13128423690796
1746055235.667,45.366718769073486,1746055235.667,45.366718769073486,1746055235.667,45.366718769073486,1746055235.667,45.366718769073486
1746055235.929,45.628376722335815,1746055235.929,45.628376722335815,1746055235.929,45.628376722335815,1746055235.929,45.628376722335815
1746055236.179,45.878695249557495,1746055236.179,45.878695249557495,1746055236.179,45.878695249557495,1746055236.179,45.878695249557495
1746055236.427,46.12727880477905,1746055236.427,46.12727880477905,1746055236.427,46.12727880477905,1746055236.427,46.12727880477905
1746055236.678,46.37798476219177,1746055236.678,46.37798476219177,1746055236.678,46.37798476219177,1746055236.678,46.37798476219177
1746055236.924,46.62393307685852,1746055236.924,46.62393307685852,1746055236.924,46.62393307685852,1746055236.924,46.62393307685852
1746055237.174,46.87380242347717,1746055237.174,46.87380242347717,1746055237.174,46.87380242347717,1746055237.174,46.87380242347717
1746055237.438,47.13739323616028,1746055237.438,47.13739323616028,1746055237.438,47.13739323616028,1746055237.438,47.13739323616028
1746055237.687,47.386845111846924,1746055237.687,47.386845111846924,1746055237.687,47.386845111846924,1746055237.687,47.386845111846924
1746055237.951,47.650959968566895,1746055237.951,47.650959968566895,1746055237.951,47.650959968566895,1746055237.951,47.650959968566895
1746055238.215,47.914836406707764,1746055238.215,47.914836406707764,1746055238.215,47.914836406707764,1746055238.215,47.914836406707764
1746055238.478,48.178038358688354,1746055238.478,48.178038358688354,1746055238.478,48.178038358688354,1746055238.478,48.178038358688354
1746055238.71,48.40999150276184,1746055238.71,48.40999150276184,1746055238.71,48.40999150276184,1746055238.71,48.40999150276184
1746055238.971,48.671234369277954,1746055238.971,48.671234369277954,1746055238.971,48.671234369277954,1746055238.971,48.671234369277954
1746055239.232,48.93221831321716,1746055239.232,48.93221831321716,1746055239.232,48.93221831321716,1746055239.232,48.93221831321716
1746055239.494,49.19418168067932,1746055239.494,49.19418168067932,1746055239.494,49.19418168067932,1746055239.494,49.19418168067932
1746055239.76,49.45992946624756,1746055239.76,49.45992946624756,1746055239.76,49.45992946624756,1746055239.76,49.45992946624756
1746055240.024,49.72406053543091,1746055240.024,49.72406053543091,1746055240.024,49.72406053543091,1746055240.024,49.72406053543091
1746055240.289,49.98889183998108,1746055240.289,49.98889183998108,1746055240.289,49.98889183998108,1746055240.289,49.98889183998108
1746055240.552,50.251726150512695,1746055240.552,50.251726150512695,1746055240.552,50.251726150512695,1746055240.552,50.251726150512695
1746055240.791,50.49061441421509,1746055240.791,50.49061441421509,1746055240.791,50.49061441421509,1746055240.791,50.49061441421509
1746055241.048,50.74816632270813,1746055241.048,50.74816632270813,1746055241.048,50.74816632270813,1746055241.048,50.74816632270813
1746055241.31,51.00942254066467,1746055241.31,51.00942254066467,1746055241.31,51.00942254066467,1746055241.31,51.00942254066467
1746055241.556,51.25620937347412,1746055241.556,51.25620937347412,1746055241.556,51.25620937347412,1746055241.556,51.25620937347412
1746055241.808,51.507508754730225,1746055241.808,51.507508754730225,1746055241.808,51.507508754730225,1746055241.808,51.507508754730225
1746055242.07,51.76989936828613,1746055242.07,51.76989936828613,1746055242.07,51.76989936828613,1746055242.07,51.76989936828613
1746055242.334,52.03398108482361,1746055242.334,52.03398108482361,1746055242.334,52.03398108482361,1746055242.334,52.03398108482361
1746055242.599,52.29896116256714,1746055242.599,52.29896116256714,1746055242.599,52.29896116256714,1746055242.599,52.29896116256714
1746055242.864,52.564022064208984,1746055242.864,52.564022064208984,1746055242.864,52.564022064208984,1746055242.864,52.564022064208984
1746055243.128,52.82808542251587,1746055243.128,52.82808542251587,1746055243.128,52.82808542251587,1746055243.128,52.82808542251587
1746055243.393,53.09315848350525,1746055243.393,53.09315848350525,1746055243.393,53.09315848350525,1746055243.393,53.09315848350525
1746055243.672,53.37213897705078,1746055243.672,53.37213897705078,1746055243.672,53.37213897705078,1746055243.672,53.37213897705078
1746055243.936,53.63598871231079,1746055243.936,53.63598871231079,1746055243.936,53.63598871231079,1746055243.936,53.63598871231079
1746055244.187,53.88676714897156,1746055244.187,53.88676714897156,1746055244.187,53.88676714897156,1746055244.187,53.88676714897156
1746055244.434,54.13379120826721,1746055244.434,54.13379120826721,1746055244.434,54.13379120826721,1746055244.434,54.13379120826721
1746055244.697,54.39639139175415,1746055244.697,54.39639139175415,1746055244.697,54.39639139175415,1746055244.697,54.39639139175415
1746055244.958,54.65817999839783,1746055244.958,54.65817999839783,1746055244.958,54.65817999839783,1746055244.958,54.65817999839783
1746055245.218,54.918031215667725,1746055245.218,54.918031215667725,1746055245.218,54.918031215667725,1746055245.218,54.918031215667725
1746055245.481,55.18103075027466,1746055245.481,55.18103075027466,1746055245.481,55.18103075027466,1746055245.481,55.18103075027466
1746055245.741,55.44106578826904,1746055245.741,55.44106578826904,1746055245.741,55.44106578826904,1746055245.741,55.44106578826904
1746055246.006,55.70535063743591,1746055246.006,55.70535063743591,1746055246.006,55.70535063743591,1746055246.006,55.70535063743591
1746055246.272,55.97135138511658,1746055246.272,55.97135138511658,1746055246.272,55.97135138511658,1746055246.272,55.97135138511658
1746055246.534,56.2333505153656,1746055246.534,56.2333505153656,1746055246.534,56.2333505153656,1746055246.534,56.2333505153656
1746055246.798,56.4973509311676,1746055246.798,56.4973509311676,1746055246.798,56.4973509311676,1746055246.798,56.4973509311676
1746055247.056,56.755351543426514,1746055247.056,56.755351543426514,1746055247.056,56.755351543426514,1746055247.056,56.755351543426514
1746055247.302,57.00135278701782,1746055247.302,57.00135278701782,1746055247.302,57.00135278701782,1746055247.302,57.00135278701782
1746055247.566,57.26535892486572,1746055247.566,57.26535892486572,1746055247.566,57.26535892486572,1746055247.566,57.26535892486572
1746055247.826,57.52626013755798,1746055247.826,57.52626013755798,1746055247.826,57.52626013755798,1746055247.826,57.52626013755798
1746055248.09,57.78958034515381,1746055248.09,57.78958034515381,1746055248.09,57.78958034515381,1746055248.09,57.78958034515381
1746055248.355,58.05506992340088,1746055248.355,58.05506992340088,1746055248.355,58.05506992340088,1746055248.355,58.05506992340088
1746055248.605,58.3051016330719,1746055248.605,58.3051016330719,1746055248.605,58.3051016330719,1746055248.605,58.3051016330719
1746055248.838,58.53764462471008,1746055248.838,58.53764462471008,1746055248.838,58.53764462471008,1746055248.838,58.53764462471008
1746055249.085,58.78435564041138,1746055249.085,58.78435564041138,1746055249.085,58.78435564041138,1746055249.085,58.78435564041138
1746055249.332,59.03205108642578,1746055249.332,59.03205108642578,1746055249.332,59.03205108642578,1746055249.332,59.03205108642578
1746055249.596,59.29608774185181,1746055249.596,59.29608774185181,1746055249.596,59.29608774185181,1746055249.596,59.29608774185181
1746055249.833,59.533087730407715,1746055249.833,59.533087730407715,1746055249.833,59.533087730407715,1746055249.833,59.533087730407715
1746055250.096,59.79543733596802,1746055250.096,59.79543733596802,1746055250.096,59.79543733596802,1746055250.096,59.79543733596802
1746055250.373,60.072948694229126,1746055250.373,60.072948694229126,1746055250.373,60.072948694229126,1746055250.373,60.072948694229126
1746055250.625,60.32495164871216,1746055250.625,60.32495164871216,1746055250.625,60.32495164871216,1746055250.625,60.32495164871216
1746055250.867,60.5669527053833,1746055250.867,60.5669527053833,1746055250.867,60.5669527053833,1746055250.867,60.5669527053833
1746055251.131,60.83095622062683,1746055251.131,60.83095622062683,1746055251.131,60.83095622062683,1746055251.131,60.83095622062683
