timestamp,time,timestamp6,time2,timestamp2,time3,timestamp3,time9
1746055295.997,0.0648198127746582,1746055295.997,0.0648198127746582,1746055295.997,0.0648198127746582,1746055295.997,0.0648198127746582
1746055296.239,0.3068554401397705,1746055296.239,0.3068554401397705,1746055296.239,0.3068554401397705,1746055296.239,0.3068554401397705
1746055296.501,0.5688180923461914,1746055296.501,0.5688180923461914,1746055296.501,0.5688180923461914,1746055296.501,0.5688180923461914
1746055296.765,0.8329970836639404,1746055296.765,0.8329970836639404,1746055296.765,0.8329970836639404,1746055296.765,0.8329970836639404
1746055297.025,1.0929973125457764,1746055297.025,1.0929973125457764,1746055297.025,1.0929973125457764,1746055297.025,1.0929973125457764
1746055297.288,1.3559961318969727,1746055297.288,1.3559961318969727,1746055297.288,1.3559961318969727,1746055297.288,1.3559961318969727
1746055297.554,1.6219987869262695,1746055297.554,1.6219987869262695,1746055297.554,1.6219987869262695,1746055297.554,1.6219987869262695
1746055297.814,1.8819968700408936,1746055297.814,1.8819968700408936,1746055297.814,1.8819968700408936,1746055297.814,1.8819968700408936
1746055298.091,2.1582536697387695,1746055298.091,2.1582536697387695,1746055298.091,2.1582536697387695,1746055298.091,2.1582536697387695
1746055298.348,2.4158079624176025,1746055298.348,2.4158079624176025,1746055298.348,2.4158079624176025,1746055298.348,2.4158079624176025
1746055298.625,2.692619562149048,1746055298.625,2.692619562149048,1746055298.625,2.692619562149048,1746055298.625,2.692619562149048
1746055298.868,2.9361209869384766,1746055298.868,2.9361209869384766,1746055298.868,2.9361209869384766,1746055298.868,2.9361209869384766
1746055299.129,3.196976661682129,1746055299.129,3.196976661682129,1746055299.129,3.196976661682129,1746055299.129,3.196976661682129
1746055299.405,3.4728481769561768,1746055299.405,3.4728481769561768,1746055299.405,3.4728481769561768,1746055299.405,3.4728481769561768
1746055299.668,3.7356619834899902,1746055299.668,3.7356619834899902,1746055299.668,3.7356619834899902,1746055299.668,3.7356619834899902
1746055299.919,3.9869041442871094,1746055299.919,3.9869041442871094,1746055299.919,3.9869041442871094,1746055299.919,3.9869041442871094
1746055300.175,4.242962598800659,1746055300.175,4.242962598800659,1746055300.175,4.242962598800659,1746055300.175,4.242962598800659
1746055300.439,4.506746292114258,1746055300.439,4.506746292114258,1746055300.439,4.506746292114258,1746055300.439,4.506746292114258
1746055300.718,4.786135673522949,1746055300.718,4.786135673522949,1746055300.718,4.786135673522949,1746055300.718,4.786135673522949
1746055300.958,5.025349140167236,1746055300.958,5.025349140167236,1746055300.958,5.025349140167236,1746055300.958,5.025349140167236
1746055301.232,5.300184965133667,1746055301.232,5.300184965133667,1746055301.232,5.300184965133667,1746055301.232,5.300184965133667
1746055301.483,5.5509843826293945,1746055301.483,5.5509843826293945,1746055301.483,5.5509843826293945,1746055301.483,5.5509843826293945
1746055301.749,5.816456079483032,1746055301.749,5.816456079483032,1746055301.749,5.816456079483032,1746055301.749,5.816456079483032
1746055301.99,6.057522535324097,1746055301.99,6.057522535324097,1746055301.99,6.057522535324097,1746055301.99,6.057522535324097
1746055302.246,6.313448429107666,1746055302.246,6.313448429107666,1746055302.246,6.313448429107666,1746055302.246,6.313448429107666
1746055302.51,6.577692747116089,1746055302.51,6.577692747116089,1746055302.51,6.577692747116089,1746055302.51,6.577692747116089
1746055302.774,6.8413684368133545,1746055302.774,6.8413684368133545,1746055302.774,6.8413684368133545,1746055302.774,6.8413684368133545
1746055303.005,7.072279214859009,1746055303.005,7.072279214859009,1746055303.005,7.072279214859009,1746055303.005,7.072279214859009
1746055303.267,7.334673881530762,1746055303.267,7.334673881530762,1746055303.267,7.334673881530762,1746055303.267,7.334673881530762
1746055303.516,7.583653688430786,1746055303.516,7.583653688430786,1746055303.516,7.583653688430786,1746055303.516,7.583653688430786
1746055303.78,7.84780740737915,1746055303.78,7.84780740737915,1746055303.78,7.84780740737915,1746055303.78,7.84780740737915
1746055304.003,8.070467472076416,1746055304.003,8.070467472076416,1746055304.003,8.070467472076416,1746055304.003,8.070467472076416
1746055304.26,8.327738761901855,1746055304.26,8.327738761901855,1746055304.26,8.327738761901855,1746055304.26,8.327738761901855
1746055304.523,8.590492010116577,1746055304.523,8.590492010116577,1746055304.523,8.590492010116577,1746055304.523,8.590492010116577
1746055304.771,8.839143991470337,1746055304.771,8.839143991470337,1746055304.771,8.839143991470337,1746055304.771,8.839143991470337
1746055305.003,9.070796012878418,1746055305.003,9.070796012878418,1746055305.003,9.070796012878418,1746055305.003,9.070796012878418
1746055305.28,9.347607374191284,1746055305.28,9.347607374191284,1746055305.28,9.347607374191284,1746055305.28,9.347607374191284
1746055305.543,9.610606908798218,1746055305.543,9.610606908798218,1746055305.543,9.610606908798218,1746055305.543,9.610606908798218
1746055305.808,9.875746726989746,1746055305.808,9.875746726989746,1746055305.808,9.875746726989746,1746055305.808,9.875746726989746
1746055306.053,10.120312929153442,1746055306.053,10.120312929153442,1746055306.053,10.120312929153442,1746055306.053,10.120312929153442
1746055306.304,10.3720383644104,1746055306.304,10.3720383644104,1746055306.304,10.3720383644104,1746055306.304,10.3720383644104
1746055306.554,10.621585607528687,1746055306.554,10.621585607528687,1746055306.554,10.621585607528687,1746055306.554,10.621585607528687
1746055306.802,10.870121717453003,1746055306.802,10.870121717453003,1746055306.802,10.870121717453003,1746055306.802,10.870121717453003
1746055307.039,11.106842517852783,1746055307.039,11.106842517852783,1746055307.039,11.106842517852783,1746055307.039,11.106842517852783
1746055307.283,11.350483179092407,1746055307.283,11.350483179092407,1746055307.283,11.350483179092407,1746055307.283,11.350483179092407
1746055307.562,11.629811525344849,1746055307.562,11.629811525344849,1746055307.562,11.629811525344849,1746055307.562,11.629811525344849
1746055307.826,11.893905639648438,1746055307.826,11.893905639648438,1746055307.826,11.893905639648438,1746055307.826,11.893905639648438
1746055308.075,12.142581701278687,1746055308.075,12.142581701278687,1746055308.075,12.142581701278687,1746055308.075,12.142581701278687
1746055308.339,12.407201290130615,1746055308.339,12.407201290130615,1746055308.339,12.407201290130615,1746055308.339,12.407201290130615
1746055308.587,12.654231548309326,1746055308.587,12.654231548309326,1746055308.587,12.654231548309326,1746055308.587,12.654231548309326
1746055308.853,12.920704364776611,1746055308.853,12.920704364776611,1746055308.853,12.920704364776611,1746055308.853,12.920704364776611
1746055309.101,13.168889999389648,1746055309.101,13.168889999389648,1746055309.101,13.168889999389648,1746055309.101,13.168889999389648
1746055309.331,13.39867877960205,1746055309.331,13.39867877960205,1746055309.331,13.39867877960205,1746055309.331,13.39867877960205
1746055309.594,13.661698818206787,1746055309.594,13.661698818206787,1746055309.594,13.661698818206787,1746055309.594,13.661698818206787
1746055309.854,13.922052383422852,1746055309.854,13.922052383422852,1746055309.854,13.922052383422852,1746055309.854,13.922052383422852
1746055310.089,14.156407594680786,1746055310.089,14.156407594680786,1746055310.089,14.156407594680786,1746055310.089,14.156407594680786
1746055310.346,14.413792848587036,1746055310.346,14.413792848587036,1746055310.346,14.413792848587036,1746055310.346,14.413792848587036
1746055310.611,14.678334712982178,1746055310.611,14.678334712982178,1746055310.611,14.678334712982178,1746055310.611,14.678334712982178
1746055310.875,14.942821025848389,1746055310.875,14.942821025848389,1746055310.875,14.942821025848389,1746055310.875,14.942821025848389
1746055311.121,15.188369512557983,1746055311.121,15.188369512557983,1746055311.121,15.188369512557983,1746055311.121,15.188369512557983
1746055311.368,15.435365676879883,1746055311.368,15.435365676879883,1746055311.368,15.435365676879883,1746055311.368,15.435365676879883
1746055311.631,15.6985604763031,1746055311.631,15.6985604763031,1746055311.631,15.6985604763031,1746055311.631,15.6985604763031
1746055311.893,15.96071195602417,1746055311.893,15.96071195602417,1746055311.893,15.96071195602417,1746055311.893,15.96071195602417
1746055312.142,16.20968985557556,1746055312.142,16.20968985557556,1746055312.142,16.20968985557556,1746055312.142,16.20968985557556
1746055312.407,16.47500443458557,1746055312.407,16.47500443458557,1746055312.407,16.47500443458557,1746055312.407,16.47500443458557
1746055312.671,16.738617420196533,1746055312.671,16.738617420196533,1746055312.671,16.738617420196533,1746055312.671,16.738617420196533
1746055312.934,17.00215244293213,1746055312.934,17.00215244293213,1746055312.934,17.00215244293213,1746055312.934,17.00215244293213
1746055313.163,17.230844259262085,1746055313.163,17.230844259262085,1746055313.163,17.230844259262085,1746055313.163,17.230844259262085
1746055313.413,17.480636835098267,1746055313.413,17.480636835098267,1746055313.413,17.480636835098267,1746055313.413,17.480636835098267
1746055313.674,17.74207830429077,1746055313.674,17.74207830429077,1746055313.674,17.74207830429077,1746055313.674,17.74207830429077
1746055313.923,17.990402698516846,1746055313.923,17.990402698516846,1746055313.923,17.990402698516846,1746055313.923,17.990402698516846
1746055314.17,18.237318754196167,1746055314.17,18.237318754196167,1746055314.17,18.237318754196167,1746055314.17,18.237318754196167
1746055314.432,18.499635457992554,1746055314.432,18.499635457992554,1746055314.432,18.499635457992554,1746055314.432,18.499635457992554
1746055314.681,18.748485565185547,1746055314.681,18.748485565185547,1746055314.681,18.748485565185547,1746055314.681,18.748485565185547
1746055314.944,19.012146472930908,1746055314.944,19.012146472930908,1746055314.944,19.012146472930908,1746055314.944,19.012146472930908
1746055315.197,19.264747142791748,1746055315.197,19.264747142791748,1746055315.197,19.264747142791748,1746055315.197,19.264747142791748
1746055315.442,19.510194778442383,1746055315.442,19.510194778442383,1746055315.442,19.510194778442383,1746055315.442,19.510194778442383
1746055315.706,19.77412438392639,1746055315.706,19.77412438392639,1746055315.706,19.77412438392639,1746055315.706,19.77412438392639
1746055315.969,20.037092447280884,1746055315.969,20.037092447280884,1746055315.969,20.037092447280884,1746055315.969,20.037092447280884
1746055316.211,20.27850341796875,1746055316.211,20.27850341796875,1746055316.211,20.27850341796875,1746055316.211,20.27850341796875
1746055316.477,20.545084238052368,1746055316.477,20.545084238052368,1746055316.477,20.545084238052368,1746055316.477,20.545084238052368
1746055316.726,20.794124841690063,1746055316.726,20.794124841690063,1746055316.726,20.794124841690063,1746055316.726,20.794124841690063
1746055316.975,21.04222869873047,1746055316.975,21.04222869873047,1746055316.975,21.04222869873047,1746055316.975,21.04222869873047
1746055317.227,21.2944655418396,1746055317.227,21.2944655418396,1746055317.227,21.2944655418396,1746055317.227,21.2944655418396
1746055317.486,21.5534827709198,1746055317.486,21.5534827709198,1746055317.486,21.5534827709198,1746055317.486,21.5534827709198
1746055317.75,21.817301988601685,1746055317.75,21.817301988601685,1746055317.75,21.817301988601685,1746055317.75,21.817301988601685
1746055318.012,22.080004453659058,1746055318.012,22.080004453659058,1746055318.012,22.080004453659058,1746055318.012,22.080004453659058
1746055318.274,22.341917753219604,1746055318.274,22.341917753219604,1746055318.274,22.341917753219604,1746055318.274,22.341917753219604
1746055318.537,22.604792833328247,1746055318.537,22.604792833328247,1746055318.537,22.604792833328247,1746055318.537,22.604792833328247
1746055318.801,22.86854577064514,1746055318.801,22.86854577064514,1746055318.801,22.86854577064514,1746055318.801,22.86854577064514
1746055319.052,23.119993686676025,1746055319.052,23.119993686676025,1746055319.052,23.119993686676025,1746055319.052,23.119993686676025
1746055319.298,23.365763664245605,1746055319.298,23.365763664245605,1746055319.298,23.365763664245605,1746055319.298,23.365763664245605
