timestamp,time,timestamp6,time2,timestamp2,time3,timestamp3,time9
1746055520.008,0.051999568939208984,1746055520.008,0.051999568939208984,1746055520.008,0.051999568939208984,1746055520.008,0.051999568939208984
1746055520.278,0.32199907302856445,1746055520.278,0.32199907302856445,1746055520.278,0.32199907302856445,1746055520.278,0.32199907302856445
1746055520.526,0.570002555847168,1746055520.526,0.570002555847168,1746055520.526,0.570002555847168,1746055520.526,0.570002555847168
1746055520.773,0.8169991970062256,1746055520.773,0.8169991970062256,1746055520.773,0.8169991970062256,1746055520.773,0.8169991970062256
1746055521.022,1.0659985542297363,1746055521.022,1.0659985542297363,1746055521.022,1.0659985542297363,1746055521.022,1.0659985542297363
1746055521.283,1.3267829418182373,1746055521.283,1.3267829418182373,1746055521.283,1.3267829418182373,1746055521.283,1.3267829418182373
1746055521.562,1.6058471202850342,1746055521.562,1.6058471202850342,1746055521.562,1.6058471202850342,1746055521.562,1.6058471202850342
1746055521.809,1.852813720703125,1746055521.809,1.852813720703125,1746055521.809,1.852813720703125,1746055521.809,1.852813720703125
1746055522.059,2.1030232906341553,1746055522.059,2.1030232906341553,1746055522.059,2.1030232906341553,1746055522.059,2.1030232906341553
1746055522.32,2.3632471561431885,1746055522.32,2.3632471561431885,1746055522.32,2.3632471561431885,1746055522.32,2.3632471561431885
1746055522.582,2.626086473464966,1746055522.582,2.626086473464966,1746055522.582,2.626086473464966,1746055522.582,2.626086473464966
1746055522.847,2.890897512435913,1746055522.847,2.890897512435913,1746055522.847,2.890897512435913,1746055522.847,2.890897512435913
1746055523.11,3.153203248977661,1746055523.11,3.153203248977661,1746055523.11,3.153203248977661,1746055523.11,3.153203248977661
1746055523.33,3.373263120651245,1746055523.33,3.373263120651245,1746055523.33,3.373263120651245,1746055523.33,3.373263120651245
1746055523.609,3.6523993015289307,1746055523.609,3.6523993015289307,1746055523.609,3.6523993015289307,1746055523.609,3.6523993015289307
1746055523.857,3.900362730026245,1746055523.857,3.900362730026245,1746055523.857,3.900362730026245,1746055523.857,3.900362730026245
1746055524.106,4.15008807182312,1746055524.106,4.15008807182312,1746055524.106,4.15008807182312,1746055524.106,4.15008807182312
1746055524.37,4.413143157958984,1746055524.37,4.413143157958984,1746055524.37,4.413143157958984,1746055524.37,4.413143157958984
1746055524.62,4.663357496261597,1746055524.62,4.663357496261597,1746055524.62,4.663357496261597,1746055524.62,4.663357496261597
1746055524.885,4.929118871688843,1746055524.885,4.929118871688843,1746055524.885,4.929118871688843,1746055524.885,4.929118871688843
1746055525.149,5.192160129547119,1746055525.149,5.192160129547119,1746055525.149,5.192160129547119,1746055525.149,5.192160129547119
1746055525.412,5.4557294845581055,1746055525.412,5.4557294845581055,1746055525.412,5.4557294845581055,1746055525.412,5.4557294845581055
1746055525.664,5.707139730453491,1746055525.664,5.707139730453491,1746055525.664,5.707139730453491,1746055525.664,5.707139730453491
1746055525.912,5.955837726593018,1746055525.912,5.955837726593018,1746055525.912,5.955837726593018,1746055525.912,5.955837726593018
1746055526.16,6.20320463180542,1746055526.16,6.20320463180542,1746055526.16,6.20320463180542,1746055526.16,6.20320463180542
1746055526.423,6.466641664505005,1746055526.423,6.466641664505005,1746055526.423,6.466641664505005,1746055526.423,6.466641664505005
1746055526.67,6.71400260925293,1746055526.67,6.71400260925293,1746055526.67,6.71400260925293,1746055526.67,6.71400260925293
1746055526.93,6.973971843719482,1746055526.93,6.973971843719482,1746055526.93,6.973971843719482,1746055526.93,6.973971843719482
1746055527.179,7.222449779510498,1746055527.179,7.222449779510498,1746055527.179,7.222449779510498,1746055527.179,7.222449779510498
1746055527.44,7.483733177185059,1746055527.44,7.483733177185059,1746055527.44,7.483733177185059,1746055527.44,7.483733177185059
1746055527.717,7.760583400726318,1746055527.717,7.760583400726318,1746055527.717,7.760583400726318,1746055527.717,7.760583400726318
1746055527.961,8.004912614822388,1746055527.961,8.004912614822388,1746055527.961,8.004912614822388,1746055527.961,8.004912614822388
1746055528.224,8.267932891845703,1746055528.224,8.267932891845703,1746055528.224,8.267932891845703,1746055528.224,8.267932891845703
1746055528.486,8.530090808868408,1746055528.486,8.530090808868408,1746055528.486,8.530090808868408,1746055528.486,8.530090808868408
1746055528.766,8.80951452255249,1746055528.766,8.80951452255249,1746055528.766,8.80951452255249,1746055528.766,8.80951452255249
1746055529.011,9.054377555847168,1746055529.011,9.054377555847168,1746055529.011,9.054377555847168,1746055529.011,9.054377555847168
1746055529.274,9.317831754684448,1746055529.274,9.317831754684448,1746055529.274,9.317831754684448,1746055529.274,9.317831754684448
1746055529.538,9.581509113311768,1746055529.538,9.581509113311768,1746055529.538,9.581509113311768,1746055529.538,9.581509113311768
1746055529.786,9.82990026473999,1746055529.786,9.82990026473999,1746055529.786,9.82990026473999,1746055529.786,9.82990026473999
1746055530.049,10.093057870864868,1746055530.049,10.093057870864868,1746055530.049,10.093057870864868,1746055530.049,10.093057870864868
1746055530.302,10.345619440078735,1746055530.302,10.345619440078735,1746055530.302,10.345619440078735,1746055530.302,10.345619440078735
1746055530.55,10.593205451965332,1746055530.55,10.593205451965332,1746055530.55,10.593205451965332,1746055530.55,10.593205451965332
1746055530.813,10.85649061203003,1746055530.813,10.85649061203003,1746055530.813,10.85649061203003,1746055530.813,10.85649061203003
1746055531.06,11.103325605392456,1746055531.06,11.103325605392456,1746055531.06,11.103325605392456,1746055531.06,11.103325605392456
1746055531.306,11.349759817123413,1746055531.306,11.349759817123413,1746055531.306,11.349759817123413,1746055531.306,11.349759817123413
1746055531.57,11.613547086715698,1746055531.57,11.613547086715698,1746055531.57,11.613547086715698,1746055531.57,11.613547086715698
1746055531.818,11.861337423324585,1746055531.818,11.861337423324585,1746055531.818,11.861337423324585,1746055531.818,11.861337423324585
1746055532.08,12.123534440994263,1746055532.08,12.123534440994263,1746055532.08,12.123534440994263,1746055532.08,12.123534440994263
1746055532.358,12.401381015777588,1746055532.358,12.401381015777588,1746055532.358,12.401381015777588,1746055532.358,12.401381015777588
1746055532.606,12.649774551391602,1746055532.606,12.649774551391602,1746055532.606,12.649774551391602,1746055532.606,12.649774551391602
1746055532.871,12.91417407989502,1746055532.871,12.91417407989502,1746055532.871,12.91417407989502,1746055532.871,12.91417407989502
1746055533.12,13.1631441116333,1746055533.12,13.1631441116333,1746055533.12,13.1631441116333,1746055533.12,13.1631441116333
1746055533.382,13.425219535827637,1746055533.382,13.425219535827637,1746055533.382,13.425219535827637,1746055533.382,13.425219535827637
1746055533.645,13.688867092132568,1746055533.645,13.688867092132568,1746055533.645,13.688867092132568,1746055533.645,13.688867092132568
1746055533.909,13.952231884002686,1746055533.909,13.952231884002686,1746055533.909,13.952231884002686,1746055533.909,13.952231884002686
1746055534.173,14.21695065498352,1746055534.173,14.21695065498352,1746055534.173,14.21695065498352,1746055534.173,14.21695065498352
1746055534.422,14.465729713439941,1746055534.422,14.465729713439941,1746055534.422,14.465729713439941,1746055534.422,14.465729713439941
1746055534.684,14.72744083404541,1746055534.684,14.72744083404541,1746055534.684,14.72744083404541,1746055534.684,14.72744083404541
1746055534.949,14.992650985717773,1746055534.949,14.992650985717773,1746055534.949,14.992650985717773,1746055534.949,14.992650985717773
1746055535.215,15.258716106414795,1746055535.215,15.258716106414795,1746055535.215,15.258716106414795,1746055535.215,15.258716106414795
1746055535.48,15.52363109588623,1746055535.48,15.52363109588623,1746055535.48,15.52363109588623,1746055535.48,15.52363109588623
1746055535.74,15.784013509750366,1746055535.74,15.784013509750366,1746055535.74,15.784013509750366,1746055535.74,15.784013509750366
1746055535.987,16.031104803085327,1746055535.987,16.031104803085327,1746055535.987,16.031104803085327,1746055535.987,16.031104803085327
1746055536.251,16.294610738754272,1746055536.251,16.294610738754272,1746055536.251,16.294610738754272,1746055536.251,16.294610738754272
1746055536.515,16.558372497558594,1746055536.515,16.558372497558594,1746055536.515,16.558372497558594,1746055536.515,16.558372497558594
1746055536.778,16.82169508934021,1746055536.778,16.82169508934021,1746055536.778,16.82169508934021,1746055536.778,16.82169508934021
1746055537.04,17.084058046340942,1746055537.04,17.084058046340942,1746055537.04,17.084058046340942,1746055537.04,17.084058046340942
1746055537.304,17.348113298416138,1746055537.304,17.348113298416138,1746055537.304,17.348113298416138,1746055537.304,17.348113298416138
1746055537.553,17.596970796585083,1746055537.553,17.596970796585083,1746055537.553,17.596970796585083,1746055537.553,17.596970796585083
1746055537.816,17.859254837036133,1746055537.816,17.859254837036133,1746055537.816,17.859254837036133,1746055537.816,17.859254837036133
1746055538.083,18.12647294998169,1746055538.083,18.12647294998169,1746055538.083,18.12647294998169,1746055538.083,18.12647294998169
1746055538.357,18.400732278823853,1746055538.357,18.400732278823853,1746055538.357,18.400732278823853,1746055538.357,18.400732278823853
1746055538.62,18.66347074508667,1746055538.62,18.66347074508667,1746055538.62,18.66347074508667,1746055538.62,18.66347074508667
1746055538.883,18.926628589630127,1746055538.883,18.926628589630127,1746055538.883,18.926628589630127,1746055538.883,18.926628589630127
1746055539.147,19.19098472595215,1746055539.147,19.19098472595215,1746055539.147,19.19098472595215,1746055539.147,19.19098472595215
1746055539.408,19.452115058898926,1746055539.408,19.452115058898926,1746055539.408,19.452115058898926,1746055539.408,19.452115058898926
1746055539.686,19.730003833770752,1746055539.686,19.730003833770752,1746055539.686,19.730003833770752,1746055539.686,19.730003833770752
1746055539.948,19.99185562133789,1746055539.948,19.99185562133789,1746055539.948,19.99185562133789,1746055539.948,19.99185562133789
1746055540.211,20.25488543510437,1746055540.211,20.25488543510437,1746055540.211,20.25488543510437,1746055540.211,20.25488543510437
1746055540.477,20.520463228225708,1746055540.477,20.520463228225708,1746055540.477,20.520463228225708,1746055540.477,20.520463228225708
1746055540.739,20.782249689102173,1746055540.739,20.782249689102173,1746055540.739,20.782249689102173,1746055540.739,20.782249689102173
1746055541.003,21.0467631816864,1746055541.003,21.0467631816864,1746055541.003,21.0467631816864,1746055541.003,21.0467631816864
1746055541.282,21.325310945510864,1746055541.282,21.325310945510864,1746055541.282,21.325310945510864,1746055541.282,21.325310945510864
1746055541.531,21.575031042099,1746055541.531,21.575031042099,1746055541.531,21.575031042099,1746055541.531,21.575031042099
1746055541.795,21.839037656784058,1746055541.795,21.839037656784058,1746055541.795,21.839037656784058,1746055541.795,21.839037656784058
1746055542.041,22.084623098373413,1746055542.041,22.084623098373413,1746055542.041,22.084623098373413,1746055542.041,22.084623098373413
1746055542.306,22.34955596923828,1746055542.306,22.34955596923828,1746055542.306,22.34955596923828,1746055542.306,22.34955596923828
1746055542.555,22.59846830368042,1746055542.555,22.59846830368042,1746055542.555,22.59846830368042,1746055542.555,22.59846830368042
1746055542.803,22.846923828125,1746055542.803,22.846923828125,1746055542.803,22.846923828125,1746055542.803,22.846923828125
1746055543.066,23.109922170639038,1746055543.066,23.109922170639038,1746055543.066,23.109922170639038,1746055543.066,23.109922170639038
1746055543.315,23.35874032974243,1746055543.315,23.35874032974243,1746055543.315,23.35874032974243,1746055543.315,23.35874032974243
1746055543.593,23.636685609817505,1746055543.593,23.636685609817505,1746055543.593,23.636685609817505,1746055543.593,23.636685609817505
1746055543.842,23.88587975502014,1746055543.842,23.88587975502014,1746055543.842,23.88587975502014,1746055543.842,23.88587975502014
1746055544.104,24.147936820983887,1746055544.104,24.147936820983887,1746055544.104,24.147936820983887,1746055544.104,24.147936820983887
1746055544.367,24.410962343215942,1746055544.367,24.410962343215942,1746055544.367,24.410962343215942,1746055544.367,24.410962343215942
1746055544.631,24.67423677444458,1746055544.631,24.67423677444458,1746055544.631,24.67423677444458,1746055544.631,24.67423677444458
1746055544.895,24.938785791397095,1746055544.895,24.938785791397095,1746055544.895,24.938785791397095,1746055544.895,24.938785791397095
1746055545.144,25.187450408935547,1746055545.144,25.187450408935547,1746055545.144,25.187450408935547,1746055545.144,25.187450408935547
1746055545.393,25.436213493347168,1746055545.393,25.436213493347168,1746055545.393,25.436213493347168,1746055545.393,25.436213493347168
1746055545.641,25.68502378463745,1746055545.641,25.68502378463745,1746055545.641,25.68502378463745,1746055545.641,25.68502378463745
1746055545.904,25.9475736618042,1746055545.904,25.9475736618042,1746055545.904,25.9475736618042,1746055545.904,25.9475736618042
1746055546.168,26.211803436279297,1746055546.168,26.211803436279297,1746055546.168,26.211803436279297,1746055546.168,26.211803436279297
1746055546.416,26.45961093902588,1746055546.416,26.45961093902588,1746055546.416,26.45961093902588,1746055546.416,26.45961093902588
1746055546.679,26.722801685333252,1746055546.679,26.722801685333252,1746055546.679,26.722801685333252,1746055546.679,26.722801685333252
1746055546.926,26.969587564468384,1746055546.926,26.969587564468384,1746055546.926,26.969587564468384,1746055546.926,26.969587564468384
1746055547.188,27.23213028907776,1746055547.188,27.23213028907776,1746055547.188,27.23213028907776,1746055547.188,27.23213028907776
1746055547.436,27.47986626625061,1746055547.436,27.47986626625061,1746055547.436,27.47986626625061,1746055547.436,27.47986626625061
1746055547.7,27.743226051330566,1746055547.7,27.743226051330566,1746055547.7,27.743226051330566,1746055547.7,27.743226051330566
1746055547.963,28.006182193756104,1746055547.963,28.006182193756104,1746055547.963,28.006182193756104,1746055547.963,28.006182193756104
1746055548.213,28.25657820701599,1746055548.213,28.25657820701599,1746055548.213,28.25657820701599,1746055548.213,28.25657820701599
1746055548.474,28.518065929412842,1746055548.474,28.518065929412842,1746055548.474,28.518065929412842,1746055548.474,28.518065929412842
1746055548.725,28.76865863800049,1746055548.725,28.76865863800049,1746055548.725,28.76865863800049,1746055548.725,28.76865863800049
1746055548.988,29.031996965408325,1746055548.988,29.031996965408325,1746055548.988,29.031996965408325,1746055548.988,29.031996965408325
1746055549.238,29.281638622283936,1746055549.238,29.281638622283936,1746055549.238,29.281638622283936,1746055549.238,29.281638622283936
1746055549.516,29.559565782546997,1746055549.516,29.559565782546997,1746055549.516,29.559565782546997,1746055549.516,29.559565782546997
1746055549.777,29.82099437713623,1746055549.777,29.82099437713623,1746055549.777,29.82099437713623,1746055549.777,29.82099437713623
1746055550.026,30.069771766662598,1746055550.026,30.069771766662598,1746055550.026,30.069771766662598,1746055550.026,30.069771766662598
1746055550.291,30.334267616271973,1746055550.291,30.334267616271973,1746055550.291,30.334267616271973,1746055550.291,30.334267616271973
1746055550.538,30.581610918045044,1746055550.538,30.581610918045044,1746055550.538,30.581610918045044,1746055550.538,30.581610918045044
1746055550.802,30.845306396484375,1746055550.802,30.845306396484375,1746055550.802,30.845306396484375,1746055550.802,30.845306396484375
1746055551.068,31.11120629310608,1746055551.068,31.11120629310608,1746055551.068,31.11120629310608,1746055551.068,31.11120629310608
1746055551.33,31.37398886680603,1746055551.33,31.37398886680603,1746055551.33,31.37398886680603,1746055551.33,31.37398886680603
1746055551.609,31.652500867843628,1746055551.609,31.652500867843628,1746055551.609,31.652500867843628,1746055551.609,31.652500867843628
1746055551.873,31.91641592979431,1746055551.873,31.91641592979431,1746055551.873,31.91641592979431,1746055551.873,31.91641592979431
1746055552.118,32.162049770355225,1746055552.118,32.162049770355225,1746055552.118,32.162049770355225,1746055552.118,32.162049770355225
1746055552.383,32.42687439918518,1746055552.383,32.42687439918518,1746055552.383,32.42687439918518,1746055552.383,32.42687439918518
1746055552.646,32.68971276283264,1746055552.646,32.68971276283264,1746055552.646,32.68971276283264,1746055552.646,32.68971276283264
1746055552.909,32.95239496231079,1746055552.909,32.95239496231079,1746055552.909,32.95239496231079,1746055552.909,32.95239496231079
1746055553.173,33.21664834022522,1746055553.173,33.21664834022522,1746055553.173,33.21664834022522,1746055553.173,33.21664834022522
1746055553.408,33.45181345939636,1746055553.408,33.45181345939636,1746055553.408,33.45181345939636,1746055553.408,33.45181345939636
1746055553.673,33.71615695953369,1746055553.673,33.71615695953369,1746055553.673,33.71615695953369,1746055553.673,33.71615695953369
1746055553.934,33.97738265991211,1746055553.934,33.97738265991211,1746055553.934,33.97738265991211,1746055553.934,33.97738265991211
1746055554.194,34.237985134124756,1746055554.194,34.237985134124756,1746055554.194,34.237985134124756,1746055554.194,34.237985134124756
1746055554.455,34.49835443496704,1746055554.455,34.49835443496704,1746055554.455,34.49835443496704,1746055554.455,34.49835443496704
1746055554.732,34.776079416275024,1746055554.732,34.776079416275024,1746055554.732,34.776079416275024,1746055554.732,34.776079416275024
1746055554.997,35.04091429710388,1746055554.997,35.04091429710388,1746055554.997,35.04091429710388,1746055554.997,35.04091429710388
1746055555.26,35.303903341293335,1746055555.26,35.303903341293335,1746055555.26,35.303903341293335,1746055555.26,35.303903341293335
1746055555.525,35.56832718849182,1746055555.525,35.56832718849182,1746055555.525,35.56832718849182,1746055555.525,35.56832718849182
1746055555.774,35.817363023757935,1746055555.774,35.817363023757935,1746055555.774,35.817363023757935,1746055555.774,35.817363023757935
1746055556.023,36.06639790534973,1746055556.023,36.06639790534973,1746055556.023,36.06639790534973,1746055556.023,36.06639790534973
1746055556.258,36.30193257331848,1746055556.258,36.30193257331848,1746055556.258,36.30193257331848,1746055556.258,36.30193257331848
1746055556.518,36.56184434890747,1746055556.518,36.56184434890747,1746055556.518,36.56184434890747,1746055556.518,36.56184434890747
1746055556.764,36.808053731918335,1746055556.764,36.808053731918335,1746055556.764,36.808053731918335,1746055556.764,36.808053731918335
1746055557.025,37.06825637817383,1746055557.025,37.06825637817383,1746055557.025,37.06825637817383,1746055557.025,37.06825637817383
1746055557.264,37.307645320892334,1746055557.264,37.307645320892334,1746055557.264,37.307645320892334,1746055557.264,37.307645320892334
1746055557.52,37.5639328956604,1746055557.52,37.5639328956604,1746055557.52,37.5639328956604,1746055557.52,37.5639328956604
1746055557.769,37.81291103363037,1746055557.769,37.81291103363037,1746055557.769,37.81291103363037,1746055557.769,37.81291103363037
1746055558.032,38.07605838775635,1746055558.032,38.07605838775635,1746055558.032,38.07605838775635,1746055558.032,38.07605838775635
1746055558.267,38.31023359298706,1746055558.267,38.31023359298706,1746055558.267,38.31023359298706,1746055558.267,38.31023359298706
1746055558.531,38.57484745979309,1746055558.531,38.57484745979309,1746055558.531,38.57484745979309,1746055558.531,38.57484745979309
1746055558.779,38.82273268699646,1746055558.779,38.82273268699646,1746055558.779,38.82273268699646,1746055558.779,38.82273268699646
1746055559.026,39.069807291030884,1746055559.026,39.069807291030884,1746055559.026,39.069807291030884,1746055559.026,39.069807291030884
1746055559.262,39.30587816238403,1746055559.262,39.30587816238403,1746055559.262,39.30587816238403,1746055559.262,39.30587816238403
1746055559.526,39.56973600387573,1746055559.526,39.56973600387573,1746055559.526,39.56973600387573,1746055559.526,39.56973600387573
1746055559.792,39.835636377334595,1746055559.792,39.835636377334595,1746055559.792,39.835636377334595,1746055559.792,39.835636377334595
1746055560.055,40.098134994506836,1746055560.055,40.098134994506836,1746055560.055,40.098134994506836,1746055560.055,40.098134994506836
1746055560.317,40.36016869544983,1746055560.317,40.36016869544983,1746055560.317,40.36016869544983,1746055560.317,40.36016869544983
1746055560.595,40.63870358467102,1746055560.595,40.63870358467102,1746055560.595,40.63870358467102,1746055560.595,40.63870358467102
1746055560.844,40.88774824142456,1746055560.844,40.88774824142456,1746055560.844,40.88774824142456,1746055560.844,40.88774824142456
1746055561.106,41.14935541152954,1746055561.106,41.14935541152954,1746055561.106,41.14935541152954,1746055561.106,41.14935541152954
1746055561.366,41.40969371795654,1746055561.366,41.40969371795654,1746055561.366,41.40969371795654,1746055561.366,41.40969371795654
1746055561.613,41.65651726722717,1746055561.613,41.65651726722717,1746055561.613,41.65651726722717,1746055561.613,41.65651726722717
1746055561.887,41.93025851249695,1746055561.887,41.93025851249695,1746055561.887,41.93025851249695,1746055561.887,41.93025851249695
1746055562.149,42.192378759384155,1746055562.149,42.192378759384155,1746055562.149,42.192378759384155,1746055562.149,42.192378759384155
1746055562.41,42.45396327972412,1746055562.41,42.45396327972412,1746055562.41,42.45396327972412,1746055562.41,42.45396327972412
1746055562.675,42.71911311149597,1746055562.675,42.71911311149597,1746055562.675,42.71911311149597,1746055562.675,42.71911311149597
1746055562.939,42.982481956481934,1746055562.939,42.982481956481934,1746055562.939,42.982481956481934,1746055562.939,42.982481956481934
1746055563.2,43.243924140930176,1746055563.2,43.243924140930176,1746055563.2,43.243924140930176,1746055563.2,43.243924140930176
1746055563.451,43.49421429634094,1746055563.451,43.49421429634094,1746055563.451,43.49421429634094,1746055563.451,43.49421429634094
1746055563.701,43.74462175369263,1746055563.701,43.74462175369263,1746055563.701,43.74462175369263,1746055563.701,43.74462175369263
1746055563.966,44.00980615615845,1746055563.966,44.00980615615845,1746055563.966,44.00980615615845,1746055563.966,44.00980615615845
1746055564.231,44.2750608921051,1746055564.231,44.2750608921051,1746055564.231,44.2750608921051,1746055564.231,44.2750608921051
1746055564.494,44.53716516494751,1746055564.494,44.53716516494751,1746055564.494,44.53716516494751,1746055564.494,44.53716516494751
1746055564.756,44.79941010475159,1746055564.756,44.79941010475159,1746055564.756,44.79941010475159,1746055564.756,44.79941010475159
1746055565.02,45.06394362449646,1746055565.02,45.06394362449646,1746055565.02,45.06394362449646,1746055565.02,45.06394362449646
1746055565.268,45.31201934814453,1746055565.268,45.31201934814453,1746055565.268,45.31201934814453,1746055565.268,45.31201934814453
1746055565.546,45.58957529067993,1746055565.546,45.58957529067993,1746055565.546,45.58957529067993,1746055565.546,45.58957529067993
1746055565.809,45.85243320465088,1746055565.809,45.85243320465088,1746055565.809,45.85243320465088,1746055565.809,45.85243320465088
1746055566.056,46.09940695762634,1746055566.056,46.09940695762634,1746055566.056,46.09940695762634,1746055566.056,46.09940695762634
1746055566.29,46.33411145210266,1746055566.29,46.33411145210266,1746055566.29,46.33411145210266,1746055566.29,46.33411145210266
1746055566.55,46.59369206428528,1746055566.55,46.59369206428528,1746055566.55,46.59369206428528,1746055566.55,46.59369206428528
1746055566.814,46.85723614692688,1746055566.814,46.85723614692688,1746055566.814,46.85723614692688,1746055566.814,46.85723614692688
1746055567.076,47.1197464466095,1746055567.076,47.1197464466095,1746055567.076,47.1197464466095,1746055567.076,47.1197464466095
1746055567.339,47.38285303115845,1746055567.339,47.38285303115845,1746055567.339,47.38285303115845,1746055567.339,47.38285303115845
1746055567.604,47.64761281013489,1746055567.604,47.64761281013489,1746055567.604,47.64761281013489,1746055567.604,47.64761281013489
1746055567.852,47.895283937454224,1746055567.852,47.895283937454224,1746055567.852,47.895283937454224,1746055567.852,47.895283937454224
1746055568.112,48.15536069869995,1746055568.112,48.15536069869995,1746055568.112,48.15536069869995,1746055568.112,48.15536069869995
1746055568.391,48.434550762176514,1746055568.391,48.434550762176514,1746055568.391,48.434550762176514,1746055568.391,48.434550762176514
1746055568.654,48.697765827178955,1746055568.654,48.697765827178955,1746055568.654,48.697765827178955,1746055568.654,48.697765827178955
1746055568.901,48.944201707839966,1746055568.901,48.944201707839966,1746055568.901,48.944201707839966,1746055568.901,48.944201707839966
1746055569.164,49.20799374580383,1746055569.164,49.20799374580383,1746055569.164,49.20799374580383,1746055569.164,49.20799374580383
1746055569.412,49.45575428009033,1746055569.412,49.45575428009033,1746055569.412,49.45575428009033,1746055569.412,49.45575428009033
1746055569.674,49.71787905693054,1746055569.674,49.71787905693054,1746055569.674,49.71787905693054,1746055569.674,49.71787905693054
1746055569.938,49.98157572746277,1746055569.938,49.98157572746277,1746055569.938,49.98157572746277,1746055569.938,49.98157572746277
1746055570.187,50.230265855789185,1746055570.187,50.230265855789185,1746055570.187,50.230265855789185,1746055570.187,50.230265855789185
1746055570.45,50.49350070953369,1746055570.45,50.49350070953369,1746055570.45,50.49350070953369,1746055570.45,50.49350070953369
1746055570.718,50.76166605949402,1746055570.718,50.76166605949402,1746055570.718,50.76166605949402,1746055570.718,50.76166605949402
1746055570.966,51.01006770133972,1746055570.966,51.01006770133972,1746055570.966,51.01006770133972,1746055570.966,51.01006770133972
1746055571.229,51.27228021621704,1746055571.229,51.27228021621704,1746055571.229,51.27228021621704,1746055571.229,51.27228021621704
1746055571.491,51.53420853614807,1746055571.491,51.53420853614807,1746055571.491,51.53420853614807,1746055571.491,51.53420853614807
1746055571.752,51.795462131500244,1746055571.752,51.795462131500244,1746055571.752,51.795462131500244,1746055571.752,51.795462131500244
1746055572.016,52.0591504573822,1746055572.016,52.0591504573822,1746055572.016,52.0591504573822,1746055572.016,52.0591504573822
1746055572.279,52.322418212890625,1746055572.279,52.322418212890625,1746055572.279,52.322418212890625,1746055572.279,52.322418212890625
1746055572.528,52.57169270515442,1746055572.528,52.57169270515442,1746055572.528,52.57169270515442,1746055572.528,52.57169270515442
1746055572.792,52.83533239364624,1746055572.792,52.83533239364624,1746055572.792,52.83533239364624,1746055572.792,52.83533239364624
1746055573.043,53.08655524253845,1746055573.043,53.08655524253845,1746055573.043,53.08655524253845,1746055573.043,53.08655524253845
1746055573.29,53.33332180976868,1746055573.29,53.33332180976868,1746055573.29,53.33332180976868,1746055573.29,53.33332180976868
1746055573.554,53.597588300704956,1746055573.554,53.597588300704956,1746055573.554,53.597588300704956,1746055573.554,53.597588300704956
1746055573.816,53.85999059677124,1746055573.816,53.85999059677124,1746055573.816,53.85999059677124,1746055573.816,53.85999059677124
1746055574.094,54.13727355003357,1746055574.094,54.13727355003357,1746055574.094,54.13727355003357,1746055574.094,54.13727355003357
1746055574.357,54.40063762664795,1746055574.357,54.40063762664795,1746055574.357,54.40063762664795,1746055574.357,54.40063762664795
1746055574.584,54.62745714187622,1746055574.584,54.62745714187622,1746055574.584,54.62745714187622,1746055574.584,54.62745714187622
1746055574.854,54.89795422554016,1746055574.854,54.89795422554016,1746055574.854,54.89795422554016,1746055574.854,54.89795422554016
1746055575.119,55.162373304367065,1746055575.119,55.162373304367065,1746055575.119,55.162373304367065,1746055575.119,55.162373304367065
1746055575.368,55.41175985336304,1746055575.368,55.41175985336304,1746055575.368,55.41175985336304,1746055575.368,55.41175985336304
1746055575.627,55.67083191871643,1746055575.627,55.67083191871643,1746055575.627,55.67083191871643,1746055575.627,55.67083191871643
1746055575.906,55.95002865791321,1746055575.906,55.95002865791321,1746055575.906,55.95002865791321,1746055575.906,55.95002865791321
1746055576.154,56.197913646698,1746055576.154,56.197913646698,1746055576.154,56.197913646698,1746055576.154,56.197913646698
1746055576.388,56.431870460510254,1746055576.388,56.431870460510254,1746055576.388,56.431870460510254,1746055576.388,56.431870460510254
1746055576.636,56.67920184135437,1746055576.636,56.67920184135437,1746055576.636,56.67920184135437,1746055576.636,56.67920184135437
1746055576.884,56.928075075149536,1746055576.884,56.928075075149536,1746055576.884,56.928075075149536,1746055576.884,56.928075075149536
1746055577.149,57.19298195838928,1746055577.149,57.19298195838928,1746055577.149,57.19298195838928,1746055577.149,57.19298195838928
1746055577.386,57.42990565299988,1746055577.386,57.42990565299988,1746055577.386,57.42990565299988,1746055577.386,57.42990565299988
1746055577.647,57.690906047821045,1746055577.647,57.690906047821045,1746055577.647,57.690906047821045,1746055577.647,57.690906047821045
1746055577.907,57.95090460777283,1746055577.907,57.95090460777283,1746055577.907,57.95090460777283,1746055577.907,57.95090460777283
1746055578.172,58.21590447425842,1746055578.172,58.21590447425842,1746055578.172,58.21590447425842,1746055578.172,58.21590447425842
1746055578.421,58.464771032333374,1746055578.421,58.464771032333374,1746055578.421,58.464771032333374,1746055578.421,58.464771032333374
1746055578.669,58.71277070045471,1746055578.669,58.71277070045471,1746055578.669,58.71277070045471,1746055578.669,58.71277070045471
1746055578.933,58.97677135467529,1746055578.933,58.97677135467529,1746055578.933,58.97677135467529,1746055578.933,58.97677135467529
1746055579.18,59.224015951156616,1746055579.18,59.224015951156616,1746055579.18,59.224015951156616,1746055579.18,59.224015951156616
1746055579.414,59.45802903175354,1746055579.414,59.45802903175354,1746055579.414,59.45802903175354,1746055579.414,59.45802903175354
1746055579.675,59.71870017051697,1746055579.675,59.71870017051697,1746055579.675,59.71870017051697,1746055579.675,59.71870017051697
1746055579.924,59.96745777130127,1746055579.924,59.96745777130127,1746055579.924,59.96745777130127,1746055579.924,59.96745777130127
1746055580.187,60.23077654838562,1746055580.187,60.23077654838562,1746055580.187,60.23077654838562,1746055580.187,60.23077654838562
1746055580.428,60.47115230560303,1746055580.428,60.47115230560303,1746055580.428,60.47115230560303,1746055580.428,60.47115230560303
1746055580.681,60.72508192062378,1746055580.681,60.72508192062378,1746055580.681,60.72508192062378,1746055580.681,60.72508192062378
1746055580.941,60.98445916175842,1746055580.941,60.98445916175842,1746055580.941,60.98445916175842,1746055580.941,60.98445916175842
1746055581.218,61.2615487575531,1746055581.218,61.2615487575531,1746055581.218,61.2615487575531,1746055581.218,61.2615487575531
1746055581.479,61.52233672142029,1746055581.479,61.52233672142029,1746055581.479,61.52233672142029,1746055581.479,61.52233672142029
1746055581.724,61.767603397369385,1746055581.724,61.767603397369385,1746055581.724,61.767603397369385,1746055581.724,61.767603397369385
1746055581.964,62.00720691680908,1746055581.964,62.00720691680908,1746055581.964,62.00720691680908,1746055581.964,62.00720691680908
1746055582.234,62.27801060676575,1746055582.234,62.27801060676575,1746055582.234,62.27801060676575,1746055582.234,62.27801060676575
1746055582.459,62.50221395492554,1746055582.459,62.50221395492554,1746055582.459,62.50221395492554,1746055582.459,62.50221395492554
1746055582.73,62.77319693565369,1746055582.73,62.77319693565369,1746055582.73,62.77319693565369,1746055582.73,62.77319693565369
1746055582.993,63.03632640838623,1746055582.993,63.03632640838623,1746055582.993,63.03632640838623,1746055582.993,63.03632640838623
1746055583.254,63.29778695106506,1746055583.254,63.29778695106506,1746055583.254,63.29778695106506,1746055583.254,63.29778695106506
1746055583.516,63.55959463119507,1746055583.516,63.55959463119507,1746055583.516,63.55959463119507,1746055583.516,63.55959463119507
1746055583.78,63.82399320602417,1746055583.78,63.82399320602417,1746055583.78,63.82399320602417,1746055583.78,63.82399320602417
1746055584.031,64.07484817504883,1746055584.031,64.07484817504883,1746055584.031,64.07484817504883,1746055584.031,64.07484817504883
1746055584.276,64.31977844238281,1746055584.276,64.31977844238281,1746055584.276,64.31977844238281,1746055584.276,64.31977844238281
1746055584.538,64.58205509185791,1746055584.538,64.58205509185791,1746055584.538,64.58205509185791,1746055584.538,64.58205509185791
1746055584.79,64.8337755203247,1746055584.79,64.8337755203247,1746055584.79,64.8337755203247,1746055584.79,64.8337755203247
1746055585.052,65.09577536582947,1746055585.052,65.09577536582947,1746055585.052,65.09577536582947,1746055585.052,65.09577536582947
1746055585.314,65.35777616500854,1746055585.314,65.35777616500854,1746055585.314,65.35777616500854,1746055585.314,65.35777616500854
1746055585.593,65.63674592971802,1746055585.593,65.63674592971802,1746055585.593,65.63674592971802,1746055585.593,65.63674592971802
1746055585.857,65.90074706077576,1746055585.857,65.90074706077576,1746055585.857,65.90074706077576,1746055585.857,65.90074706077576
1746055586.122,66.16577172279358,1746055586.122,66.16577172279358,1746055586.122,66.16577172279358,1746055586.122,66.16577172279358
1746055586.368,66.41167545318604,1746055586.368,66.41167545318604,1746055586.368,66.41167545318604,1746055586.368,66.41167545318604
1746055586.616,66.65967679023743,1746055586.616,66.65967679023743,1746055586.616,66.65967679023743,1746055586.616,66.65967679023743
1746055586.879,66.92264127731323,1746055586.879,66.92264127731323,1746055586.879,66.92264127731323,1746055586.879,66.92264127731323
1746055587.128,67.17156505584717,1746055587.128,67.17156505584717,1746055587.128,67.17156505584717,1746055587.128,67.17156505584717
1746055587.393,67.43666958808899,1746055587.393,67.43666958808899,1746055587.393,67.43666958808899,1746055587.393,67.43666958808899
1746055587.671,67.71498894691467,1746055587.671,67.71498894691467,1746055587.671,67.71498894691467,1746055587.671,67.71498894691467
1746055587.934,67.9771478176117,1746055587.934,67.9771478176117,1746055587.934,67.9771478176117,1746055587.934,67.9771478176117
1746055588.183,68.22642183303833,1746055588.183,68.22642183303833,1746055588.183,68.22642183303833,1746055588.183,68.22642183303833
1746055588.443,68.48703956604004,1746055588.443,68.48703956604004,1746055588.443,68.48703956604004,1746055588.443,68.48703956604004
1746055588.703,68.7466402053833,1746055588.703,68.7466402053833,1746055588.703,68.7466402053833,1746055588.703,68.7466402053833
1746055588.967,69.01014852523804,1746055588.967,69.01014852523804,1746055588.967,69.01014852523804,1746055588.967,69.01014852523804
1746055589.23,69.27327919006348,1746055589.23,69.27327919006348,1746055589.23,69.27327919006348,1746055589.23,69.27327919006348
1746055589.494,69.53724908828735,1746055589.494,69.53724908828735,1746055589.494,69.53724908828735,1746055589.494,69.53724908828735
1746055589.758,69.80148482322693,1746055589.758,69.80148482322693,1746055589.758,69.80148482322693,1746055589.758,69.80148482322693
1746055590.02,70.06411337852478,1746055590.02,70.06411337852478,1746055590.02,70.06411337852478,1746055590.02,70.06411337852478
1746055590.284,70.32781028747559,1746055590.284,70.32781028747559,1746055590.284,70.32781028747559,1746055590.284,70.32781028747559
1746055590.535,70.57860994338989,1746055590.535,70.57860994338989,1746055590.535,70.57860994338989,1746055590.535,70.57860994338989
1746055590.802,70.84518647193909,1746055590.802,70.84518647193909,1746055590.802,70.84518647193909,1746055590.802,70.84518647193909
1746055591.073,71.11633658409119,1746055591.073,71.11633658409119,1746055591.073,71.11633658409119,1746055591.073,71.11633658409119
1746055591.337,71.38087034225464,1746055591.337,71.38087034225464,1746055591.337,71.38087034225464,1746055591.337,71.38087034225464
1746055591.6,71.64329528808594,1746055591.6,71.64329528808594,1746055591.6,71.64329528808594,1746055591.6,71.64329528808594
1746055591.861,71.90423059463501,1746055591.861,71.90423059463501,1746055591.861,71.90423059463501,1746055591.861,71.90423059463501
1746055592.111,72.15419220924377,1746055592.111,72.15419220924377,1746055592.111,72.15419220924377,1746055592.111,72.15419220924377
1746055592.374,72.41783666610718,1746055592.374,72.41783666610718,1746055592.374,72.41783666610718,1746055592.374,72.41783666610718
1746055592.622,72.66560554504395,1746055592.622,72.66560554504395,1746055592.622,72.66560554504395,1746055592.622,72.66560554504395
1746055592.885,72.92851519584656,1746055592.885,72.92851519584656,1746055592.885,72.92851519584656,1746055592.885,72.92851519584656
1746055593.15,73.19410562515259,1746055593.15,73.19410562515259,1746055593.15,73.19410562515259,1746055593.15,73.19410562515259
1746055593.415,73.45901823043823,1746055593.415,73.45901823043823,1746055593.415,73.45901823043823,1746055593.415,73.45901823043823
1746055593.68,73.7235414981842,1746055593.68,73.7235414981842,1746055593.68,73.7235414981842,1746055593.68,73.7235414981842
1746055593.943,73.98659896850586,1746055593.943,73.98659896850586,1746055593.943,73.98659896850586,1746055593.943,73.98659896850586
1746055594.207,74.25027775764465,1746055594.207,74.25027775764465,1746055594.207,74.25027775764465,1746055594.207,74.25027775764465
1746055594.473,74.51625442504883,1746055594.473,74.51625442504883,1746055594.473,74.51625442504883,1746055594.473,74.51625442504883
1746055594.749,74.79256415367126,1746055594.749,74.79256415367126,1746055594.749,74.79256415367126,1746055594.749,74.79256415367126
1746055594.998,75.04211378097534,1746055594.998,75.04211378097534,1746055594.998,75.04211378097534,1746055594.998,75.04211378097534
1746055595.261,75.30513453483582,1746055595.261,75.30513453483582,1746055595.261,75.30513453483582,1746055595.261,75.30513453483582
1746055595.528,75.57118391990662,1746055595.528,75.57118391990662,1746055595.528,75.57118391990662,1746055595.528,75.57118391990662
1746055595.789,75.8330729007721,1746055595.789,75.8330729007721,1746055595.789,75.8330729007721,1746055595.789,75.8330729007721
1746055596.053,76.09652614593506,1746055596.053,76.09652614593506,1746055596.053,76.09652614593506,1746055596.053,76.09652614593506
1746055596.301,76.34458112716675,1746055596.301,76.34458112716675,1746055596.301,76.34458112716675,1746055596.301,76.34458112716675
1746055596.55,76.59357929229736,1746055596.55,76.59357929229736,1746055596.55,76.59357929229736,1746055596.55,76.59357929229736
1746055596.799,76.84258341789246,1746055596.799,76.84258341789246,1746055596.799,76.84258341789246,1746055596.799,76.84258341789246
1746055597.064,77.10757875442505,1746055597.064,77.10757875442505,1746055597.064,77.10757875442505,1746055597.064,77.10757875442505
1746055597.313,77.35658168792725,1746055597.313,77.35658168792725,1746055597.313,77.35658168792725,1746055597.313,77.35658168792725
1746055597.577,77.62058448791504,1746055597.577,77.62058448791504,1746055597.577,77.62058448791504,1746055597.577,77.62058448791504
1746055597.822,77.86554646492004,1746055597.822,77.86554646492004,1746055597.822,77.86554646492004,1746055597.822,77.86554646492004
1746055598.091,78.13507843017578,1746055598.091,78.13507843017578,1746055598.091,78.13507843017578,1746055598.091,78.13507843017578
1746055598.357,78.40073561668396,1746055598.357,78.40073561668396,1746055598.357,78.40073561668396,1746055598.357,78.40073561668396
1746055598.619,78.66273760795593,1746055598.619,78.66273760795593,1746055598.619,78.66273760795593,1746055598.619,78.66273760795593
1746055598.882,78.92518258094788,1746055598.882,78.92518258094788,1746055598.882,78.92518258094788,1746055598.882,78.92518258094788
1746055599.13,79.17373061180115,1746055599.13,79.17373061180115,1746055599.13,79.17373061180115,1746055599.13,79.17373061180115
1746055599.395,79.43884873390198,1746055599.395,79.43884873390198,1746055599.395,79.43884873390198,1746055599.395,79.43884873390198
1746055599.631,79.67423009872437,1746055599.631,79.67423009872437,1746055599.631,79.67423009872437,1746055599.631,79.67423009872437
1746055599.878,79.92169308662415,1746055599.878,79.92169308662415,1746055599.878,79.92169308662415,1746055599.878,79.92169308662415
1746055600.154,80.19784951210022,1746055600.154,80.19784951210022,1746055600.154,80.19784951210022,1746055600.154,80.19784951210022
1746055600.418,80.46206283569336,1746055600.418,80.46206283569336,1746055600.418,80.46206283569336,1746055600.418,80.46206283569336
1746055600.679,80.72299265861511,1746055600.679,80.72299265861511,1746055600.679,80.72299265861511,1746055600.679,80.72299265861511
1746055600.942,80.98585820198059,1746055600.942,80.98585820198059,1746055600.942,80.98585820198059,1746055600.942,80.98585820198059
1746055601.207,81.25048971176147,1746055601.207,81.25048971176147,1746055601.207,81.25048971176147,1746055601.207,81.25048971176147
1746055601.486,81.52992296218872,1746055601.486,81.52992296218872,1746055601.486,81.52992296218872,1746055601.486,81.52992296218872
1746055601.765,81.8082320690155,1746055601.765,81.8082320690155,1746055601.765,81.8082320690155,1746055601.765,81.8082320690155
1746055602.013,82.05689024925232,1746055602.013,82.05689024925232,1746055602.013,82.05689024925232,1746055602.013,82.05689024925232
1746055602.278,82.32159066200256,1746055602.278,82.32159066200256,1746055602.278,82.32159066200256,1746055602.278,82.32159066200256
1746055602.544,82.58716177940369,1746055602.544,82.58716177940369,1746055602.544,82.58716177940369,1746055602.544,82.58716177940369
1746055602.791,82.83499336242676,1746055602.791,82.83499336242676,1746055602.791,82.83499336242676,1746055602.791,82.83499336242676
1746055603.054,83.0976493358612,1746055603.054,83.0976493358612,1746055603.054,83.0976493358612,1746055603.054,83.0976493358612
1746055603.305,83.3488380908966,1746055603.305,83.3488380908966,1746055603.305,83.3488380908966,1746055603.305,83.3488380908966
1746055603.57,83.61334347724915,1746055603.57,83.61334347724915,1746055603.57,83.61334347724915,1746055603.57,83.61334347724915
1746055603.83,83.87320899963379,1746055603.83,83.87320899963379,1746055603.83,83.87320899963379,1746055603.83,83.87320899963379
1746055604.093,84.13690280914307,1746055604.093,84.13690280914307,1746055604.093,84.13690280914307,1746055604.093,84.13690280914307
1746055604.342,84.3854193687439,1746055604.342,84.3854193687439,1746055604.342,84.3854193687439,1746055604.342,84.3854193687439
1746055604.604,84.6477952003479,1746055604.604,84.6477952003479,1746055604.604,84.6477952003479,1746055604.604,84.6477952003479
1746055604.866,84.90955948829651,1746055604.866,84.90955948829651,1746055604.866,84.90955948829651,1746055604.866,84.90955948829651
1746055605.129,85.17276787757874,1746055605.129,85.17276787757874,1746055605.129,85.17276787757874,1746055605.129,85.17276787757874
1746055605.394,85.43732404708862,1746055605.394,85.43732404708862,1746055605.394,85.43732404708862,1746055605.394,85.43732404708862
1746055605.659,85.70286774635315,1746055605.659,85.70286774635315,1746055605.659,85.70286774635315,1746055605.659,85.70286774635315
1746055605.921,85.96443295478821,1746055605.921,85.96443295478821,1746055605.921,85.96443295478821,1746055605.921,85.96443295478821
1746055606.183,86.22634100914001,1746055606.183,86.22634100914001,1746055606.183,86.22634100914001,1746055606.183,86.22634100914001
1746055606.443,86.48695182800293,1746055606.443,86.48695182800293,1746055606.443,86.48695182800293,1746055606.443,86.48695182800293
1746055606.703,86.74709868431091,1746055606.703,86.74709868431091,1746055606.703,86.74709868431091,1746055606.703,86.74709868431091
1746055606.963,87.00683808326721,1746055606.963,87.00683808326721,1746055606.963,87.00683808326721,1746055606.963,87.00683808326721
1746055607.223,87.26683855056763,1746055607.223,87.26683855056763,1746055607.223,87.26683855056763,1746055607.223,87.26683855056763
1746055607.488,87.53193783760071,1746055607.488,87.53193783760071,1746055607.488,87.53193783760071,1746055607.488,87.53193783760071
1746055607.753,87.79712772369385,1746055607.753,87.79712772369385,1746055607.753,87.79712772369385,1746055607.753,87.79712772369385
1746055608.004,88.04729723930359,1746055608.004,88.04729723930359,1746055608.004,88.04729723930359,1746055608.004,88.04729723930359
1746055608.252,88.29524183273315,1746055608.252,88.29524183273315,1746055608.252,88.29524183273315,1746055608.252,88.29524183273315
1746055608.515,88.5581419467926,1746055608.515,88.5581419467926,1746055608.515,88.5581419467926,1746055608.515,88.5581419467926
1746055608.768,88.81154775619507,1746055608.768,88.81154775619507,1746055608.768,88.81154775619507,1746055608.768,88.81154775619507
1746055609.018,89.06154942512512,1746055609.018,89.06154942512512,1746055609.018,89.06154942512512,1746055609.018,89.06154942512512
1746055609.292,89.33551740646362,1746055609.292,89.33551740646362,1746055609.292,89.33551740646362,1746055609.292,89.33551740646362
1746055609.556,89.59948635101318,1746055609.556,89.59948635101318,1746055609.556,89.59948635101318,1746055609.556,89.59948635101318
1746055609.791,89.83463072776794,1746055609.791,89.83463072776794,1746055609.791,89.83463072776794,1746055609.791,89.83463072776794
1746055610.037,90.08042502403259,1746055610.037,90.08042502403259,1746055610.037,90.08042502403259,1746055610.037,90.08042502403259
1746055610.285,90.32898736000061,1746055610.285,90.32898736000061,1746055610.285,90.32898736000061,1746055610.285,90.32898736000061
1746055610.55,90.5934886932373,1746055610.55,90.5934886932373,1746055610.55,90.5934886932373,1746055610.55,90.5934886932373
1746055610.787,90.83028888702393,1746055610.787,90.83028888702393,1746055610.787,90.83028888702393,1746055610.787,90.83028888702393
1746055611.048,91.09130358695984,1746055611.048,91.09130358695984,1746055611.048,91.09130358695984,1746055611.048,91.09130358695984
1746055611.309,91.35229659080505,1746055611.309,91.35229659080505,1746055611.309,91.35229659080505,1746055611.309,91.35229659080505
1746055611.57,91.61396646499634,1746055611.57,91.61396646499634,1746055611.57,91.61396646499634,1746055611.57,91.61396646499634
1746055611.831,91.87507796287537,1746055611.831,91.87507796287537,1746055611.831,91.87507796287537,1746055611.831,91.87507796287537
1746055612.094,92.1380136013031,1746055612.094,92.1380136013031,1746055612.094,92.1380136013031,1746055612.094,92.1380136013031
1746055612.359,92.40292167663574,1746055612.359,92.40292167663574,1746055612.359,92.40292167663574,1746055612.359,92.40292167663574
1746055612.623,92.66686201095581,1746055612.623,92.66686201095581,1746055612.623,92.66686201095581,1746055612.623,92.66686201095581
1746055612.873,92.91668581962585,1746055612.873,92.91668581962585,1746055612.873,92.91668581962585,1746055612.873,92.91668581962585
1746055613.123,93.16695261001587,1746055613.123,93.16695261001587,1746055613.123,93.16695261001587,1746055613.123,93.16695261001587
1746055613.391,93.43438506126404,1746055613.391,93.43438506126404,1746055613.391,93.43438506126404,1746055613.391,93.43438506126404
1746055613.653,93.69638466835022,1746055613.653,93.69638466835022,1746055613.653,93.69638466835022,1746055613.653,93.69638466835022
1746055613.915,93.95838475227356,1746055613.915,93.95838475227356,1746055613.915,93.95838475227356,1746055613.915,93.95838475227356
1746055614.167,94.2103853225708,1746055614.167,94.2103853225708,1746055614.167,94.2103853225708,1746055614.167,94.2103853225708
1746055614.429,94.4723846912384,1746055614.429,94.4723846912384,1746055614.429,94.4723846912384,1746055614.429,94.4723846912384
1746055614.677,94.72038507461548,1746055614.677,94.72038507461548,1746055614.677,94.72038507461548,1746055614.677,94.72038507461548
1746055614.941,94.98430013656616,1746055614.941,94.98430013656616,1746055614.941,94.98430013656616,1746055614.941,94.98430013656616
1746055615.207,95.25033569335938,1746055615.207,95.25033569335938,1746055615.207,95.25033569335938,1746055615.207,95.25033569335938
1746055615.471,95.51430034637451,1746055615.471,95.51430034637451,1746055615.471,95.51430034637451,1746055615.471,95.51430034637451
1746055615.748,95.7919499874115,1746055615.748,95.7919499874115,1746055615.748,95.7919499874115,1746055615.748,95.7919499874115
1746055616.011,96.05489492416382,1746055616.011,96.05489492416382,1746055616.011,96.05489492416382,1746055616.011,96.05489492416382
1746055616.274,96.31812381744385,1746055616.274,96.31812381744385,1746055616.274,96.31812381744385,1746055616.274,96.31812381744385
1746055616.536,96.57983684539795,1746055616.536,96.57983684539795,1746055616.536,96.57983684539795,1746055616.536,96.57983684539795
1746055616.812,96.85522055625916,1746055616.812,96.85522055625916,1746055616.812,96.85522055625916,1746055616.812,96.85522055625916
1746055617.062,97.10523295402527,1746055617.062,97.10523295402527,1746055617.062,97.10523295402527,1746055617.062,97.10523295402527
1746055617.307,97.35069394111633,1746055617.307,97.35069394111633,1746055617.307,97.35069394111633,1746055617.307,97.35069394111633
